3.120000000000000107e+00 -2.568668846153845942e-01
3.125000000000000000e+00 -2.585759999999999725e-01
3.129999999999999893e+00 -2.597858871548619497e-01
3.134999999999999787e+00 -2.606406290516206092e-01
3.139999999999999680e+00 -2.619223165467624570e-01
3.144999999999999574e+00 -2.636328846153844219e-01
3.149999999999999467e+00 -2.653409999999998270e-01
3.154999999999999361e+00 -2.669078871548618004e-01
3.159999999999999254e+00 -2.677626290516205154e-01
3.164999999999999147e+00 -2.688302877697839599e-01
3.169999999999999041e+00 -2.709686274038456411e-01
3.174999999999998934e+00 -2.728189999999997006e-01
3.179999999999998828e+00 -2.745285535285642009e-01
3.184999999999998721e+00 -2.762381070571287567e-01
3.189999999999998614e+00 -2.779476605856932570e-01
3.194999999999998508e+00 -2.796572141142578127e-01
3.199999999999998401e+00 -2.813649999999993656e-01
3.204999999999998295e+00 -2.822197418967583582e-01
3.209999999999998188e+00 -2.832171127098316865e-01
3.214999999999998082e+00 -2.849251462829727743e-01
3.219999999999997975e+00 -2.867778846153839489e-01
3.224999999999997868e+00 -2.875964999999997551e-01
3.229999999999997762e+00 -2.884151153846146731e-01
3.234999999999997655e+00 -2.901252829736203354e-01
3.239999999999997549e+00 -2.918333165467617563e-01
3.244999999999997442e+00 -2.928309435774306690e-01
3.249999999999997335e+00 -2.934719999999996776e-01
3.254999999999997229e+00 -2.951801153846144721e-01
3.259999999999997122e+00 -2.968906834532363814e-01
3.264999999999997016e+00 -2.985987170263778578e-01
3.269999999999996909e+00 -2.998331351999993788e-01
3.274999999999996803e+00 -3.008303351999993547e-01
3.279999999999996696e+00 -3.019461153846142443e-01
3.284999999999996589e+00 -3.032998561151075134e-01
3.289999999999996483e+00 -3.039401438848916559e-01
3.294999999999996376e+00 -3.047236578631446480e-01
3.299999999999996270e+00 -3.055789999999993789e-01
3.304999999999996163e+00 -3.071094153661459991e-01
3.309999999999996056e+00 -3.077504717887149521e-01
3.314999999999995950e+00 -3.089253165467612527e-01
3.319999999999995843e+00 -3.100652581032405930e-01
3.324999999999995737e+00 -3.109199999999991970e-01
3.329999999999995630e+00 -3.121298871548611742e-01
3.334999999999995524e+00 -3.129846290516198892e-01
3.339999999999995417e+00 -3.137328283313319810e-01
3.344999999999995310e+00 -3.143744849939970054e-01
3.349999999999995204e+00 -3.151929999999992238e-01
3.354999999999995097e+00 -3.161891153846137503e-01
3.359999999999994991e+00 -3.176959763455594055e-01
3.364999999999994884e+00 -3.187947079190938671e-01
3.369999999999994778e+00 -3.198934394926282732e-01
3.374999999999994671e+00 -3.209921710661626792e-01
3.379999999999994564e+00 -3.220909026396970853e-01
3.384999999999994458e+00 -3.231896342132315469e-01
3.389999999999994351e+00 -3.240595282112837539e-01
3.394999999999994245e+00 -3.247005846338528179e-01
3.399999999999994138e+00 -3.255189999999990036e-01
3.404999999999994031e+00 -3.263375150060016106e-01
3.409999999999993925e+00 -3.269791716686666350e-01
3.414999999999993818e+00 -3.277273709483782826e-01
3.419999999999993712e+00 -3.285821128451369977e-01
3.424999999999993605e+00 -3.290802847999994563e-01
3.429999999999993499e+00 -3.295074847999994172e-01
3.434999999999993392e+00 -3.300060563549152004e-01
3.439999999999993285e+00 -3.306469436450830690e-01
3.444999999999993179e+00 -3.313590513051295483e-01
3.449999999999993072e+00 -3.321068760876077497e-01
3.454999999999992966e+00 -3.328547008700859511e-01
3.459999999999992859e+00 -3.336025256525642080e-01
3.464999999999992752e+00 -3.343503504350424094e-01
3.469999999999992646e+00 -3.350981752175206108e-01
3.474999999999992539e+00 -3.358459999999988677e-01
3.479999999999992433e+00 -3.364870564225680427e-01
3.484999999999992326e+00 -3.370091231999995385e-01
3.489999999999992220e+00 -3.372939231999995124e-01
3.494999999999992113e+00 -3.375787231999995419e-01
3.499999999999992006e+00 -3.381599999999989614e-01
3.504999999999991900e+00 -3.387886199999990966e-01
3.509999999999991793e+00 -3.393586199999990560e-01
3.514999999999991687e+00 -3.399286199999990710e-01
3.519999999999991580e+00 -3.404036290516199159e-01
3.524999999999991473e+00 -3.408309999999992734e-01
3.529999999999991367e+00 -3.414005999999989993e-01
3.534999999999991260e+00 -3.419701999999990027e-01
3.539999999999991154e+00 -3.424686854741889053e-01
3.544999999999991047e+00 -3.428960564225682628e-01
3.549999999999990941e+00 -3.433236183999992530e-01
3.554999999999990834e+00 -3.437512183999992255e-01
3.559999999999990727e+00 -3.441311231999994447e-01
3.564999999999990621e+00 -3.444159231999994741e-01
3.569999999999990514e+00 -3.447007231999994481e-01
3.574999999999990408e+00 -3.451042847999991614e-01
3.579999999999990301e+00 -3.455314847999991779e-01
3.584999999999990195e+00 -3.459111231999994485e-01
3.589999999999990088e+00 -3.461959231999994224e-01
3.594999999999989981e+00 -3.464807231999994519e-01
3.599999999999989875e+00 -3.467061067786438300e-01
3.604999999999989768e+00 -3.469196640671861065e-01
3.609999999999989662e+00 -3.471332213557284385e-01
3.614999999999989555e+00 -3.473825999999994307e-01
3.619999999999989448e+00 -3.476677999999994162e-01
3.624999999999989342e+00 -3.479529999999994017e-01
3.629999999999989235e+00 -3.481665572885418447e-01
3.634999999999989129e+00 -3.483801145770841212e-01
3.639999999999989022e+00 -3.485936718656263977e-01
3.644999999999988916e+00 -3.488546767999993747e-01
3.649999999999988809e+00 -3.491394767999993487e-01
3.654999999999988702e+00 -3.494124717887149845e-01
3.659999999999988596e+00 -3.496261572629046355e-01
3.664999999999988489e+00 -3.498398427370943420e-01
3.669999999999988383e+00 -3.500535282112839930e-01
3.674999999999988276e+00 -3.503265231999992957e-01
3.679999999999988169e+00 -3.506113231999992697e-01
3.684999999999988063e+00 -3.508723281343725797e-01
3.689999999999987956e+00 -3.510858854229149117e-01
3.694999999999987850e+00 -3.512994427114571883e-01
3.699999999999987743e+00 -3.515129999999994648e-01
3.704999999999987637e+00 -3.516553999999996738e-01
3.709999999999987530e+00 -3.517977999999996608e-01
3.714999999999987423e+00 -3.519225392921412898e-01
3.719999999999987317e+00 -3.520296178764244499e-01
3.724999999999987210e+00 -3.521366964607075545e-01
3.729999999999987104e+00 -3.522437358943574792e-01
3.734999999999986997e+00 -3.523505786314523047e-01
3.739999999999986890e+00 -3.524574213685471302e-01
3.744999999999986784e+00 -3.525642641056419557e-01
3.749999999999986677e+00 -3.526710533893218646e-01
3.754999999999986571e+00 -3.527778320335929751e-01
3.759999999999986464e+00 -3.528846106778640856e-01
3.764999999999986358e+00 -3.529913893221352517e-01
3.769999999999986251e+00 -3.530981679664064177e-01
3.774999999999986144e+00 -3.532049466106775837e-01
3.779999999999986038e+00 -3.532703616000004154e-01
3.784999999999985931e+00 -3.531279616000003729e-01
3.789999999999985825e+00 -3.529855616000003860e-01
3.794999999999985718e+00 -3.529379999999999740e-01
3.799999999999985612e+00 -3.529379999999999740e-01
3.804999999999985505e+00 -3.529379999999999740e-01
3.809999999999985398e+00 -3.529379999999999740e-01
3.814999999999985292e+00 -3.529379999999999740e-01
3.819999999999985185e+00 -3.529379999999999740e-01
3.824999999999985079e+00 -3.529379999999999740e-01
3.829999999999984972e+00 -3.529379999999999740e-01
3.834999999999984865e+00 -3.529379999999999740e-01
3.839999999999984759e+00 -3.529379999999999740e-01
3.844999999999984652e+00 -3.529379999999999740e-01
3.849999999999984546e+00 -3.529379999999999740e-01
3.854999999999984439e+00 -3.529379999999999740e-01
3.859999999999984333e+00 -3.529023359328137266e-01
3.864999999999984226e+00 -3.527955572885426161e-01
3.869999999999984119e+00 -3.526887786442715056e-01
3.874999999999984013e+00 -3.525820000000003396e-01
3.879999999999983906e+00 -3.524752213557291736e-01
3.884999999999983800e+00 -3.523684427114580631e-01
3.889999999999983693e+00 -3.522616640671868971e-01
3.894999999999983586e+00 -3.521546428571432075e-01
3.899999999999983480e+00 -3.520475000000003463e-01
3.904999999999983373e+00 -3.519403571428574851e-01
3.909999999999983267e+00 -3.518689999999999873e-01
3.914999999999983160e+00 -3.518689999999999873e-01
3.919999999999983054e+00 -3.518689999999999873e-01
3.924999999999982947e+00 -3.518689999999999873e-01
3.929999999999982840e+00 -3.517266000000005000e-01
3.934999999999982734e+00 -3.515842000000005130e-01
3.939999999999982627e+00 -3.514062213557296310e-01
3.944999999999982521e+00 -3.511926640671872990e-01
3.949999999999982414e+00 -3.509791067786450225e-01
3.954999999999982307e+00 -3.507832641056425893e-01
3.959999999999982201e+00 -3.506764213685477638e-01
3.964999999999982094e+00 -3.505695786314529383e-01
3.969999999999981988e+00 -3.504627358943581128e-01
3.974999999999981881e+00 -3.503559466106782594e-01
3.979999999999981775e+00 -3.502491679664070934e-01
3.984999999999981668e+00 -3.501423893221359274e-01
3.989999999999981561e+00 -3.500356106778648169e-01
3.994999999999981455e+00 -3.499288320335936509e-01
3.999999999999981348e+00 -3.498220533893225404e-01
4.004999999999981242e+00 -3.497093616000005456e-01
4.009999999999981135e+00 -3.495669616000005586e-01
4.014999999999981029e+00 -3.494245616000005716e-01
4.019999999999980922e+00 -3.492346854741905093e-01
4.024999999999980815e+00 -3.490210000000008583e-01
4.029999999999980709e+00 -3.488073145258111518e-01
4.034999999999980602e+00 -3.486293359328138663e-01
4.039999999999980496e+00 -3.485225572885427003e-01
4.044999999999980389e+00 -3.484157786442715343e-01
4.049999999999980282e+00 -3.483090000000004238e-01
4.054999999999980176e+00 -3.480238000000011045e-01
4.059999999999980069e+00 -3.477386000000011190e-01
4.064999999999979963e+00 -3.474892213557297382e-01
4.069999999999979856e+00 -3.472756640671874617e-01
4.074999999999979750e+00 -3.470621067786451852e-01
4.079999999999979643e+00 -3.468662641056427520e-01
4.084999999999979536e+00 -3.467594213685478710e-01
4.089999999999979430e+00 -3.466525786314530455e-01
4.094999999999979323e+00 -3.465457358943582200e-01
4.099999999999979217e+00 -3.462904768000011901e-01
4.104999999999979110e+00 -3.460056768000011607e-01
4.109999999999979003e+00 -3.457803359328138759e-01
4.114999999999978897e+00 -3.456735572885427654e-01
4.119999999999978790e+00 -3.455667786442715994e-01
4.124999999999978684e+00 -3.454600000000004334e-01
4.129999999999978577e+00 -3.453176000000006129e-01
4.134999999999978471e+00 -3.451752000000006260e-01
4.139999999999978364e+00 -3.449972213557297995e-01
4.144999999999978257e+00 -3.447836640671874675e-01
4.149999999999978151e+00 -3.445701067786451910e-01
4.154999999999978044e+00 -3.443565282112854287e-01
4.159999999999977938e+00 -3.441428427370957221e-01
4.164999999999977831e+00 -3.439291572629060711e-01
4.169999999999977724e+00 -3.437154717887164201e-01
4.174999999999977618e+00 -3.434421432000012708e-01
4.179999999999977511e+00 -3.431569432000012854e-01
4.184999999999977405e+00 -3.429313359328139410e-01
4.189999999999977298e+00 -3.428245572885427750e-01
4.194999999999977192e+00 -3.427177786442716645e-01
4.199999999999977085e+00 -3.426110000000004985e-01
4.204999999999976978e+00 -3.423262000000013017e-01
4.209999999999976872e+00 -3.420414000000013277e-01
4.214999999999976765e+00 -3.417922213557298416e-01
4.219999999999976659e+00 -3.415786640671875651e-01
4.224999999999976552e+00 -3.413651067786452886e-01
4.229999999999976446e+00 -3.411397232000013546e-01
4.234999999999976339e+00 -3.408549232000013807e-01
4.239999999999976232e+00 -3.405701232000014067e-01
4.244999999999976126e+00 -3.404038427370953968e-01
4.249999999999976019e+00 -3.402970000000005157e-01
4.254999999999975913e+00 -3.401901572629056902e-01
4.259999999999975806e+00 -3.400833359328139793e-01
4.264999999999975699e+00 -3.399765572885428133e-01
4.269999999999975593e+00 -3.398697786442716473e-01
4.274999999999975486e+00 -3.397630000000005368e-01
4.279999999999975380e+00 -3.395491427714467658e-01
4.284999999999975273e+00 -3.393352855428924952e-01
4.289999999999975167e+00 -3.391214283143382247e-01
4.294999999999975060e+00 -3.388603232000014231e-01
4.299999999999974953e+00 -3.385755232000014492e-01
4.304999999999974847e+00 -3.383025282112855914e-01
4.309999999999974740e+00 -3.380888427370959404e-01
4.314999999999974634e+00 -3.378751572629062339e-01
4.319999999999974527e+00 -3.376614717887165829e-01
4.324999999999974420e+00 -3.373884768000014467e-01
4.329999999999974314e+00 -3.371036768000014727e-01
4.334999999999974207e+00 -3.368783359328139659e-01
4.339999999999974101e+00 -3.367715572885428554e-01
4.344999999999973994e+00 -3.366647786442716894e-01
4.349999999999973888e+00 -3.365580000000005789e-01
4.354999999999973781e+00 -3.362732000000014931e-01
4.359999999999973674e+00 -3.359884000000014637e-01
4.364999999999973568e+00 -3.357392213557299776e-01
4.369999999999973461e+00 -3.355256640671877011e-01
4.374999999999973355e+00 -3.353121067786454246e-01
4.379999999999973248e+00 -3.350866568000015477e-01
4.384999999999973141e+00 -3.348014568000015623e-01
4.389999999999973035e+00 -3.345162568000015768e-01
4.394999999999972928e+00 -3.342786854741908731e-01
4.399999999999972822e+00 -3.340650000000011666e-01
4.404999999999972715e+00 -3.338513145258115156e-01
4.409999999999972609e+00 -3.336138768000015409e-01
4.414999999999972502e+00 -3.333290768000015669e-01
4.419999999999972395e+00 -3.330442768000015374e-01
4.424999999999972289e+00 -3.328188932213568818e-01
4.429999999999972182e+00 -3.326053359328146053e-01
4.434999999999972076e+00 -3.323917786442723288e-01
4.439999999999971969e+00 -3.321782213557300523e-01
4.444999999999971863e+00 -3.319646640671877758e-01
4.449999999999971756e+00 -3.317511067786454992e-01
4.454999999999971649e+00 -3.315493616000008137e-01
4.459999999999971543e+00 -3.314069616000008267e-01
4.464999999999971436e+00 -3.312645616000007842e-01
4.469999999999971330e+00 -3.310744855942389098e-01
4.474999999999971223e+00 -3.308605000000012231e-01
4.479999999999971116e+00 -3.306465144057635364e-01
4.484999999999971010e+00 -3.304088768000016385e-01
4.489999999999970903e+00 -3.301240768000016090e-01
4.494999999999970797e+00 -3.298392768000016351e-01
4.499999999999970690e+00 -3.296138932213569794e-01
4.504999999999970584e+00 -3.294003359328146474e-01
4.509999999999970477e+00 -3.291867786442723709e-01
4.514999999999970370e+00 -3.289376000000016620e-01
4.519999999999970264e+00 -3.286528000000016880e-01
4.524999999999970157e+00 -3.283680000000017141e-01
4.529999999999970051e+00 -3.283679999999999932e-01
4.534999999999969944e+00 -3.283679999999999932e-01
4.539999999999969837e+00 -3.282078320335951593e-01
4.544999999999969731e+00 -3.278874961007817723e-01
4.549999999999969624e+00 -3.275671601679683298e-01
4.554999999999969518e+00 -3.272527232000017050e-01
4.559999999999969411e+00 -3.269679232000017310e-01
4.564999999999969305e+00 -3.266831232000017571e-01
4.569999999999969198e+00 -3.265166428571434909e-01
4.574999999999969091e+00 -3.264095000000006297e-01
4.579999999999968985e+00 -3.263023571428578240e-01
4.584999999999968878e+00 -3.261358768000017783e-01
4.589999999999968772e+00 -3.258510768000018043e-01
4.594999999999968665e+00 -3.255662768000018303e-01
4.599999999999968558e+00 -3.253408932213570637e-01
4.604999999999968452e+00 -3.251273359328147872e-01
4.609999999999968345e+00 -3.249137786442725107e-01
4.614999999999968239e+00 -3.246646000000018017e-01
4.619999999999968132e+00 -3.243798000000018278e-01
4.624999999999968026e+00 -3.240950000000018538e-01
4.629999999999967919e+00 -3.238814427114590777e-01
4.634999999999967812e+00 -3.236678854229168012e-01
4.639999999999967706e+00 -3.234543281343745247e-01
4.644999999999967599e+00 -3.233118427370955117e-01
4.649999999999967493e+00 -3.232050000000006862e-01
4.654999999999967386e+00 -3.230981572629058607e-01
4.659999999999967280e+00 -3.229318768000019046e-01
4.664999999999967173e+00 -3.226470768000018752e-01
4.669999999999967066e+00 -3.223622768000018457e-01
4.674999999999966960e+00 -3.221366430713871187e-01
4.679999999999966853e+00 -3.219227858428328481e-01
4.684999999999966747e+00 -3.217089286142785776e-01
4.689999999999966640e+00 -3.214596000000018994e-01
4.694999999999966533e+00 -3.211748000000019254e-01
4.699999999999966427e+00 -3.208900000000019515e-01
4.704999999999966320e+00 -3.207832213557295642e-01
4.709999999999966214e+00 -3.206764427114583982e-01
4.714999999999966107e+00 -3.205696640671872877e-01
4.719999999999966001e+00 -3.203916854741911124e-01
4.724999999999965894e+00 -3.201780000000014059e-01
4.729999999999965787e+00 -3.199643145258117549e-01
4.734999999999965681e+00 -3.197268768000019468e-01
4.739999999999965574e+00 -3.194420768000019173e-01
4.744999999999965468e+00 -3.191572768000019433e-01
4.749999999999965361e+00 -3.190209466106785907e-01
4.754999999999965254e+00 -3.189141679664074802e-01
4.759999999999965148e+00 -3.188073893221363142e-01
4.764999999999965041e+00 -3.186116000000019932e-01
4.769999999999964935e+00 -3.183268000000020193e-01
4.774999999999964828e+00 -3.180420000000019898e-01
4.779999999999964722e+00 -3.178281427714472196e-01
4.784999999999964615e+00 -3.176142855428929490e-01
4.789999999999964508e+00 -3.174004283143386784e-01
4.794999999999964402e+00 -3.172578427370956189e-01
4.799999999999964295e+00 -3.171510000000007934e-01
4.804999999999964189e+00 -3.170441572629059124e-01
4.809999999999964082e+00 -3.169254384000010361e-01
4.814999999999963975e+00 -3.167830384000009936e-01
4.819999999999963869e+00 -3.166406384000010066e-01
4.824999999999963762e+00 -3.164388932213572647e-01
4.829999999999963656e+00 -3.162253359328149882e-01
4.834999999999963549e+00 -3.160117786442727117e-01
4.839999999999963443e+00 -3.158516106778652133e-01
4.844999999999963336e+00 -3.157448320335940473e-01
4.849999999999963229e+00 -3.156380533893229368e-01
4.854999999999963123e+00 -3.155135282112860873e-01
4.859999999999963016e+00 -3.152998427370964363e-01
4.864999999999962910e+00 -3.150861572629067298e-01
4.869999999999962803e+00 -3.148724717887170232e-01
4.874999999999962697e+00 -3.147182384000010713e-01
4.879999999999962590e+00 -3.145758384000010843e-01
4.884999999999962483e+00 -3.144453359328142628e-01
4.889999999999962377e+00 -3.143385572885430967e-01
4.894999999999962270e+00 -3.142317786442719307e-01
4.899999999999962164e+00 -3.141250000000008202e-01
4.904999999999962057e+00 -3.138398000000021670e-01
4.909999999999961950e+00 -3.135546000000021816e-01
4.914999999999961844e+00 -3.133052213557304677e-01
4.919999999999961737e+00 -3.130916640671881912e-01
4.924999999999961631e+00 -3.128781067786459147e-01
4.929999999999961524e+00 -3.126822641056430374e-01
4.934999999999961418e+00 -3.125754213685482119e-01
4.939999999999961311e+00 -3.124685786314533864e-01
4.944999999999961204e+00 -3.123617358943585609e-01
4.949999999999961098e+00 -3.122549466106787075e-01
4.954999999999960991e+00 -3.121481679664075415e-01
4.959999999999960885e+00 -3.120413893221364310e-01
4.964999999999960778e+00 -3.118456000000022210e-01
4.969999999999960671e+00 -3.115608000000022471e-01
4.974999999999960565e+00 -3.112760000000022176e-01
4.979999999999960458e+00 -3.111692213557296638e-01
4.984999999999960352e+00 -3.110624427114585533e-01
4.989999999999960245e+00 -3.109556640671873873e-01
4.994999999999960139e+00 -3.107776854741913786e-01
4.999999999999960032e+00 -3.105640000000016721e-01
5.004999999999959925e+00 -3.103503145258120210e-01
5.009999999999959819e+00 -3.101604384000011261e-01
5.014999999999959712e+00 -3.100180384000011391e-01
5.019999999999959606e+00 -3.098756384000011521e-01
5.024999999999959499e+00 -3.097629466106787133e-01
5.029999999999959392e+00 -3.096561679664076028e-01
5.034999999999959286e+00 -3.095493893221364368e-01
5.039999999999959179e+00 -3.094424607078593015e-01
5.044999999999959073e+00 -3.093353821235761414e-01
5.049999999999958966e+00 -3.092283035392930368e-01
5.054999999999958860e+00 -3.091389999999999971e-01
5.059999999999958753e+00 -3.091389999999999971e-01
5.064999999999958646e+00 -3.091389999999999971e-01
5.069999999999958540e+00 -3.091389999999999971e-01
5.074999999999958433e+00 -3.090202384000011460e-01
5.079999999999958327e+00 -3.088778384000011590e-01
5.084999999999958220e+00 -3.087116718656286452e-01
5.089999999999958114e+00 -3.084981145770863686e-01
5.094999999999958007e+00 -3.082845572885440366e-01
5.099999999999957900e+00 -3.080710000000017601e-01
5.104999999999957794e+00 -3.079642213557297614e-01
5.109999999999957687e+00 -3.078574427114585954e-01
5.114999999999957581e+00 -3.077506640671874849e-01
5.119999999999957474e+00 -3.076438427370957740e-01
5.124999999999957367e+00 -3.075370000000008930e-01
5.129999999999957261e+00 -3.074301572629060675e-01
5.134999999999957154e+00 -3.073114384000011912e-01
5.139999999999957048e+00 -3.071690384000012597e-01
5.144999999999956941e+00 -3.070266384000012727e-01
5.149999999999956835e+00 -3.069139466106788339e-01
5.154999999999956728e+00 -3.068071679664076679e-01
5.159999999999956621e+00 -3.067003893221365018e-01
5.164999999999956515e+00 -3.065936106778653358e-01
5.169999999999956408e+00 -3.064868320335942253e-01
5.174999999999956302e+00 -3.063800533893230593e-01
5.179999999999956195e+00 -3.062732641056431504e-01
5.184999999999956088e+00 -3.061664213685483249e-01
5.189999999999955982e+00 -3.060595786314534994e-01
5.194999999999955875e+00 -3.059527358943586739e-01
5.199999999999955769e+00 -3.056974768000025322e-01
5.204999999999955662e+00 -3.054126768000025582e-01
5.209999999999955556e+00 -3.051872357528503943e-01
5.214999999999955449e+00 -3.050801571685672897e-01
5.219999999999955342e+00 -3.049730785842841296e-01
5.224999999999955236e+00 -3.048660000000009695e-01
5.229999999999955129e+00 -3.048660000000000259e-01
5.234999999999955023e+00 -3.048660000000000259e-01
5.239999999999954916e+00 -3.048660000000000259e-01
5.244999999999954809e+00 -3.047948427370958391e-01
5.249999999999954703e+00 -3.046880000000009581e-01
5.254999999999954596e+00 -3.045811572629061326e-01
5.259999999999954490e+00 -3.044743359328144217e-01
5.264999999999954383e+00 -3.043675572885432556e-01
5.269999999999954277e+00 -3.042607786442720896e-01
5.274999999999954170e+00 -3.041540000000009791e-01
5.279999999999954063e+00 -3.040116000000013252e-01
5.284999999999953957e+00 -3.038692000000013382e-01
5.289999999999953850e+00 -3.037446106778654009e-01
5.294999999999953744e+00 -3.036378320335942904e-01
5.299999999999953637e+00 -3.035310533893231244e-01
5.304999999999953531e+00 -3.034242641056432155e-01
5.309999999999953424e+00 -3.033174213685483900e-01
5.314999999999953317e+00 -3.032105786314535645e-01
5.319999999999953211e+00 -3.031037358943587390e-01
5.324999999999953104e+00 -3.030860000000000221e-01
5.329999999999952998e+00 -3.030860000000000221e-01
5.334999999999952891e+00 -3.030503359328144408e-01
5.339999999999952784e+00 -3.029435572885433303e-01
5.344999999999952678e+00 -3.028367786442721643e-01
5.349999999999952571e+00 -3.027300000000009983e-01
5.354999999999952465e+00 -3.026232213557298323e-01
5.359999999999952358e+00 -3.025164427114587218e-01
5.364999999999952252e+00 -3.024096640671875558e-01
5.369999999999952145e+00 -3.023739999999999761e-01
5.374999999999952038e+00 -3.023739999999999761e-01
5.379999999999951932e+00 -3.023739999999999761e-01
5.384999999999951825e+00 -3.023383359328144504e-01
5.389999999999951719e+00 -3.022315572885433399e-01
5.394999999999951612e+00 -3.021247786442721739e-01
5.399999999999951505e+00 -3.020180000000010634e-01
5.404999999999951399e+00 -3.018756000000014095e-01
5.409999999999951292e+00 -3.017332000000013670e-01
5.414999999999951186e+00 -3.016086106778654297e-01
5.419999999999951079e+00 -3.015018320335943192e-01
5.424999999999950973e+00 -3.013950533893232087e-01
5.429999999999950866e+00 -3.012882641056432997e-01
5.434999999999950759e+00 -3.011814213685484742e-01
5.439999999999950653e+00 -3.010745786314536487e-01
5.444999999999950546e+00 -3.009677358943587677e-01
5.449999999999950440e+00 -3.008606964607088985e-01
5.454999999999950333e+00 -3.007536178764257939e-01
5.459999999999950226e+00 -3.006465392921426338e-01
5.464999999999950120e+00 -3.005929999999999991e-01
5.469999999999950013e+00 -3.005929999999999991e-01
5.474999999999949907e+00 -3.005929999999999991e-01
5.479999999999949800e+00 -3.005752641056433361e-01
5.484999999999949694e+00 -3.004684213685484551e-01
5.489999999999949587e+00 -3.003615786314536296e-01
5.494999999999949480e+00 -3.002547358943588041e-01
5.499999999999949374e+00 -3.001479466106789507e-01
5.504999999999949267e+00 -3.000411679664077846e-01
5.509999999999949161e+00 -2.999343893221366741e-01
5.514999999999949054e+00 -2.998810000000000087e-01
5.519999999999948948e+00 -2.998810000000000087e-01
5.524999999999948841e+00 -2.998810000000000087e-01
5.529999999999948734e+00 -2.997742213557299529e-01
5.534999999999948628e+00 -2.996674427114587869e-01
5.539999999999948521e+00 -2.995606640671876209e-01
5.544999999999948415e+00 -2.994538427370959099e-01
5.549999999999948308e+00 -2.993470000000010844e-01
5.554999999999948201e+00 -2.992401572629062589e-01
5.559999999999948095e+00 -2.991333359328145480e-01
5.564999999999947988e+00 -2.990265572885434375e-01
5.569999999999947882e+00 -2.989197786442722715e-01
5.574999999999947775e+00 -2.988130000000011055e-01
