ooqoxmAwM—O

\O

0.00
0.00
0.00
0.00
0.00
0.00
0.00
0.00
0.00
0.01
0.01
0.02
0.03
0.03
0.04
0.05
0.05
0.06
0.06
0.05
0.04

0.00
0.00
0.00
0.00
0.00
0.01
0.02
0.04
0.07
0.11
0.16
0.23
0.30
0.37
0.44
0.49
0.53
0.54
0.52
0.46
0.36

0.00
0.00
0.00
0.01
0.04
0.09
0.17
0.30
0.47
0.69
0.95
1.23
1.51
1.76
1.95
2.08
2.13
2.07
1.91
1.63
1.24

0.00
0.01
0.03
0.09
0.22
0.45
0.80
1.28
1.87
2.51
3.15
3.73
4.20
4.52
4.65
4.61
4.39
4.01
3.49
2.85
2.09

0.00
0.03
0.14
0.39
0.86
1.59
2.56

3.66'

4.76
5.72
6.41
6.77
6.80
6.51
5.99
5.30
4.53
3.74
2.96
2.23
1.53

0.02
0.14
0.50
1.27
2.49
4.05
5.70
7.09
7.97
8.21
7.83
6.97
5.81
4.57
3.39
2.37
1.58
0.99
0.59
0.33
0.17

0.07
0.46
1.46
3.19
5.40
7.51
8.87
9.15
8.33
6.75
4.85
3.05
1.61
0.66
0.16
0.00
0.05
0.19
0.31
0.38
0.35

0.23
1.24
3.39
6.27
8.82
9.94
9.22
7.09
4.42
2.09
0.59
0.02
0.17
0.71
1.33
1.82
2.09
2.1 1
1.94
1.61
1 .18

0.63
2.81
6.38
9.59
10.7
8.82
5.46
2.23
0.35
0.06
0.88
2.07
3.04
3.49
3.42
2.99
2.38
1.76
1.21
0.79
0.47

1.44
5.35
9.72
1 1.2
8.68
4.27
0.90
0.03
1.19
2.96
4.15
4.29
3.59
2.49
1.43
0.65
0.20
0.02
0.00
0.04
0.08

