   0.00000    1988.22101992
   0.00500    1953.52950992
   0.01000    1919.43939992
   0.01500    1885.94030992
   0.02000    1853.02204992
   0.02500    1820.67457992
   0.03000    1788.88806992
   0.03500    1757.65281992
   0.04000    1726.95930992
   0.04500    1696.79820992
   0.05000    1667.16030992
   0.05500    1638.03658992
   0.06000    1609.41815992
   0.06500    1581.29629992
   0.07000    1553.66244992
   0.07500    1526.50815992
   0.08000    1499.82516992
   0.08500    1473.60533992
   0.09000    1447.84064992
   0.09500    1422.52326992
   0.10000    1397.64544992
   0.10500    1373.19960992
   0.11000    1349.17828992
   0.11500    1325.57415992
   0.12000    1302.37999992
   0.12500    1279.58873992
   0.13000    1257.19340992
   0.13500    1235.18717992
   0.14000    1213.56332992
   0.14500    1192.31523992
   0.15000    1171.43641992
   0.15500    1150.92049992
   0.16000    1130.76119992
   0.16500    1110.95235992
   0.17000    1091.48791992
   0.17500    1072.36192992
   0.18000    1053.56853992
   0.18500    1035.10200992
   0.19000    1016.95666992
   0.19500     999.12698792
   0.20000     981.60749592
   0.20500     964.39283392
   0.21000     947.47773092
   0.21500     930.85700792
   0.22000     914.52557492
   0.22500     898.47842992
   0.23000     882.71065492
   0.23500     867.21741892
   0.24000     851.99397492
   0.24500     837.03565592
   0.25000     822.33787492
   0.25500     807.89612692
   0.26000     793.70598092
   0.26500     779.76308492
   0.27000     766.06316092
   0.27500     752.60200592
   0.28000     739.37548692
   0.28500     726.37954392
   0.29000     713.61018692
   0.29500     701.06349492
   0.30000     688.73561392
   0.30500     676.62275492
   0.31000     664.72119792
   0.31500     653.02728392
   0.32000     641.53741792
   0.32500     630.24806692
   0.33000     619.15576092
   0.33500     608.25708592
   0.34000     597.54868892
   0.34500     587.02727592
   0.35000     576.68960692
   0.35500     566.53249992
   0.36000     556.55282692
   0.36500     546.74751492
   0.37000     537.11354292
   0.37500     527.64794292
   0.38000     518.34779592
   0.38500     509.21023492
   0.39000     500.23244392
   0.39500     491.41165292
   0.40000     482.74514192
   0.40500     474.23023492
   0.41000     465.86430392
   0.41500     457.64476792
   0.42000     449.56908792
   0.42500     441.63476892
   0.43000     433.83935992
   0.43500     426.18045192
   0.44000     418.65567892
   0.44500     411.26271192
   0.45000     403.99926692
   0.45500     396.86309492
   0.46000     389.85198892
   0.46500     382.96377992
   0.47000     376.19633292
   0.47500     369.54755492
   0.48000     363.01538392
   0.48500     356.59779792
   0.49000     350.29280692
   0.49500     344.09845592
   0.50000     338.01282492
   0.50500     332.03402592
   0.51000     326.16020392
   0.51500     320.38953592
   0.52000     314.72022892
   0.52500     309.15052492
   0.53000     303.67869092
   0.53500     298.30302892
   0.54000     293.02186592
   0.54500     287.83356092
   0.55000     282.73650092
   0.55500     277.72909892
   0.56000     272.80979692
   0.56500     267.97706392
   0.57000     263.22939292
   0.57500     258.56530792
   0.58000     253.98335292
   0.58500     249.48210092
   0.59000     245.06014792
   0.59500     240.71611392
   0.60000     236.44864492
   0.60500     232.25640692
   0.61000     228.13809292
   0.61500     224.09241392
   0.62000     220.11810892
   0.62500     216.21393292
   0.63000     212.37866592
   0.63500     208.61110792
   0.64000     204.91008092
   0.64500     201.27442592
   0.65000     197.70300292
   0.65500     194.19469492
   0.66000     190.74840192
   0.66500     187.36304392
   0.67000     184.03755792
   0.67500     180.77090092
   0.68000     177.56204792
   0.68500     174.40999092
   0.69000     171.31373992
   0.69500     168.27232092
   0.70000     165.28477992
   0.70500     162.35017592
   0.71000     159.46758492
   0.71500     156.63610092
   0.72000     153.85483092
   0.72500     151.12289892
   0.73000     148.43944492
   0.73500     145.80362192
   0.74000     143.21459792
   0.74500     140.67155692
   0.75000     138.17369492
   0.75500     135.72022292
   0.76000     133.31036592
   0.76500     130.94336292
   0.77000     128.61846292
   0.77500     126.33493192
   0.78000     124.09204592
   0.78500     121.88909592
   0.79000     119.72538192
   0.79500     117.60021792
   0.80000     115.51293092
   0.80500     113.46285692
   0.81000     111.44934692
   0.81500     109.47175892
   0.82000     107.52946592
   0.82500     105.62184892
   0.83000     103.74830192
   0.83500     101.90822792
   0.84000     100.10104042
   0.84500      98.32616402
   0.85000      96.58303242
   0.85500      94.87108942
   0.86000      93.18978842
   0.86500      91.53859252
   0.87000      89.91697382
   0.87500      88.32441372
   0.88000      86.76040272
   0.88500      85.22444002
   0.89000      83.71603352
   0.89500      82.23469982
   0.90000      80.77996372
   0.90500      79.35135832
   0.91000      77.94842492
   0.91500      76.57071272
   0.92000      75.21777872
   0.92500      73.88918762
   0.93000      72.58451182
   0.93500      71.30333092
   0.94000      70.04523192
   0.94500      68.80980912
   0.95000      67.59666372
   0.95500      66.40540392
   0.96000      65.23564472
   0.96500      64.08700772
   0.97000      62.95912112
   0.97500      61.85161982
   0.98000      60.76414482
   0.98500      59.69634342
   0.99000      58.64786912
   0.99500      57.61838122
   1.00000      56.60754532
   1.00500      55.61503252
   1.01000      54.64051982
   1.01500      53.68368982
   1.02000      52.74423052
   1.02500      51.82183542
   1.03000      50.91620342
   1.03500      50.02703862
   1.04000      49.15405022
   1.04500      48.29695262
   1.05000      47.45546502
   1.05500      46.62931162
   1.06000      45.81822142
   1.06500      45.02192802
   1.07000      44.24016992
   1.07500      43.47268992
   1.08000      42.71923532
   1.08500      41.97955812
   1.09000      41.25341422
   1.09500      40.54056422
   1.10000      39.84077242
   1.10500      39.15380752
   1.11000      38.47944232
   1.11500      37.81745332
   1.12000      37.16762122
   1.12500      36.52973032
   1.13000      35.90356872
   1.13500      35.28892832
   1.14000      34.68560452
   1.14500      34.09339652
   1.15000      33.51210662
   1.15500      32.94154102
   1.16000      32.38150902
   1.16500      31.83182332
   1.17000      31.29229992
   1.17500      30.76275812
   1.18000      30.24302012
   1.18500      29.73291152
   1.19000      29.23226082
   1.19500      28.74089952
   1.20000      28.25866202
   1.20500      27.78538582
   1.21000      27.32091102
   1.21500      26.86508062
   1.22000      26.41774032
   1.22500      25.97873872
   1.23000      25.54792682
   1.23500      25.12515842
   1.24000      24.71028962
   1.24500      24.30317932
   1.25000      23.90368872
   1.25500      23.51168162
   1.26000      23.12702402
   1.26500      22.74958432
   1.27000      22.37923332
   1.27500      22.01584402
   1.28000      21.65929162
   1.28500      21.30945342
   1.29000      20.96620912
   1.29500      20.62944042
   1.30000      20.29903102
   1.30500      19.97486672
   1.31000      19.65683532
   1.31500      19.34482652
   1.32000      19.03873212
   1.32500      18.73844572
   1.33000      18.44386272
   1.33500      18.15488052
   1.34000      17.87139822
   1.34500      17.59331662
   1.35000      17.32053842
   1.35500      17.05296812
   1.36000      16.79051142
   1.36500      16.53307632
   1.37000      16.28057192
   1.37500      16.03290922
   1.38000      15.79000062
   1.38500      15.55176022
   1.39000      15.31810352
   1.39500      15.08894742
   1.40000      14.86421062
   1.40500      14.64381282
   1.41000      14.42767552
   1.41500      14.21572132
   1.42000      14.00787432
   1.42500      13.80405992
   1.43000      13.60420492
   1.43500      13.40823722
   1.44000      13.21608622
   1.44500      13.02768252
   1.45000      12.84295782
   1.45500      12.66184502
   1.46000      12.48427832
   1.46500      12.31019322
   1.47000      12.13952592
   1.47500      11.97221422
   1.48000      11.80819662
   1.48500      11.64741312
   1.49000      11.48980442
   1.49500      11.33531252
   1.50000      11.18388022
   1.50500      11.03545152
   1.51000      10.88997142
   1.51500      10.74738562
   1.52000      10.60764122
   1.52500      10.47068592
   1.53000      10.33646832
   1.53500      10.20493832
   1.54000      10.07604626
   1.54500       9.94974364
   1.55000       9.82598270
   1.55500       9.70471658
   1.56000       9.58589924
   1.56500       9.46948545
   1.57000       9.35543078
   1.57500       9.24369162
   1.58000       9.13422510
   1.58500       9.02698913
   1.59000       8.92194238
   1.59500       8.81904423
   1.60000       8.71825481
   1.60500       8.61953495
   1.61000       8.52284617
   1.61500       8.42815069
   1.62000       8.33541138
   1.62500       8.24459182
   1.63000       8.15565619
   1.63500       8.06856933
   1.64000       7.98329671
   1.64500       7.89980443
   1.65000       7.81805917
   1.65500       7.73802821
   1.66000       7.65967944
   1.66500       7.58298129
   1.67000       7.50790279
   1.67500       7.43441350
   1.68000       7.36248353
   1.68500       7.29208354
   1.69000       7.22318469
   1.69500       7.14767937
   1.70000       7.08473258
   1.70500       7.02271359
   1.71000       6.96163104
   1.71500       6.90149360
   1.72000       6.84230990
   1.72500       6.78408860
   1.73000       6.72683834
   1.73500       6.67056779
   1.74000       6.61528558
   1.74500       6.56100037
   1.75000       6.50772080
   1.75500       6.45545554
   1.76000       6.40421322
   1.76500       6.35400250
   1.77000       6.30483203
   1.77500       6.25671045
   1.78000       6.20964643
   1.78500       6.16364860
   1.79000       6.11872562
   1.79500       6.07488613
   1.80000       6.03213877
   1.80500       5.99048317
   1.81000       5.94989673
   1.81500       5.91035351
   1.82000       5.87182755
   1.82500       5.83429290
   1.83000       5.79772361
   1.83500       5.76209372
   1.84000       5.72737728
   1.84500       5.69354834
   1.85000       5.66058094
   1.85500       5.62844913
   1.86000       5.59712695
   1.86500       5.56658846
   1.87000       5.53680769
   1.87500       5.50775871
   1.88000       5.47941554
   1.88500       5.45175225
   1.89000       5.42474287
   1.89500       5.39836145
   1.90000       5.37258204
   1.90500       5.34737869
   1.91000       5.32272860
   1.91500       5.29862175
   1.92000       5.27505129
   1.92500       5.25201040
   1.93000       5.22949223
   1.93500       5.20748996
   1.94000       5.18599675
   1.94500       5.16500576
   1.95000       5.14451017
   1.95500       5.12450313
   1.96000       5.10497782
   1.96500       5.08592740
   1.97000       5.06734503
   1.97500       5.04922389
   1.98000       5.03155713
   1.98500       5.01433793
   1.99000       4.99755945
   1.99500       4.98121485
   2.00000       4.96529731
   2.00500       4.94979998
   2.01000       4.93471604
   2.01500       4.92003861
   2.02000       4.90576055
   2.02500       4.89187463
   2.03000       4.87837360
   2.03500       4.86525022
   2.04000       4.85249724
   2.04500       4.84010742
   2.05000       4.82807351
   2.05500       4.81638829
   2.06000       4.80504449
   2.06500       4.79403488
   2.07000       4.78335222
   2.07500       4.77298926
   2.08000       4.76293876
   2.08500       4.75319347
   2.09000       4.74374616
   2.09500       4.73458958
   2.10000       4.72571648
   2.10500       4.71711962
   2.11000       4.70879177
   2.11500       4.70072567
   2.12000       4.69291424
   2.12500       4.68535219
   2.13000       4.67803540
   2.13500       4.67095975
   2.14000       4.66412117
   2.14500       4.65751553
   2.15000       4.65113875
   2.15500       4.64498671
   2.16000       4.63905533
   2.16500       4.63334049
   2.17000       4.62783810
   2.17500       4.62254406
   2.18000       4.61745426
   2.18500       4.61256461
   2.19000       4.60787099
   2.19500       4.60336932
   2.20000       4.59905549
   2.20500       4.59492540
   2.21000       4.59097494
   2.21500       4.58720003
   2.22000       4.58359654
   2.22500       4.58016040
   2.23000       4.57688748
   2.23500       4.57377370
   2.24000       4.57081495
   2.24500       4.56800713
   2.25000       4.56534614
   2.25500       4.56282787
   2.26000       4.56044824
   2.26500       4.55820312
   2.27000       4.55608844
   2.27500       4.55410007
   2.28000       4.55223393
   2.28500       4.55048591
   2.29000       4.54885191
   2.29500       4.54732782
   2.30000       4.54590956
   2.30500       4.54459301
   2.31000       4.54337408
   2.31500       4.54224866
   2.32000       4.54121265
   2.32500       4.54026196
   2.33000       4.53939249
   2.33500       4.53860074
   2.34000       4.53788416
   2.34500       4.53724027
   2.35000       4.53666659
   2.35500       4.53616064
   2.36000       4.53571995
   2.36500       4.53534203
   2.37000       4.53502441
   2.37500       4.53476462
   2.38000       4.53456016
   2.38500       4.53440857
   2.39000       4.53430736
   2.39500       4.53425406
   2.40000       4.53424619
   2.40500       4.53428127
   2.41000       4.53435682
   2.41500       4.53447037
   2.42000       4.53461943
   2.42500       4.53480154
   2.43000       4.53501420
   2.43500       4.53525495
   2.44000       4.53552130
   2.44500       4.53581077
   2.45000       4.53612089
   2.45500       4.53644935
   2.46000       4.53679447
   2.46500       4.53715480
   2.47000       4.53752884
   2.47500       4.53791511
   2.48000       4.53831214
   2.48500       4.53871844
   2.49000       4.53913253
   2.49500       4.53955293
   2.50000       4.53997816
   2.50500       4.54040674
   2.51000       4.54083719
   2.51500       4.54126803
   2.52000       4.54169777
   2.52500       4.54212494
   2.53000       4.54254805
   2.53500       4.54296563
   2.54000       4.54337618
   2.54500       4.54377835
   2.55000       4.54417120
   2.55500       4.54455390
   2.56000       4.54492564
   2.56500       4.54528558
   2.57000       4.54563292
   2.57500       4.54596682
   2.58000       4.54628646
   2.58500       4.54659103
   2.59000       4.54687970
   2.59500       4.54715165
   2.60000       4.54740605
   2.60500       4.54764209
   2.61000       4.54785894
   2.61500       4.54805578
   2.62000       4.54823179
   2.62500       4.54838614
   2.63000       4.54851802
   2.63500       4.54862659
   2.64000       4.54871105
   2.64500       4.54877057
   2.65000       4.54880432
   2.65500       4.54881160
   2.66000       4.54879272
   2.66500       4.54874844
   2.67000       4.54867954
   2.67500       4.54858680
   2.68000       4.54847101
   2.68500       4.54833293
   2.69000       4.54817334
   2.69500       4.54799303
   2.70000       4.54779277
   2.70500       4.54757333
   2.71000       4.54733551
   2.71500       4.54708007
   2.72000       4.54680780
   2.72500       4.54651946
   2.73000       4.54621585
   2.73500       4.54589774
   2.74000       4.54556590
   2.74500       4.54522111
   2.75000       4.54486416
   2.75500       4.54449578
   2.76000       4.54411629
   2.76500       4.54372572
   2.77000       4.54332409
   2.77500       4.54291144
   2.78000       4.54248778
   2.78500       4.54205316
   2.79000       4.54160760
   2.79500       4.54115112
   2.80000       4.54068375
   2.80500       4.54020552
   2.81000       4.53971646
   2.81500       4.53921660
   2.82000       4.53870596
   2.82500       4.53818457
   2.83000       4.53765247
   2.83500       4.53710966
   2.84000       4.53655620
   2.84500       4.53599210
   2.85000       4.53541739
   2.85500       4.53483210
   2.86000       4.53423650
   2.86500       4.53363101
   2.87000       4.53301607
   2.87500       4.53239211
   2.88000       4.53175959
   2.88500       4.53111892
   2.89000       4.53047056
   2.89500       4.52981493
   2.90000       4.52915249
   2.90500       4.52848365
   2.91000       4.52780888
   2.91500       4.52712859
   2.92000       4.52644323
   2.92500       4.52575324
   2.93000       4.52505906
   2.93500       4.52436112
   2.94000       4.52365986
   2.94500       4.52295572
   2.95000       4.52224913
   2.95500       4.52154055
   2.96000       4.52083039
   2.96500       4.52011911
   2.97000       4.51940704
   2.97500       4.51869439
   2.98000       4.51798134
   2.98500       4.51726809
   2.99000       4.51655482
   2.99500       4.51584173
   3.00000       4.51512901
   3.00500       4.51441684
   3.01000       4.51370541
   3.01500       4.51299491
   3.02000       4.51228554
   3.02500       4.51157747
   3.03000       4.51087091
   3.03500       4.51016604
   3.04000       4.50946305
   3.04500       4.50876213
   3.05000       4.50806347
   3.05500       4.50736723
   3.06000       4.50667353
   3.06500       4.50598250
   3.07000       4.50529427
   3.07500       4.50460894
   3.08000       4.50392666
   3.08500       4.50324753
   3.09000       4.50257168
   3.09500       4.50189924
   3.10000       4.50123033
   3.10500       4.50056507
   3.11000       4.49990358
   3.11500       4.49924599
   3.12000       4.49859242
   3.12500       4.49794299
   3.13000       4.49729783
   3.13500       4.49665705
   3.14000       4.49602079
   3.14500       4.49538916
   3.15000       4.49476228
   3.15500       4.49414029
   3.16000       4.49352330
   3.16500       4.49291143
   3.17000       4.49230481
   3.17500       4.49170356
   3.18000       4.49110779
   3.18500       4.49051751
   3.19000       4.48993272
   3.19500       4.48935342
   3.20000       4.48877961
   3.20500       4.48821128
   3.21000       4.48764844
   3.21500       4.48709109
   3.22000       4.48653921
   3.22500       4.48599282
   3.23000       4.48545191
   3.23500       4.48491647
   3.24000       4.48438651
   3.24500       4.48386203
   3.25000       4.48334301
   3.25500       4.48282947
   3.26000       4.48232140
   3.26500       4.48181880
   3.27000       4.48132167
   3.27500       4.48083000
   3.28000       4.48034379
   3.28500       4.47986305
   3.29000       4.47938777
   3.29500       4.47891795
   3.30000       4.47845359
   3.30500       4.47799468
   3.31000       4.47754123
   3.31500       4.47709323
   3.32000       4.47665068
   3.32500       4.47621359
   3.33000       4.47578194
   3.33500       4.47535574
   3.34000       4.47493498
   3.34500       4.47451967
   3.35000       4.47410981
   3.35500       4.47370538
   3.36000       4.47330640
   3.36500       4.47291285
   3.37000       4.47252474
   3.37500       4.47214206
   3.38000       4.47176482
   3.38500       4.47139301
   3.39000       4.47102663
   3.39500       4.47066565
   3.40000       4.47031003
   3.40500       4.46995973
   3.41000       4.46961470
   3.41500       4.46927490
   3.42000       4.46894028
   3.42500       4.46861081
   3.43000       4.46828644
   3.43500       4.46796712
   3.44000       4.46765283
   3.44500       4.46734350
   3.45000       4.46703910
   3.45500       4.46673959
   3.46000       4.46644492
   3.46500       4.46615504
   3.47000       4.46586993
   3.47500       4.46558953
   3.48000       4.46531380
   3.48500       4.46504269
   3.49000       4.46477618
   3.49500       4.46451420
   3.50000       4.46425672
   3.50500       4.46400370
   3.51000       4.46375508
   3.51500       4.46351084
   3.52000       4.46327093
   3.52500       4.46303529
   3.53000       4.46280390
   3.53500       4.46257671
   3.54000       4.46235367
   3.54500       4.46213474
   3.55000       4.46191988
   3.55500       4.46170904
   3.56000       4.46150219
   3.56500       4.46129927
   3.57000       4.46110026
   3.57500       4.46090509
   3.58000       4.46071374
   3.58500       4.46052615
   3.59000       4.46034228
   3.59500       4.46016210
   3.60000       4.45998556
   3.60500       4.45981261
   3.61000       4.45964321
   3.61500       4.45947732
   3.62000       4.45931490
   3.62500       4.45915590
   3.63000       4.45900028
   3.63500       4.45884800
   3.64000       4.45869901
   3.64500       4.45855327
   3.65000       4.45841074
   3.65500       4.45827138
   3.66000       4.45813513
   3.66500       4.45800197
   3.67000       4.45787184
   3.67500       4.45774470
   3.68000       4.45762052
   3.68500       4.45749924
   3.69000       4.45738082
   3.69500       4.45726523
   3.70000       4.45715241
   3.70500       4.45704233
   3.71000       4.45693494
   3.71500       4.45683023
   3.72000       4.45672815
   3.72500       4.45662870
   3.73000       4.45653184
   3.73500       4.45643754
   3.74000       4.45634579
   3.74500       4.45625655
   3.75000       4.45616981
   3.75500       4.45608553
   3.76000       4.45600369
   3.76500       4.45592426
   3.77000       4.45584722
   3.77500       4.45577255
   3.78000       4.45570021
   3.78500       4.45563019
   3.79000       4.45556246
   3.79500       4.45549698
   3.80000       4.45543375
   3.80500       4.45537272
   3.81000       4.45531388
   3.81500       4.45525720
   3.82000       4.45520265
   3.82500       4.45515021
   3.83000       4.45509986
   3.83500       4.45505157
   3.84000       4.45500530
   3.84500       4.45496105
   3.85000       4.45491877
   3.85500       4.45487846
   3.86000       4.45484007
   3.86500       4.45480359
   3.87000       4.45476899
   3.87500       4.45473624
   3.88000       4.45470533
   3.88500       4.45467621
   3.89000       4.45464888
   3.89500       4.45462329
   3.90000       4.45459944
   3.90500       4.45457729
   3.91000       4.45455681
   3.91500       4.45453798
   3.92000       4.45452078
   3.92500       4.45450518
   3.93000       4.45449115
   3.93500       4.45447868
   3.94000       4.45446772
   3.94500       4.45445827
   3.95000       4.45445028
   3.95500       4.45444375
   3.96000       4.45443863
   3.96500       4.45443492
   3.97000       4.45443257
   3.97500       4.45443157
   3.98000       4.45443189
   3.98500       4.45443350
   3.99000       4.45443638
   3.99500       4.45444051
   4.00000       4.45444585
   4.00500       4.45445239
   4.01000       4.45446009
   4.01500       4.45446894
   4.02000       4.45447890
   4.02500       4.45448996
   4.03000       4.45450208
   4.03500       4.45451523
   4.04000       4.45452941
   4.04500       4.45454457
   4.05000       4.45456070
   4.05500       4.45457776
   4.06000       4.45459574
   4.06500       4.45461460
   4.07000       4.45463433
   4.07500       4.45465489
   4.08000       4.45467626
   4.08500       4.45469842
   4.09000       4.45472134
   4.09500       4.45474499
   4.10000       4.45476935
   4.10500       4.45479440
   4.11000       4.45482010
   4.11500       4.45484644
   4.12000       4.45487338
   4.12500       4.45490091
   4.13000       4.45492899
   4.13500       4.45495761
   4.14000       4.45498676
   4.14500       4.45501644
   4.15000       4.45504662
   4.15500       4.45507731
   4.16000       4.45510849
   4.16500       4.45514016
   4.17000       4.45517230
   4.17500       4.45520491
   4.18000       4.45523798
   4.18500       4.45527150
   4.19000       4.45530545
   4.19500       4.45533984
   4.20000       4.45537465
   4.20500       4.45540988
   4.21000       4.45544551
   4.21500       4.45548153
   4.22000       4.45551794
   4.22500       4.45555472
   4.23000       4.45559188
   4.23500       4.45562939
   4.24000       4.45566726
   4.24500       4.45570546
   4.25000       4.45574400
   4.25500       4.45578286
   4.26000       4.45582203
   4.26500       4.45586151
   4.27000       4.45590129
   4.27500       4.45594135
   4.28000       4.45598169
   4.28500       4.45602231
   4.29000       4.45606318
   4.29500       4.45610430
   4.30000       4.45614566
   4.30500       4.45618726
   4.31000       4.45622908
   4.31500       4.45627112
   4.32000       4.45631337
   4.32500       4.45635581
   4.33000       4.45639844
   4.33500       4.45644124
   4.34000       4.45648422
   4.34500       4.45652737
   4.35000       4.45657067
   4.35500       4.45661413
   4.36000       4.45665775
   4.36500       4.45670153
   4.37000       4.45674546
   4.37500       4.45678954
   4.38000       4.45683377
   4.38500       4.45687815
   4.39000       4.45692268
   4.39500       4.45696735
   4.40000       4.45701217
   4.40500       4.45705713
   4.41000       4.45710223
   4.41500       4.45714747
   4.42000       4.45719284
   4.42500       4.45723835
   4.43000       4.45728399
   4.43500       4.45732977
   4.44000       4.45737567
   4.44500       4.45742171
   4.45000       4.45746787
   4.45500       4.45751415
   4.46000       4.45756056
   4.46500       4.45760709
   4.47000       4.45765374
   4.47500       4.45770051
   4.48000       4.45774739
   4.48500       4.45779439
   4.49000       4.45784150
   4.49500       4.45788872
   4.50000       4.45793605
   4.50500       4.45798349
   4.51000       4.45803104
   4.51500       4.45807869
   4.52000       4.45812644
   4.52500       4.45817430
   4.53000       4.45822225
   4.53500       4.45827030
   4.54000       4.45831844
   4.54500       4.45836668
   4.55000       4.45841502
   4.55500       4.45846344
   4.56000       4.45851195
   4.56500       4.45856055
   4.57000       4.45860924
   4.57500       4.45865800
   4.58000       4.45870685
   4.58500       4.45875578
   4.59000       4.45880479
   4.59500       4.45885388
   4.60000       4.45890304
   4.60500       4.45895228
   4.61000       4.45900159
   4.61500       4.45905096
   4.62000       4.45910041
   4.62500       4.45914992
   4.63000       4.45919950
   4.63500       4.45924914
   4.64000       4.45929884
   4.64500       4.45934860
   4.65000       4.45939842
   4.65500       4.45944830
   4.66000       4.45949823
   4.66500       4.45954821
   4.67000       4.45959822
   4.67500       4.45964827
   4.68000       4.45969832
   4.68500       4.45974839
   4.69000       4.45979845
   4.69500       4.45984849
   4.70000       4.45989851
   4.70500       4.45994850
   4.71000       4.45999844
   4.71500       4.46004832
   4.72000       4.46009814
   4.72500       4.46014788
   4.73000       4.46019754
   4.73500       4.46024710
   4.74000       4.46029655
   4.74500       4.46034588
   4.75000       4.46039509
   4.75500       4.46044415
   4.76000       4.46049307
   4.76500       4.46054183
   4.77000       4.46059042
   4.77500       4.46063883
   4.78000       4.46068705
   4.78500       4.46073507
   4.79000       4.46078288
   4.79500       4.46083047
   4.80000       4.46087783
   4.80500       4.46092495
   4.81000       4.46097181
   4.81500       4.46101842
   4.82000       4.46106475
   4.82500       4.46111080
   4.83000       4.46115655
   4.83500       4.46120201
   4.84000       4.46124715
   4.84500       4.46129196
   4.85000       4.46133644
   4.85500       4.46138058
   4.86000       4.46142436
   4.86500       4.46146778
   4.87000       4.46151082
   4.87500       4.46155347
   4.88000       4.46159573
   4.88500       4.46163759
   4.89000       4.46167902
   4.89500       4.46172003
   4.90000       4.46176061
   4.90500       4.46180073
   4.91000       4.46184040
   4.91500       4.46187960
   4.92000       4.46191832
   4.92500       4.46195655
   4.93000       4.46199428
   4.93500       4.46203151
   4.94000       4.46206821
   4.94500       4.46210438
   4.95000       4.46214002
   4.95500       4.46217510
   4.96000       4.46220962
   4.96500       4.46224357
   4.97000       4.46227694
   4.97500       4.46230971
   4.98000       4.46234189
   4.98500       4.46237347
   4.99000       4.46240446
   4.99500       4.46243486
   5.00000       4.46246467
   5.00500       4.46249390
   5.01000       4.46252255
   5.01500       4.46255063
   5.02000       4.46257813
   5.02500       4.46260506
   5.03000       4.46263143
   5.03500       4.46265723
   5.04000       4.46268248
   5.04500       4.46270717
   5.05000       4.46273131
   5.05500       4.46275490
   5.06000       4.46277794
   5.06500       4.46280045
   5.07000       4.46282241
   5.07500       4.46284384
   5.08000       4.46286474
   5.08500       4.46288511
   5.09000       4.46290496
   5.09500       4.46292429
   5.10000       4.46294310
   5.10500       4.46296139
   5.11000       4.46297917
   5.11500       4.46299645
   5.12000       4.46301322
   5.12500       4.46302950
   5.13000       4.46304527
   5.13500       4.46306055
   5.14000       4.46307535
   5.14500       4.46308965
   5.15000       4.46310348
   5.15500       4.46311682
   5.16000       4.46312968
   5.16500       4.46314208
   5.17000       4.46315400
   5.17500       4.46316546
   5.18000       4.46317646
   5.18500       4.46318699
   5.19000       4.46319707
   5.19500       4.46320670
   5.20000       4.46321588
   5.20500       4.46322462
   5.21000       4.46323291
   5.21500       4.46324076
   5.22000       4.46324818
   5.22500       4.46325517
   5.23000       4.46326173
   5.23500       4.46326786
   5.24000       4.46327358
   5.24500       4.46327887
   5.25000       4.46328375
   5.25500       4.46328822
   5.26000       4.46329229
   5.26500       4.46329594
   5.27000       4.46329920
   5.27500       4.46330206
   5.28000       4.46330453
   5.28500       4.46330660
   5.29000       4.46330829
