 0.00000    1988.22037148
 0.00500    1953.52886148
 0.01000    1919.43875148
 0.01500    1885.93966148
 0.02000    1853.02140148
 0.02500    1820.67393148
 0.03000    1788.88742148
 0.03500    1757.65217148
 0.04000    1726.95866148
 0.04500    1696.79756148
 0.05000    1667.15966148
 0.05500    1638.03594148
 0.06000    1609.41751148
 0.06500    1581.29565148
 0.07000    1553.66180148
 0.07500    1526.50751148
 0.08000    1499.82452148
 0.08500    1473.60469148
 0.09000    1447.84000148
 0.09500    1422.52262148
 0.10000    1397.64480148
 0.10500    1373.19896148
 0.11000    1349.17764148
 0.11500    1325.57351148
 0.12000    1302.37935148
 0.12500    1279.58809148
 0.13000    1257.19276148
 0.13500    1235.18653148
 0.14000    1213.56268148
 0.14500    1192.31459148
 0.15000    1171.43577148
 0.15500    1150.91985148
 0.16000    1130.76055148
 0.16500    1110.95171148
 0.17000    1091.48727148
 0.17500    1072.36128148
 0.18000    1053.56789148
 0.18500    1035.10136148
 0.19000    1016.95602148
 0.19500     999.12633948
 0.20000     981.60684748
 0.20500     964.39218548
 0.21000     947.47708248
 0.21500     930.85635948
 0.22000     914.52492648
 0.22500     898.47778148
 0.23000     882.71000648
 0.23500     867.21677048
 0.24000     851.99332648
 0.24500     837.03500748
 0.25000     822.33722648
 0.25500     807.89547848
 0.26000     793.70533248
 0.26500     779.76243648
 0.27000     766.06251248
 0.27500     752.60135748
 0.28000     739.37483848
 0.28500     726.37889548
 0.29000     713.60953848
 0.29500     701.06284648
 0.30000     688.73496548
 0.30500     676.62210648
 0.31000     664.72054948
 0.31500     653.02663548
 0.32000     641.53676948
 0.32500     630.24741848
 0.33000     619.15511248
 0.33500     608.25643748
 0.34000     597.54804048
 0.34500     587.02662748
 0.35000     576.68895848
 0.35500     566.53185148
 0.36000     556.55217848
 0.36500     546.74686648
 0.37000     537.11289448
 0.37500     527.64729448
 0.38000     518.34714748
 0.38500     509.20958648
 0.39000     500.23179548
 0.39500     491.41100448
 0.40000     482.74449348
 0.40500     474.22958648
 0.41000     465.86365548
 0.41500     457.64411948
 0.42000     449.56843948
 0.42500     441.63412048
 0.43000     433.83871148
 0.43500     426.17980348
 0.44000     418.65503048
 0.44500     411.26206348
 0.45000     403.99861848
 0.45500     396.86244648
 0.46000     389.85134048
 0.46500     382.96313148
 0.47000     376.19568448
 0.47500     369.54690648
 0.48000     363.01473548
 0.48500     356.59714948
 0.49000     350.29215848
 0.49500     344.09780748
 0.50000     338.01217648
 0.50500     332.03337748
 0.51000     326.15955548
 0.51500     320.38888748
 0.52000     314.71958048
 0.52500     309.14987648
 0.53000     303.67804248
 0.53500     298.30238048
 0.54000     293.02121748
 0.54500     287.83291248
 0.55000     282.73585248
 0.55500     277.72845048
 0.56000     272.80914848
 0.56500     267.97641548
 0.57000     263.22874448
 0.57500     258.56465948
 0.58000     253.98270448
 0.58500     249.48145248
 0.59000     245.05949948
 0.59500     240.71546548
 0.60000     236.44799648
 0.60500     232.25575848
 0.61000     228.13744448
 0.61500     224.09176548
 0.62000     220.11746048
 0.62500     216.21328448
 0.63000     212.37801748
 0.63500     208.61045948
 0.64000     204.90943248
 0.64500     201.27377748
 0.65000     197.70235448
 0.65500     194.19404648
 0.66000     190.74775348
 0.66500     187.36239548
 0.67000     184.03690948
 0.67500     180.77025248
 0.68000     177.56139948
 0.68500     174.40934248
 0.69000     171.31309148
 0.69500     168.27167248
 0.70000     165.28413148
 0.70500     162.34952748
 0.71000     159.46693648
 0.71500     156.63545248
 0.72000     153.85418248
 0.72500     151.12225048
 0.73000     148.43879648
 0.73500     145.80297348
 0.74000     143.21394948
 0.74500     140.67090848
 0.75000     138.17304648
 0.75500     135.71957448
 0.76000     133.30971748
 0.76500     130.94271448
 0.77000     128.61781448
 0.77500     126.33428348
 0.78000     124.09139748
 0.78500     121.88844748
 0.79000     119.72473348
 0.79500     117.59956948
 0.80000     115.51228248
 0.80500     113.46220848
 0.81000     111.44869848
 0.81500     109.47111048
 0.82000     107.52881748
 0.82500     105.62120048
 0.83000     103.74765348
 0.83500     101.90757948
 0.84000     100.10039198
 0.84500      98.32551558
 0.85000      96.58238398
 0.85500      94.87044098
 0.86000      93.18913998
 0.86500      91.53794408
 0.87000      89.91632538
 0.87500      88.32376528
 0.88000      86.75975428
 0.88500      85.22379158
 0.89000      83.71538508
 0.89500      82.23405138
 0.90000      80.77931528
 0.90500      79.35070988
 0.91000      77.94777648
 0.91500      76.57006428
 0.92000      75.21713028
 0.92500      73.88853918
 0.93000      72.58386338
 0.93500      71.30268248
 0.94000      70.04458348
 0.94500      68.80916068
 0.95000      67.59601528
 0.95500      66.40475548
 0.96000      65.23499628
 0.96500      64.08635928
 0.97000      62.95847268
 0.97500      61.85097138
 0.98000      60.76349638
 0.98500      59.69569498
 0.99000      58.64722068
 0.99500      57.61773278
 1.00000      56.60689688
 1.00500      55.61438408
 1.01000      54.63987138
 1.01500      53.68304138
 1.02000      52.74358208
 1.02500      51.82118698
 1.03000      50.91555498
 1.03500      50.02639018
 1.04000      49.15340178
 1.04500      48.29630418
 1.05000      47.45481658
 1.05500      46.62866318
 1.06000      45.81757298
 1.06500      45.02127958
 1.07000      44.23952148
 1.07500      43.47204148
 1.08000      42.71858688
 1.08500      41.97890968
 1.09000      41.25276578
 1.09500      40.53991578
 1.10000      39.84012398
 1.10500      39.15315908
 1.11000      38.47879388
 1.11500      37.81680488
 1.12000      37.16697278
 1.12500      36.52908188
 1.13000      35.90292028
 1.13500      35.28827988
 1.14000      34.68495608
 1.14500      34.09274808
 1.15000      33.51145818
 1.15500      32.94089258
 1.16000      32.38086058
 1.16500      31.83117488
 1.17000      31.29165148
 1.17500      30.76210968
 1.18000      30.24237168
 1.18500      29.73226308
 1.19000      29.23161238
 1.19500      28.74025108
 1.20000      28.25801358
 1.20500      27.78473738
 1.21000      27.32026258
 1.21500      26.86443218
 1.22000      26.41709188
 1.22500      25.97809028
 1.23000      25.54727838
 1.23500      25.12450998
 1.24000      24.70964118
 1.24500      24.30253088
 1.25000      23.90304028
 1.25500      23.51103318
 1.26000      23.12637558
 1.26500      22.74893588
 1.27000      22.37858488
 1.27500      22.01519558
 1.28000      21.65864318
 1.28500      21.30880498
 1.29000      20.96556068
 1.29500      20.62879198
 1.30000      20.29838258
 1.30500      19.97421828
 1.31000      19.65618688
 1.31500      19.34417808
 1.32000      19.03808368
 1.32500      18.73779728
 1.33000      18.44321428
 1.33500      18.15423208
 1.34000      17.87074978
 1.34500      17.59266818
 1.35000      17.31988998
 1.35500      17.05231968
 1.36000      16.78986298
 1.36500      16.53242788
 1.37000      16.27992348
 1.37500      16.03226078
 1.38000      15.78935218
 1.38500      15.55111178
 1.39000      15.31745508
 1.39500      15.08829898
 1.40000      14.86356218
 1.40500      14.64316438
 1.41000      14.42702708
 1.41500      14.21507288
 1.42000      14.00722588
 1.42500      13.80341148
 1.43000      13.60355648
 1.43500      13.40758878
 1.44000      13.21543778
 1.44500      13.02703408
 1.45000      12.84230938
 1.45500      12.66119658
 1.46000      12.48362988
 1.46500      12.30954478
 1.47000      12.13887748
 1.47500      11.97156578
 1.48000      11.80754818
 1.48500      11.64676468
 1.49000      11.48915598
 1.49500      11.33466408
 1.50000      11.18323178
 1.50500      11.03480308
 1.51000      10.88932298
 1.51500      10.74673718
 1.52000      10.60699278
 1.52500      10.47003748
 1.53000      10.33581988
 1.53500      10.20428988
 1.54000      10.07539782
 1.54500       9.94909520
 1.55000       9.82533426
 1.55500       9.70406814
 1.56000       9.58525080
 1.56500       9.46883701
 1.57000       9.35478234
 1.57500       9.24304318
 1.58000       9.13357666
 1.58500       9.02634069
 1.59000       8.92129394
 1.59500       8.81839579
 1.60000       8.71760637
 1.60500       8.61888651
 1.61000       8.52219773
 1.61500       8.42750225
 1.62000       8.33476294
 1.62500       8.24394338
 1.63000       8.15500775
 1.63500       8.06792089
 1.64000       7.98264827
 1.64500       7.89915599
 1.65000       7.81741073
 1.65500       7.73737977
 1.66000       7.65903100
 1.66500       7.58233285
 1.67000       7.50725435
 1.67500       7.43376506
 1.68000       7.36183509
 1.68500       7.29143510
 1.69000       7.22253625
 1.69500       7.14703093
 1.70000       7.08408414
 1.70500       7.02206515
 1.71000       6.96098260
 1.71500       6.90084516
 1.72000       6.84166146
 1.72500       6.78344016
 1.73000       6.72618990
 1.73500       6.66991935
 1.74000       6.61463714
 1.74500       6.56035193
 1.75000       6.50707236
 1.75500       6.45480710
 1.76000       6.40356478
 1.76500       6.35335406
 1.77000       6.30418359
 1.77500       6.25606201
 1.78000       6.20899799
 1.78500       6.16300016
 1.79000       6.11807718
 1.79500       6.07423769
 1.80000       6.03149033
 1.80500       5.98983473
 1.81000       5.94924829
 1.81500       5.90970507
 1.82000       5.87117911
 1.82500       5.83364446
 1.83000       5.79707517
 1.83500       5.76144528
 1.84000       5.72672884
 1.84500       5.69289990
 1.85000       5.65993250
 1.85500       5.62780069
 1.86000       5.59647851
 1.86500       5.56594002
 1.87000       5.53615925
 1.87500       5.50711027
 1.88000       5.47876710
 1.88500       5.45110381
 1.89000       5.42409443
 1.89500       5.39771301
 1.90000       5.37193360
 1.90500       5.34673025
 1.91000       5.32208016
 1.91500       5.29797331
 1.92000       5.27440285
 1.92500       5.25136196
 1.93000       5.22884379
 1.93500       5.20684152
 1.94000       5.18534831
 1.94500       5.16435732
 1.95000       5.14386173
 1.95500       5.12385469
 1.96000       5.10432938
 1.96500       5.08527896
 1.97000       5.06669659
 1.97500       5.04857545
 1.98000       5.03090869
 1.98500       5.01368949
 1.99000       4.99691101
 1.99500       4.98056641
 2.00000       4.96464887
 2.00500       4.94915154
 2.01000       4.93406760
 2.01500       4.91939017
 2.02000       4.90511211
 2.02500       4.89122619
 2.03000       4.87772516
 2.03500       4.86460178
 2.04000       4.85184880
 2.04500       4.83945898
 2.05000       4.82742507
 2.05500       4.81573985
 2.06000       4.80439605
 2.06500       4.79338644
 2.07000       4.78270378
 2.07500       4.77234082
 2.08000       4.76229032
 2.08500       4.75254503
 2.09000       4.74309772
 2.09500       4.73394114
 2.10000       4.72506804
 2.10500       4.71647118
 2.11000       4.70814333
 2.11500       4.70007723
 2.12000       4.69226580
 2.12500       4.68470375
 2.13000       4.67738696
 2.13500       4.67031131
 2.14000       4.66347273
 2.14500       4.65686709
 2.15000       4.65049031
 2.15500       4.64433827
 2.16000       4.63840689
 2.16500       4.63269205
 2.17000       4.62718966
 2.17500       4.62189562
 2.18000       4.61680582
 2.18500       4.61191617
 2.19000       4.60722255
 2.19500       4.60272088
 2.20000       4.59840705
 2.20500       4.59427696
 2.21000       4.59032650
 2.21500       4.58655159
 2.22000       4.58294810
 2.22500       4.57951196
 2.23000       4.57623904
 2.23500       4.57312526
 2.24000       4.57016651
 2.24500       4.56735869
 2.25000       4.56469770
 2.25500       4.56217943
 2.26000       4.55979980
 2.26500       4.55755468
 2.27000       4.55544000
 2.27500       4.55345163
 2.28000       4.55158549
 2.28500       4.54983747
 2.29000       4.54820347
 2.29500       4.54667938
 2.30000       4.54526112
 2.30500       4.54394457
 2.31000       4.54272564
 2.31500       4.54160022
 2.32000       4.54056421
 2.32500       4.53961352
 2.33000       4.53874405
 2.33500       4.53795230
 2.34000       4.53723572
 2.34500       4.53659183
 2.35000       4.53601815
 2.35500       4.53551220
 2.36000       4.53507151
 2.36500       4.53469359
 2.37000       4.53437597
 2.37500       4.53411618
 2.38000       4.53391172
 2.38500       4.53376013
 2.39000       4.53365892
 2.39500       4.53360562
 2.40000       4.53359775
 2.40500       4.53363283
 2.41000       4.53370838
 2.41500       4.53382193
 2.42000       4.53397099
 2.42500       4.53415310
 2.43000       4.53436576
 2.43500       4.53460651
 2.44000       4.53487286
 2.44500       4.53516233
 2.45000       4.53547245
 2.45500       4.53580091
 2.46000       4.53614603
 2.46500       4.53650636
 2.47000       4.53688040
 2.47500       4.53726667
 2.48000       4.53766370
 2.48500       4.53807000
 2.49000       4.53848409
 2.49500       4.53890449
 2.50000       4.53932972
 2.50500       4.53975830
 2.51000       4.54018875
 2.51500       4.54061959
 2.52000       4.54104933
 2.52500       4.54147650
 2.53000       4.54189961
 2.53500       4.54231719
 2.54000       4.54272774
 2.54500       4.54312991
 2.55000       4.54352276
 2.55500       4.54390546
 2.56000       4.54427720
 2.56500       4.54463714
 2.57000       4.54498448
 2.57500       4.54531838
 2.58000       4.54563802
 2.58500       4.54594259
 2.59000       4.54623126
 2.59500       4.54650321
 2.60000       4.54675761
 2.60500       4.54699365
 2.61000       4.54721050
 2.61500       4.54740734
 2.62000       4.54758335
 2.62500       4.54773770
 2.63000       4.54786958
 2.63500       4.54797815
 2.64000       4.54806261
 2.64500       4.54812213
 2.65000       4.54815588
 2.65500       4.54816316
 2.66000       4.54814428
 2.66500       4.54810000
 2.67000       4.54803110
 2.67500       4.54793836
 2.68000       4.54782257
 2.68500       4.54768449
 2.69000       4.54752490
 2.69500       4.54734459
 2.70000       4.54714433
 2.70500       4.54692489
 2.71000       4.54668707
 2.71500       4.54643163
 2.72000       4.54615936
 2.72500       4.54587102
 2.73000       4.54556741
 2.73500       4.54524930
 2.74000       4.54491746
 2.74500       4.54457267
 2.75000       4.54421572
 2.75500       4.54384734
 2.76000       4.54346785
 2.76500       4.54307728
 2.77000       4.54267565
 2.77500       4.54226300
 2.78000       4.54183934
 2.78500       4.54140472
 2.79000       4.54095916
 2.79500       4.54050268
 2.80000       4.54003531
 2.80500       4.53955708
 2.81000       4.53906802
 2.81500       4.53856816
 2.82000       4.53805752
 2.82500       4.53753613
 2.83000       4.53700403
 2.83500       4.53646122
 2.84000       4.53590776
 2.84500       4.53534366
 2.85000       4.53476895
 2.85500       4.53418366
 2.86000       4.53358806
 2.86500       4.53298257
 2.87000       4.53236763
 2.87500       4.53174367
 2.88000       4.53111115
 2.88500       4.53047048
 2.89000       4.52982212
 2.89500       4.52916649
 2.90000       4.52850405
 2.90500       4.52783521
 2.91000       4.52716044
 2.91500       4.52648015
 2.92000       4.52579479
 2.92500       4.52510480
 2.93000       4.52441062
 2.93500       4.52371268
 2.94000       4.52301142
 2.94500       4.52230728
 2.95000       4.52160069
 2.95500       4.52089211
 2.96000       4.52018195
 2.96500       4.51947067
 2.97000       4.51875860
 2.97500       4.51804595
 2.98000       4.51733290
 2.98500       4.51661965
 2.99000       4.51590638
 2.99500       4.51519329
 3.00000       4.51448057
 3.00500       4.51376840
 3.01000       4.51305697
 3.01500       4.51234647
 3.02000       4.51163710
 3.02500       4.51092903
 3.03000       4.51022247
 3.03500       4.50951760
 3.04000       4.50881461
 3.04500       4.50811369
 3.05000       4.50741503
 3.05500       4.50671879
 3.06000       4.50602509
 3.06500       4.50533406
 3.07000       4.50464583
 3.07500       4.50396050
 3.08000       4.50327822
 3.08500       4.50259909
 3.09000       4.50192324
 3.09500       4.50125080
 3.10000       4.50058189
 3.10500       4.49991663
 3.11000       4.49925514
 3.11500       4.49859755
 3.12000       4.49794398
 3.12500       4.49729455
 3.13000       4.49664939
 3.13500       4.49600861
 3.14000       4.49537235
 3.14500       4.49474072
 3.15000       4.49411384
 3.15500       4.49349185
 3.16000       4.49287486
 3.16500       4.49226299
 3.17000       4.49165637
 3.17500       4.49105512
 3.18000       4.49045935
 3.18500       4.48986907
 3.19000       4.48928428
 3.19500       4.48870498
 3.20000       4.48813117
 3.20500       4.48756284
 3.21000       4.48700000
 3.21500       4.48644265
 3.22000       4.48589077
 3.22500       4.48534438
 3.23000       4.48480347
 3.23500       4.48426803
 3.24000       4.48373807
 3.24500       4.48321359
 3.25000       4.48269457
 3.25500       4.48218103
 3.26000       4.48167296
 3.26500       4.48117036
 3.27000       4.48067323
 3.27500       4.48018156
 3.28000       4.47969535
 3.28500       4.47921461
 3.29000       4.47873933
 3.29500       4.47826951
 3.30000       4.47780515
 3.30500       4.47734624
 3.31000       4.47689279
 3.31500       4.47644479
 3.32000       4.47600224
 3.32500       4.47556515
 3.33000       4.47513350
 3.33500       4.47470730
 3.34000       4.47428654
 3.34500       4.47387123
 3.35000       4.47346137
 3.35500       4.47305694
 3.36000       4.47265796
 3.36500       4.47226441
 3.37000       4.47187630
 3.37500       4.47149362
 3.38000       4.47111638
 3.38500       4.47074457
 3.39000       4.47037819
 3.39500       4.47001721
 3.40000       4.46966159
 3.40500       4.46931129
 3.41000       4.46896626
 3.41500       4.46862646
 3.42000       4.46829184
 3.42500       4.46796237
 3.43000       4.46763800
 3.43500       4.46731868
 3.44000       4.46700439
 3.44500       4.46669506
 3.45000       4.46639066
 3.45500       4.46609115
 3.46000       4.46579648
 3.46500       4.46550660
 3.47000       4.46522149
 3.47500       4.46494109
 3.48000       4.46466536
 3.48500       4.46439425
 3.49000       4.46412774
 3.49500       4.46386576
 3.50000       4.46360828
 3.50500       4.46335526
 3.51000       4.46310664
 3.51500       4.46286240
 3.52000       4.46262249
 3.52500       4.46238685
 3.53000       4.46215546
 3.53500       4.46192827
 3.54000       4.46170523
 3.54500       4.46148630
 3.55000       4.46127144
 3.55500       4.46106060
 3.56000       4.46085375
 3.56500       4.46065083
 3.57000       4.46045182
 3.57500       4.46025665
 3.58000       4.46006530
 3.58500       4.45987771
 3.59000       4.45969384
 3.59500       4.45951366
 3.60000       4.45933712
 3.60500       4.45916417
 3.61000       4.45899477
 3.61500       4.45882888
 3.62000       4.45866646
 3.62500       4.45850746
 3.63000       4.45835184
 3.63500       4.45819956
 3.64000       4.45805057
 3.64500       4.45790483
 3.65000       4.45776230
 3.65500       4.45762294
 3.66000       4.45748669
 3.66500       4.45735353
 3.67000       4.45722340
 3.67500       4.45709626
 3.68000       4.45697208
 3.68500       4.45685080
 3.69000       4.45673238
 3.69500       4.45661679
 3.70000       4.45650397
 3.70500       4.45639389
 3.71000       4.45628650
 3.71500       4.45618179
 3.72000       4.45607971
 3.72500       4.45598026
 3.73000       4.45588340
 3.73500       4.45578910
 3.74000       4.45569735
 3.74500       4.45560811
 3.75000       4.45552137
 3.75500       4.45543709
 3.76000       4.45535525
 3.76500       4.45527582
 3.77000       4.45519878
 3.77500       4.45512411
 3.78000       4.45505177
 3.78500       4.45498175
 3.79000       4.45491402
 3.79500       4.45484854
 3.80000       4.45478531
 3.80500       4.45472428
 3.81000       4.45466544
 3.81500       4.45460876
 3.82000       4.45455421
 3.82500       4.45450177
 3.83000       4.45445142
 3.83500       4.45440313
 3.84000       4.45435686
 3.84500       4.45431261
 3.85000       4.45427033
 3.85500       4.45423002
 3.86000       4.45419163
 3.86500       4.45415515
 3.87000       4.45412055
 3.87500       4.45408780
 3.88000       4.45405689
 3.88500       4.45402777
 3.89000       4.45400044
 3.89500       4.45397485
 3.90000       4.45395100
 3.90500       4.45392885
 3.91000       4.45390837
 3.91500       4.45388954
 3.92000       4.45387234
 3.92500       4.45385674
 3.93000       4.45384271
 3.93500       4.45383024
 3.94000       4.45381928
 3.94500       4.45380983
 3.95000       4.45380184
 3.95500       4.45379531
 3.96000       4.45379019
 3.96500       4.45378648
 3.97000       4.45378413
 3.97500       4.45378313
 3.98000       4.45378345
 3.98500       4.45378506
 3.99000       4.45378794
 3.99500       4.45379207
 4.00000       4.45379741
 4.00500       4.45380395
 4.01000       4.45381165
 4.01500       4.45382050
 4.02000       4.45383046
 4.02500       4.45384152
 4.03000       4.45385364
 4.03500       4.45386679
 4.04000       4.45388097
 4.04500       4.45389613
 4.05000       4.45391226
 4.05500       4.45392932
 4.06000       4.45394730
 4.06500       4.45396616
 4.07000       4.45398589
 4.07500       4.45400645
 4.08000       4.45402782
 4.08500       4.45404998
 4.09000       4.45407290
 4.09500       4.45409655
 4.10000       4.45412091
 4.10500       4.45414596
 4.11000       4.45417166
 4.11500       4.45419800
 4.12000       4.45422494
 4.12500       4.45425247
 4.13000       4.45428055
 4.13500       4.45430917
 4.14000       4.45433832
 4.14500       4.45436800
 4.15000       4.45439818
 4.15500       4.45442887
 4.16000       4.45446005
 4.16500       4.45449172
 4.17000       4.45452386
 4.17500       4.45455647
 4.18000       4.45458954
 4.18500       4.45462306
 4.19000       4.45465701
 4.19500       4.45469140
 4.20000       4.45472621
 4.20500       4.45476144
 4.21000       4.45479707
 4.21500       4.45483309
 4.22000       4.45486950
 4.22500       4.45490628
 4.23000       4.45494344
 4.23500       4.45498095
 4.24000       4.45501882
 4.24500       4.45505702
 4.25000       4.45509556
 4.25500       4.45513442
 4.26000       4.45517359
 4.26500       4.45521307
 4.27000       4.45525285
 4.27500       4.45529291
 4.28000       4.45533325
 4.28500       4.45537387
 4.29000       4.45541474
 4.29500       4.45545586
 4.30000       4.45549722
 4.30500       4.45553882
 4.31000       4.45558064
 4.31500       4.45562268
 4.32000       4.45566493
 4.32500       4.45570737
 4.33000       4.45575000
 4.33500       4.45579280
 4.34000       4.45583578
 4.34500       4.45587893
 4.35000       4.45592223
 4.35500       4.45596569
 4.36000       4.45600931
 4.36500       4.45605309
 4.37000       4.45609702
 4.37500       4.45614110
 4.38000       4.45618533
 4.38500       4.45622971
 4.39000       4.45627424
 4.39500       4.45631891
 4.40000       4.45636373
 4.40500       4.45640869
 4.41000       4.45645379
 4.41500       4.45649903
 4.42000       4.45654440
 4.42500       4.45658991
 4.43000       4.45663555
 4.43500       4.45668133
 4.44000       4.45672723
 4.44500       4.45677327
 4.45000       4.45681943
 4.45500       4.45686571
 4.46000       4.45691212
 4.46500       4.45695865
 4.47000       4.45700530
 4.47500       4.45705207
 4.48000       4.45709895
 4.48500       4.45714595
 4.49000       4.45719306
 4.49500       4.45724028
 4.50000       4.45728761
 4.50500       4.45733505
 4.51000       4.45738260
 4.51500       4.45743025
 4.52000       4.45747800
 4.52500       4.45752586
 4.53000       4.45757381
 4.53500       4.45762186
 4.54000       4.45767000
 4.54500       4.45771824
 4.55000       4.45776658
 4.55500       4.45781500
 4.56000       4.45786351
 4.56500       4.45791211
 4.57000       4.45796080
 4.57500       4.45800956
 4.58000       4.45805841
 4.58500       4.45810734
 4.59000       4.45815635
 4.59500       4.45820544
 4.60000       4.45825460
 4.60500       4.45830384
 4.61000       4.45835315
 4.61500       4.45840252
 4.62000       4.45845197
 4.62500       4.45850148
 4.63000       4.45855106
 4.63500       4.45860070
 4.64000       4.45865040
 4.64500       4.45870016
 4.65000       4.45874998
 4.65500       4.45879986
 4.66000       4.45884979
 4.66500       4.45889977
 4.67000       4.45894978
 4.67500       4.45899983
 4.68000       4.45904988
 4.68500       4.45909995
 4.69000       4.45915001
 4.69500       4.45920005
 4.70000       4.45925007
 4.70500       4.45930006
 4.71000       4.45935000
 4.71500       4.45939988
 4.72000       4.45944970
 4.72500       4.45949944
 4.73000       4.45954910
 4.73500       4.45959866
 4.74000       4.45964811
 4.74500       4.45969744
 4.75000       4.45974665
 4.75500       4.45979571
 4.76000       4.45984463
 4.76500       4.45989339
 4.77000       4.45994198
 4.77500       4.45999039
 4.78000       4.46003861
 4.78500       4.46008663
 4.79000       4.46013444
 4.79500       4.46018203
 4.80000       4.46022939
 4.80500       4.46027651
 4.81000       4.46032337
 4.81500       4.46036998
 4.82000       4.46041631
 4.82500       4.46046236
 4.83000       4.46050811
 4.83500       4.46055357
 4.84000       4.46059871
 4.84500       4.46064352
 4.85000       4.46068800
 4.85500       4.46073214
 4.86000       4.46077592
 4.86500       4.46081934
 4.87000       4.46086238
 4.87500       4.46090503
 4.88000       4.46094729
 4.88500       4.46098915
 4.89000       4.46103058
 4.89500       4.46107159
 4.90000       4.46111217
 4.90500       4.46115229
 4.91000       4.46119196
 4.91500       4.46123116
 4.92000       4.46126988
 4.92500       4.46130811
 4.93000       4.46134584
 4.93500       4.46138307
 4.94000       4.46141977
 4.94500       4.46145594
 4.95000       4.46149158
 4.95500       4.46152666
 4.96000       4.46156118
 4.96500       4.46159513
 4.97000       4.46162850
 4.97500       4.46166127
 4.98000       4.46169345
 4.98500       4.46172503
 4.99000       4.46175602
 4.99500       4.46178642
 5.00000       4.46181623
 5.00500       4.46184546
 5.01000       4.46187411
 5.01500       4.46190219
 5.02000       4.46192969
 5.02500       4.46195662
 5.03000       4.46198299
 5.03500       4.46200879
 5.04000       4.46203404
 5.04500       4.46205873
 5.05000       4.46208287
 5.05500       4.46210646
 5.06000       4.46212950
 5.06500       4.46215201
 5.07000       4.46217397
 5.07500       4.46219540
 5.08000       4.46221630
 5.08500       4.46223667
 5.09000       4.46225652
 5.09500       4.46227585
 5.10000       4.46229466
 5.10500       4.46231295
 5.11000       4.46233073
 5.11500       4.46234801
 5.12000       4.46236478
 5.12500       4.46238106
 5.13000       4.46239683
 5.13500       4.46241211
 5.14000       4.46242691
 5.14500       4.46244121
 5.15000       4.46245504
 5.15500       4.46246838
 5.16000       4.46248124
 5.16500       4.46249364
 5.17000       4.46250556
 5.17500       4.46251702
 5.18000       4.46252802
 5.18500       4.46253855
 5.19000       4.46254863
 5.19500       4.46255826
 5.20000       4.46256744
 5.20500       4.46257618
 5.21000       4.46258447
 5.21500       4.46259232
 5.22000       4.46259974
 5.22500       4.46260673
 5.23000       4.46261329
 5.23500       4.46261942
 5.24000       4.46262514
 5.24500       4.46263043
 5.25000       4.46263531
 5.25500       4.46263978
 5.26000       4.46264385
 5.26500       4.46264750
 5.27000       4.46265076
 5.27500       4.46265362
 5.28000       4.46265609
 5.28500       4.46265816
 5.29000       4.46265985
 5.29500       4.46267404
 5.30000       4.46267872
 5.30500       4.46268337
 5.31000       4.46268797
 5.31500       4.46269254
 5.32000       4.46269706
 5.32500       4.46270155
 5.33000       4.46270600
 5.33500       4.46271041
 5.34000       4.46271478
 5.34500       4.46271911
 5.35000       4.46272341
 5.35500       4.46272767
 5.36000       4.46273190
 5.36500       4.46273609
 5.37000       4.46274024
 5.37500       4.46274436
 5.38000       4.46274844
 5.38500       4.46275249
 5.39000       4.46275651
 5.39500       4.46276049
 5.40000       4.46276443
 5.40500       4.46276835
 5.41000       4.46277223
 5.41500       4.46277607
 5.42000       4.46277989
 5.42500       4.46278367
 5.43000       4.46278742
 5.43500       4.46279114
 5.44000       4.46279483
 5.44500       4.46279849
 5.45000       4.46280212
 5.45500       4.46280571
 5.46000       4.46280928
 5.46500       4.46281282
 5.47000       4.46281632
 5.47500       4.46281980
 5.48000       4.46282325
 5.48500       4.46282667
 5.49000       4.46283006
 5.49500       4.46283342
 5.50000       4.46283676
 5.50500       4.46284007
 5.51000       4.46284335
 5.51500       4.46284660
 5.52000       4.46284983
 5.52500       4.46285303
 5.53000       4.46285620
 5.53500       4.46285935
 5.54000       4.46286247
 5.54500       4.46286556
 5.55000       4.46286863
 5.55500       4.46287168
 5.56000       4.46287470
 5.56500       4.46287769
 5.57000       4.46288066
 5.57500       4.46288361
 5.58000       4.46288653
 5.58500       4.46288943
 5.59000       4.46289230
 5.59500       4.46289515
 5.60000       4.46289798
 5.60500       4.46290079
 5.61000       4.46290357
 5.61500       4.46290633
 5.62000       4.46290906
 5.62500       4.46291178
 5.63000       4.46291447
 5.63500       4.46291714
 5.64000       4.46291979
 5.64500       4.46292242
 5.65000       4.46292502
 5.65500       4.46292761
 5.66000       4.46293017
 5.66500       4.46293272
 5.67000       4.46293524
 5.67500       4.46293774
 5.68000       4.46294023
 5.68500       4.46294269
 5.69000       4.46294513
 5.69500       4.46294756
 5.70000       4.46294996
 5.70500       4.46295234
 5.71000       4.46295471
 5.71500       4.46295706
 5.72000       4.46295938
 5.72500       4.46296169
 5.73000       4.46296398
 5.73500       4.46296626
 5.74000       4.46296851
 5.74500       4.46297075
 5.75000       4.46297297
 5.75500       4.46297517
 5.76000       4.46297735
 5.76500       4.46297952
 5.77000       4.46298167
 5.77500       4.46298380
 5.78000       4.46298592
 5.78500       4.46298802
 5.79000       4.46299010
 5.79500       4.46299216
 5.80000       4.46299421
 5.80500       4.46299625
 5.81000       4.46299827
 5.81500       4.46300027
 5.82000       4.46300225
 5.82500       4.46300422
 5.83000       4.46300618
 5.83500       4.46300812
 5.84000       4.46301004
 5.84500       4.46301195
 5.85000       4.46301385
 5.85500       4.46301573
 5.86000       4.46301759
 5.86500       4.46301944
 5.87000       4.46302128
 5.87500       4.46302310
 5.88000       4.46302491
 5.88500       4.46302670
 5.89000       4.46302848
 5.89500       4.46303025
 5.90000       4.46303200
 5.90500       4.46303374
 5.91000       4.46303546
 5.91500       4.46303718
 5.92000       4.46303887
 5.92500       4.46304056
 5.93000       4.46304223
 5.93500       4.46304389
 5.94000       4.46304554
 5.94500       4.46304717
 5.95000       4.46304880
 5.95500       4.46305040
 5.96000       4.46305200
 5.96500       4.46305359
 5.97000       4.46305516
 5.97500       4.46305672
 5.98000       4.46305827
 5.98500       4.46305981
 5.99000       4.46306133
 5.99500       4.46306284
 6.00000       4.46306435
 6.00500       4.46306584
 6.01000       4.46306732
 6.01500       4.46306878
 6.02000       4.46307024
 6.02500       4.46307169
 6.03000       4.46307312
 6.03500       4.46307455
 6.04000       4.46307596
 6.04500       4.46307736
 6.05000       4.46307875
 6.05500       4.46308014
 6.06000       4.46308151
 6.06500       4.46308287
 6.07000       4.46308422
 6.07500       4.46308556
 6.08000       4.46308689
 6.08500       4.46308821
 6.09000       4.46308952
 6.09500       4.46309082
 6.10000       4.46309211
 6.10500       4.46309339
 6.11000       4.46309466
 6.11500       4.46309593
 6.12000       4.46309718
 6.12500       4.46309842
 6.13000       4.46309966
 6.13500       4.46310088
 6.14000       4.46310210
 6.14500       4.46310330
 6.15000       4.46310450
 6.15500       4.46310569
 6.16000       4.46310687
 6.16500       4.46310804
 6.17000       4.46310920
 6.17500       4.46311036
 6.18000       4.46311150
 6.18500       4.46311264
 6.19000       4.46311377
 6.19500       4.46311489
 6.20000       4.46311600
 6.20500       4.46311710
 6.21000       4.46311820
 6.21500       4.46311929
 6.22000       4.46312037
 6.22500       4.46312144
 6.23000       4.46312250
 6.23500       4.46312356
 6.24000       4.46312461
 6.24500       4.46312565
 6.25000       4.46312668
 6.25500       4.46312771
 6.26000       4.46312873
 6.26500       4.46312974
 6.27000       4.46313074
 6.27500       4.46313174
 6.28000       4.46313272
 6.28500       4.46313371
 6.29000       4.46313468
 6.29500       4.46313565
 6.30000       4.46313661
 6.30500       4.46313756
 6.31000       4.46313851
 6.31500       4.46313945
 6.32000       4.46314038
 6.32500       4.46314131
 6.33000       4.46314223
 6.33500       4.46314314
 6.34000       4.46314404
 6.34500       4.46314494
 6.35000       4.46314584
 6.35500       4.46314672
 6.36000       4.46314760
 6.36500       4.46314848
 6.37000       4.46314935
 6.37500       4.46315021
 6.38000       4.46315106
 6.38500       4.46315191
 6.39000       4.46315276
 6.39500       4.46315359
 6.40000       4.46315442
 6.40500       4.46315525
 6.41000       4.46315607
 6.41500       4.46315688
 6.42000       4.46315769
 6.42500       4.46315849
 6.43000       4.46315929
 6.43500       4.46316008
 6.44000       4.46316086
 6.44500       4.46316164
 6.45000       4.46316242
 6.45500       4.46316319
 6.46000       4.46316395
 6.46500       4.46316471
 6.47000       4.46316546
 6.47500       4.46316621
 6.48000       4.46316695
 6.48500       4.46316768
 6.49000       4.46316842
 6.49500       4.46316914
 6.50000       4.46316986
 6.50500       4.46317058
 6.51000       4.46317129
 6.51500       4.46317200
 6.52000       4.46317270
 6.52500       4.46317339
 6.53000       4.46317408
 6.53500       4.46317477
 6.54000       4.46317545
 6.54500       4.46317613
 6.55000       4.46317680
 6.55500       4.46317747
 6.56000       4.46317813
 6.56500       4.46317879
 6.57000       4.46317944
 6.57500       4.46318009
 6.58000       4.46318074
 6.58500       4.46318138
 6.59000       4.46318201
 6.59500       4.46318264
 6.60000       4.46318327
 6.60500       4.46318389
 6.61000       4.46318451
 6.61500       4.46318513
 6.62000       4.46318573
 6.62500       4.46318634
 6.63000       4.46318694
 6.63500       4.46318754
 6.64000       4.46318813
 6.64500       4.46318872
 6.65000       4.46318931
 6.65500       4.46318989
 6.66000       4.46319046
 6.66500       4.46319104
 6.67000       4.46319161
 6.67500       4.46319217
 6.68000       4.46319273
 6.68500       4.46319329
 6.69000       4.46319384
 6.69500       4.46319439
 6.70000       4.46319494
 6.70500       4.46319548
 6.71000       4.46319602
 6.71500       4.46319656
 6.72000       4.46319709
 6.72500       4.46319761
 6.73000       4.46319814
 6.73500       4.46319866
 6.74000       4.46319918
 6.74500       4.46319969
 6.75000       4.46320020
 6.75500       4.46320071
 6.76000       4.46320121
 6.76500       4.46320171
 6.77000       4.46320221
 6.77500       4.46320270
 6.78000       4.46320319
 6.78500       4.46320368
 6.79000       4.46320416
 6.79500       4.46320464
 6.80000       4.46320512
 6.80500       4.46320559
 6.81000       4.46320606
 6.81500       4.46320653
 6.82000       4.46320699
 6.82500       4.46320745
 6.83000       4.46320791
 6.83500       4.46320837
 6.84000       4.46320882
 6.84500       4.46320927
 6.85000       4.46320971
 6.85500       4.46321015
 6.86000       4.46321059
 6.86500       4.46321103
 6.87000       4.46321147
 6.87500       4.46321190
 6.88000       4.46321233
 6.88500       4.46321275
 6.89000       4.46321317
 6.89500       4.46321359
 6.90000       4.46321401
 6.90500       4.46321442
 6.91000       4.46321484
 6.91500       4.46321524
 6.92000       4.46321565
 6.92500       4.46321605
 6.93000       4.46321646
 6.93500       4.46321685
 6.94000       4.46321725
 6.94500       4.46321764
 6.95000       4.46321803
 6.95500       4.46321842
 6.96000       4.46321881
 6.96500       4.46321919
 6.97000       4.46321957
 6.97500       4.46321995
 6.98000       4.46322032
 6.98500       4.46322069
 6.99000       4.46322106
 6.99500       4.46322143
 7.00000       4.46322180
 7.00500       4.46322216
 7.01000       4.46322252
 7.01500       4.46322288
 7.02000       4.46322324
 7.02500       4.46322359
 7.03000       4.46322394
 7.03500       4.46322429
 7.04000       4.46322464
 7.04500       4.46322498
 7.05000       4.46322532
 7.05500       4.46322566
 7.06000       4.46322600
 7.06500       4.46322634
 7.07000       4.46322667
 7.07500       4.46322700
 7.08000       4.46322733
 7.08500       4.46322766
 7.09000       4.46322798
 7.09500       4.46322831
 7.10000       4.46322863
 7.10500       4.46322895
 7.11000       4.46322926
 7.11500       4.46322958
 7.12000       4.46322989
 7.12500       4.46323020
 7.13000       4.46323051
 7.13500       4.46323082
 7.14000       4.46323112
 7.14500       4.46323143
 7.15000       4.46323173
 7.15500       4.46323203
 7.16000       4.46323232
 7.16500       4.46323262
 7.17000       4.46323291
 7.17500       4.46323320
 7.18000       4.46323349
 7.18500       4.46323378
 7.19000       4.46323407
 7.19500       4.46323435
 7.20000       4.46323463
 7.20500       4.46323491
 7.21000       4.46323519
 7.21500       4.46323547
 7.22000       4.46323574
 7.22500       4.46323602
 7.23000       4.46323629
 7.23500       4.46323656
 7.24000       4.46323683
 7.24500       4.46323709
 7.25000       4.46323736
 7.25500       4.46323762
 7.26000       4.46323788
 7.26500       4.46323814
 7.27000       4.46323840
 7.27500       4.46323866
 7.28000       4.46323891
 7.28500       4.46323917
 7.29000       4.46323942
 7.29500       4.46323967
 7.30000       4.46323992
 7.30500       4.46324017
 7.31000       4.46324041
 7.31500       4.46324066
 7.32000       4.46324090
 7.32500       4.46324114
 7.33000       4.46324138
 7.33500       4.46324162
 7.34000       4.46324185
 7.34500       4.46324209
 7.35000       4.46324232
 7.35500       4.46324256
 7.36000       4.46324279
 7.36500       4.46324302
 7.37000       4.46324324
 7.37500       4.46324347
 7.38000       4.46324369
 7.38500       4.46324392
 7.39000       4.46324414
 7.39500       4.46324436
 7.40000       4.46324458
 7.40500       4.46324480
 7.41000       4.46324502
 7.41500       4.46324523
 7.42000       4.46324545
 7.42500       4.46324566
 7.43000       4.46324587
 7.43500       4.46324608
 7.44000       4.46324629
 7.44500       4.46324650
 7.45000       4.46324670
 7.45500       4.46324691
 7.46000       4.46324711
 7.46500       4.46324732
 7.47000       4.46324752
 7.47500       4.46324772
 7.48000       4.46324792
 7.48500       4.46324811
 7.49000       4.46324831
 7.49500       4.46324851
 7.50000       4.46324870
 7.50500       4.46324889
 7.51000       4.46324909
 7.51500       4.46324928
 7.52000       4.46324947
 7.52500       4.46324965
 7.53000       4.46324984
 7.53500       4.46325003
 7.54000       4.46325021
 7.54500       4.46325040
 7.55000       4.46325058
 7.55500       4.46325076
 7.56000       4.46325094
 7.56500       4.46325112
 7.57000       4.46325130
 7.57500       4.46325148
 7.58000       4.46325165
 7.58500       4.46325183
 7.59000       4.46325200
 7.59500       4.46325217
 7.60000       4.46325235
 7.60500       4.46325252
 7.61000       4.46325269
 7.61500       4.46325286
 7.62000       4.46325302
 7.62500       4.46325319
 7.63000       4.46325336
 7.63500       4.46325352
 7.64000       4.46325369
 7.64500       4.46325385
 7.65000       4.46325401
 7.65500       4.46325417
 7.66000       4.46325433
 7.66500       4.46325449
 7.67000       4.46325465
 7.67500       4.46325481
 7.68000       4.46325496
 7.68500       4.46325512
 7.69000       4.46325527
 7.69500       4.46325542
 7.70000       4.46325558
 7.70500       4.46325573
 7.71000       4.46325588
 7.71500       4.46325603
 7.72000       4.46325618
 7.72500       4.46325633
 7.73000       4.46325647
 7.73500       4.46325662
 7.74000       4.46325677
 7.74500       4.46325691
 7.75000       4.46325705
 7.75500       4.46325720
 7.76000       4.46325734
 7.76500       4.46325748
 7.77000       4.46325762
 7.77500       4.46325776
 7.78000       4.46325790
 7.78500       4.46325804
 7.79000       4.46325817
 7.79500       4.46325831
 7.80000       4.46325845
 7.80500       4.46325858
 7.81000       4.46325871
 7.81500       4.46325885
 7.82000       4.46325898
 7.82500       4.46325911
 7.83000       4.46325924
 7.83500       4.46325937
 7.84000       4.46325950
 7.84500       4.46325963
 7.85000       4.46325976
 7.85500       4.46325989
 7.86000       4.46326001
 7.86500       4.46326014
 7.87000       4.46326026
 7.87500       4.46326039
 7.88000       4.46326051
 7.88500       4.46326063
 7.89000       4.46326075
 7.89500       4.46326088
 7.90000       4.46326100
 7.90500       4.46326112
 7.91000       4.46326124
 7.91500       4.46326135
 7.92000       4.46326147
 7.92500       4.46326159
 7.93000       4.46326171
 7.93500       4.46326182
 7.94000       4.46326194
 7.94500       4.46326205
 7.95000       4.46326216
 7.95500       4.46326228
 7.96000       4.46326239
 7.96500       4.46326250
 7.97000       4.46326261
 7.97500       4.46326272
 7.98000       4.46326283
 7.98500       4.46326294
 7.99000       4.46326305
 7.99500       4.46326316
 8.00000       4.46326327
 8.00500       4.46326337
 8.01000       4.46326348
 8.01500       4.46326359
 8.02000       4.46326369
 8.02500       4.46326380
 8.03000       4.46326390
 8.03500       4.46326400
 8.04000       4.46326411
 8.04500       4.46326421
 8.05000       4.46326431
 8.05500       4.46326441
 8.06000       4.46326451
 8.06500       4.46326461
 8.07000       4.46326471
 8.07500       4.46326481
 8.08000       4.46326491
 8.08500       4.46326500
 8.09000       4.46326510
 8.09500       4.46326520
 8.10000       4.46326529
 8.10500       4.46326539
 8.11000       4.46326548
 8.11500       4.46326558
 8.12000       4.46326567
 8.12500       4.46326576
 8.13000       4.46326586
 8.13500       4.46326595
 8.14000       4.46326604
 8.14500       4.46326613
 8.15000       4.46326622
 8.15500       4.46326631
 8.16000       4.46326640
 8.16500       4.46326649
 8.17000       4.46326658
 8.17500       4.46326667
 8.18000       4.46326676
 8.18500       4.46326684
 8.19000       4.46326693
 8.19500       4.46326702
 8.20000       4.46326710
 8.20500       4.46326719
 8.21000       4.46326727
 8.21500       4.46326736
 8.22000       4.46326744
 8.22500       4.46326752
 8.23000       4.46326761
 8.23500       4.46326769
 8.24000       4.46326777
 8.24500       4.46326785
 8.25000       4.46326793
 8.25500       4.46326801
 8.26000       4.46326809
 8.26500       4.46326817
 8.27000       4.46326825
 8.27500       4.46326833
 8.28000       4.46326841
 8.28500       4.46326849
 8.29000       4.46326856
 8.29500       4.46326864
 8.30000       4.46326872
 8.30500       4.46326879
 8.31000       4.46326887
 8.31500       4.46326895
 8.32000       4.46326902
 8.32500       4.46326910
 8.33000       4.46326917
 8.33500       4.46326924
 8.34000       4.46326932
 8.34500       4.46326939
 8.35000       4.46326946
 8.35500       4.46326953
 8.36000       4.46326961
 8.36500       4.46326968
 8.37000       4.46326975
 8.37500       4.46326982
 8.38000       4.46326989
 8.38500       4.46326996
 8.39000       4.46327003
 8.39500       4.46327010
 8.40000       4.46327017
 8.40500       4.46327023
 8.41000       4.46327030
 8.41500       4.46327037
 8.42000       4.46327044
 8.42500       4.46327050
 8.43000       4.46327057
 8.43500       4.46327064
 8.44000       4.46327070
 8.44500       4.46327077
 8.45000       4.46327083
 8.45500       4.46327090
 8.46000       4.46327096
 8.46500       4.46327103
 8.47000       4.46327109
 8.47500       4.46327115
 8.48000       4.46327122
 8.48500       4.46327128
 8.49000       4.46327134
 8.49500       4.46327140
 8.50000       4.46327146
 8.50500       4.46327153
 8.51000       4.46327159
 8.51500       4.46327165
 8.52000       4.46327171
 8.52500       4.46327177
 8.53000       4.46327183
 8.53500       4.46327189
 8.54000       4.46327195
 8.54500       4.46327201
 8.55000       4.46327206
 8.55500       4.46327212
 8.56000       4.46327218
 8.56500       4.46327224
 8.57000       4.46327229
 8.57500       4.46327235
 8.58000       4.46327241
 8.58500       4.46327246
 8.59000       4.46327252
 8.59500       4.46327258
 8.60000       4.46327263
 8.60500       4.46327269
 8.61000       4.46327274
 8.61500       4.46327280
 8.62000       4.46327285
 8.62500       4.46327290
 8.63000       4.46327296
 8.63500       4.46327301
 8.64000       4.46327306
 8.64500       4.46327312
 8.65000       4.46327317
 8.65500       4.46327322
 8.66000       4.46327327
 8.66500       4.46327332
 8.67000       4.46327338
 8.67500       4.46327343
 8.68000       4.46327348
 8.68500       4.46327353
 8.69000       4.46327358
 8.69500       4.46327363
 8.70000       4.46327368
 8.70500       4.46327373
 8.71000       4.46327378
 8.71500       4.46327383
 8.72000       4.46327388
 8.72500       4.46327392
 8.73000       4.46327397
 8.73500       4.46327402
 8.74000       4.46327407
 8.74500       4.46327412
 8.75000       4.46327416
 8.75500       4.46327421
 8.76000       4.46327426
 8.76500       4.46327430
 8.77000       4.46327435
 8.77500       4.46327440
 8.78000       4.46327444
 8.78500       4.46327449
 8.79000       4.46327453
 8.79500       4.46327458
 8.80000       4.46327462
 8.80500       4.46327467
 8.81000       4.46327471
 8.81500       4.46327475
 8.82000       4.46327480
 8.82500       4.46327484
 8.83000       4.46327489
 8.83500       4.46327493
 8.84000       4.46327497
 8.84500       4.46327502
 8.85000       4.46327506
 8.85500       4.46327510
 8.86000       4.46327514
 8.86500       4.46327518
 8.87000       4.46327523
 8.87500       4.46327527
 8.88000       4.46327531
 8.88500       4.46327535
 8.89000       4.46327539
 8.89500       4.46327543
 8.90000       4.46327547
 8.90500       4.46327551
 8.91000       4.46327555
 8.91500       4.46327559
 8.92000       4.46327563
 8.92500       4.46327567
 8.93000       4.46327571
 8.93500       4.46327575
 8.94000       4.46327579
 8.94500       4.46327583
 8.95000       4.46327586
 8.95500       4.46327590
 8.96000       4.46327594
 8.96500       4.46327598
 8.97000       4.46327602
 8.97500       4.46327605
 8.98000       4.46327609
 8.98500       4.46327613
 8.99000       4.46327616
 8.99500       4.46327620
 9.00000       4.46327624
 9.00500       4.46327627
 9.01000       4.46327631
 9.01500       4.46327635
 9.02000       4.46327638
 9.02500       4.46327642
 9.03000       4.46327645
 9.03500       4.46327649
 9.04000       4.46327652
 9.04500       4.46327656
 9.05000       4.46327659
 9.05500       4.46327663
 9.06000       4.46327666
 9.06500       4.46327670
 9.07000       4.46327673
 9.07500       4.46327676
 9.08000       4.46327680
 9.08500       4.46327683
 9.09000       4.46327686
 9.09500       4.46327690
 9.10000       4.46327693
 9.10500       4.46327696
 9.11000       4.46327700
 9.11500       4.46327703
 9.12000       4.46327706
 9.12500       4.46327709
 9.13000       4.46327712
 9.13500       4.46327716
 9.14000       4.46327719
 9.14500       4.46327722
 9.15000       4.46327725
 9.15500       4.46327728
 9.16000       4.46327731
 9.16500       4.46327734
 9.17000       4.46327738
 9.17500       4.46327741
 9.18000       4.46327744
 9.18500       4.46327747
 9.19000       4.46327750
 9.19500       4.46327753
 9.20000       4.46327756
 9.20500       4.46327759
 9.21000       4.46327762
 9.21500       4.46327765
 9.22000       4.46327767
 9.22500       4.46327770
 9.23000       4.46327773
 9.23500       4.46327776
 9.24000       4.46327779
 9.24500       4.46327782
 9.25000       4.46327785
 9.25500       4.46327788
 9.26000       4.46327790
 9.26500       4.46327793
 9.27000       4.46327796
 9.27500       4.46327799
 9.28000       4.46327801
 9.28500       4.46327804
 9.29000       4.46327807
 9.29500       4.46327810
 9.30000       4.46327812
 9.30500       4.46327815
 9.31000       4.46327818
 9.31500       4.46327820
 9.32000       4.46327823
 9.32500       4.46327826
 9.33000       4.46327828
 9.33500       4.46327831
 9.34000       4.46327833
 9.34500       4.46327836
 9.35000       4.46327839
 9.35500       4.46327841
 9.36000       4.46327844
 9.36500       4.46327846
 9.37000       4.46327849
 9.37500       4.46327851
 9.38000       4.46327854
 9.38500       4.46327856
 9.39000       4.46327859
 9.39500       4.46327861
 9.40000       4.46327864
 9.40500       4.46327866
 9.41000       4.46327869
 9.41500       4.46327871
 9.42000       4.46327873
 9.42500       4.46327876
 9.43000       4.46327878
 9.43500       4.46327881
 9.44000       4.46327883
 9.44500       4.46327885
 9.45000       4.46327888
 9.45500       4.46327890
 9.46000       4.46327892
 9.46500       4.46327894
 9.47000       4.46327897
 9.47500       4.46327899
 9.48000       4.46327901
 9.48500       4.46327904
 9.49000       4.46327906
 9.49500       4.46327908
 9.50000       4.46327910
 9.50500       4.46327912
 9.51000       4.46327915
 9.51500       4.46327917
 9.52000       4.46327919
 9.52500       4.46327921
 9.53000       4.46327923
 9.53500       4.46327926
 9.54000       4.46327928
 9.54500       4.46327930
 9.55000       4.46327932
 9.55500       4.46327934
 9.56000       4.46327936
 9.56500       4.46327938
 9.57000       4.46327940
 9.57500       4.46327942
 9.58000       4.46327944
 9.58500       4.46327946
 9.59000       4.46327949
 9.59500       4.46327951
 9.60000       4.46327953
 9.60500       4.46327955
 9.61000       4.46327957
 9.61500       4.46327959
 9.62000       4.46327961
 9.62500       4.46327963
 9.63000       4.46327964
 9.63500       4.46327966
 9.64000       4.46327968
 9.64500       4.46327970
 9.65000       4.46327972
 9.65500       4.46327974
 9.66000       4.46327976
 9.66500       4.46327978
 9.67000       4.46327980
 9.67500       4.46327982
 9.68000       4.46327984
 9.68500       4.46327985
 9.69000       4.46327987
 9.69500       4.46327989
 9.70000       4.46327991
 9.70500       4.46327993
 9.71000       4.46327995
 9.71500       4.46327996
 9.72000       4.46327998
 9.72500       4.46328000
 9.73000       4.46328002
 9.73500       4.46328004
 9.74000       4.46328005
 9.74500       4.46328007
 9.75000       4.46328009
 9.75500       4.46328011
 9.76000       4.46328012
 9.76500       4.46328014
 9.77000       4.46328016
 9.77500       4.46328018
 9.78000       4.46328019
 9.78500       4.46328021
 9.79000       4.46328023
 9.79500       4.46328024
 9.80000       4.46328026
 9.80500       4.46328028
 9.81000       4.46328029
 9.81500       4.46328031
 9.82000       4.46328033
 9.82500       4.46328034
 9.83000       4.46328036
 9.83500       4.46328037
 9.84000       4.46328039
 9.84500       4.46328041
 9.85000       4.46328042
 9.85500       4.46328044
 9.86000       4.46328045
 9.86500       4.46328047
 9.87000       4.46328049
 9.87500       4.46328050
 9.88000       4.46328052
 9.88500       4.46328053
 9.89000       4.46328055
 9.89500       4.46328056
 9.90000       4.46328058
 9.90500       4.46328059
 9.91000       4.46328061
 9.91500       4.46328062
 9.92000       4.46328064
 9.92500       4.46328065
 9.93000       4.46328067
 9.93500       4.46328068
 9.94000       4.46328070
 9.94500       4.46328071
 9.95000       4.46328073
 9.95500       4.46328074
 9.96000       4.46328076
 9.96500       4.46328077
 9.97000       4.46328078
 9.97500       4.46328080
 9.98000       4.46328081
 9.98500       4.46328083
 9.99000       4.46328084
 9.99500       4.46328085
