   0.00000     494.24153862
   0.00500     488.58255562
   0.01000     482.98730362
   0.01500     477.45507762
   0.02000     471.98517962
   0.02500     466.57691862
   0.03000     461.22961062
   0.03500     455.94257962
   0.04000     450.71515862
   0.04500     445.54668662
   0.05000     440.43650862
   0.05500     435.38397862
   0.06000     430.38845762
   0.06500     425.44931362
   0.07000     420.56592062
   0.07500     415.73766062
   0.08000     410.96392062
   0.08500     406.24409762
   0.09000     401.57759162
   0.09500     396.96381162
   0.10000     392.40217262
   0.10500     387.89209562
   0.11000     383.43300762
   0.11500     379.02434362
   0.12000     374.66554262
   0.12500     370.35605162
   0.13000     366.09532262
   0.13500     361.88281462
   0.14000     357.71799062
   0.14500     353.60032262
   0.15000     349.52928562
   0.15500     345.50436162
   0.16000     341.52503862
   0.16500     337.59080962
   0.17000     333.70117362
   0.17500     329.85563462
   0.18000     326.05370162
   0.18500     322.29489162
   0.19000     318.57872362
   0.19500     314.90472362
   0.20000     311.27242262
   0.20500     307.68135762
   0.21000     304.13106962
   0.21500     300.62110462
   0.22000     297.15101362
   0.22500     293.72035362
   0.23000     290.32868462
   0.23500     286.97557462
   0.24000     283.66059262
   0.24500     280.38331462
   0.25000     277.14332162
   0.25500     273.94019762
   0.26000     270.77353262
   0.26500     267.64291962
   0.27000     264.54795662
   0.27500     261.48824862
   0.28000     258.46340162
   0.28500     255.47302662
   0.29000     252.51673962
   0.29500     249.59416162
   0.30000     246.70491562
   0.30500     243.84863062
   0.31000     241.02493962
   0.31500     238.23347862
   0.32000     235.47388762
   0.32500     232.74581262
   0.33000     230.04890062
   0.33500     227.38280362
   0.34000     224.74717962
   0.34500     222.14168762
   0.35000     219.56599062
   0.35500     217.01975662
   0.36000     214.50265662
   0.36500     212.01436562
   0.37000     209.55456262
   0.37500     207.12292762
   0.38000     204.71914662
   0.38500     202.34290962
   0.39000     199.99390662
   0.39500     197.67183562
   0.40000     195.37639462
   0.40500     193.10728662
   0.41000     190.86421562
   0.41500     188.64689262
   0.42000     186.45502762
   0.42500     184.28833762
   0.43000     182.14653962
   0.43500     180.02935662
   0.44000     177.93651262
   0.44500     175.86773462
   0.45000     173.82275362
   0.45500     171.80130362
   0.46000     169.80312162
   0.46500     167.82794562
   0.47000     165.87551962
   0.47500     163.94558762
   0.48000     162.03789762
   0.48500     160.15220162
   0.49000     158.28825262
   0.49500     156.44580662
   0.50000     154.62462262
   0.50500     152.82446262
   0.51000     151.04509062
   0.51500     149.28627462
   0.52000     147.54778162
   0.52500     145.82938562
   0.53000     144.13086162
   0.53500     142.45198462
   0.54000     140.79253562
   0.54500     139.15229562
   0.55000     137.53105062
   0.55500     135.92858562
   0.56000     134.34469062
   0.56500     132.77915662
   0.57000     131.23177762
   0.57500     129.70234862
   0.58000     128.19067062
   0.58500     126.69654162
   0.59000     125.21976462
   0.59500     123.76014562
   0.60000     122.31749062
   0.60500     120.89160962
   0.61000     119.48231362
   0.61500     118.08941662
   0.62000     116.71273262
   0.62500     115.35208062
   0.63000     114.00727962
   0.63500     112.67815162
   0.64000     111.36451862
   0.64500     110.06620762
   0.65000     108.78304562
   0.65500     107.51486162
   0.66000     106.26148762
   0.66500     105.02275562
   0.67000     103.79850162
   0.67500     102.58856162
   0.68000     101.39277362
   0.68500     100.21097962
   0.69000      99.04302132
   0.69500      97.88874182
   0.70000      96.74798722
   0.70500      95.62060482
   0.71000      94.50644362
   0.71500      93.40535432
   0.72000      92.31718932
   0.72500      91.24180252
   0.73000      90.17904972
   0.73500      89.12878792
   0.74000      88.09087602
   0.74500      87.06517442
   0.75000      86.05154502
   0.75500      85.04985122
   0.76000      84.05995812
   0.76500      83.08173202
   0.77000      82.11504102
   0.77500      81.15975452
   0.78000      80.21574332
   0.78500      79.28287982
   0.79000      78.36103762
   0.79500      77.45009192
   0.80000      76.54991932
   0.80500      75.66039752
   0.81000      74.78140592
   0.81500      73.91282512
   0.82000      73.05453692
   0.82500      72.20642462
   0.83000      71.36837262
   0.83500      70.54026702
   0.84000      69.72199462
   0.84500      68.91344382
   0.85000      68.11450432
   0.85500      67.32506692
   0.86000      66.54502342
   0.86500      65.77426732
   0.87000      65.01269292
   0.87500      64.26019572
   0.88000      63.51667262
   0.88500      62.78202152
   0.89000      62.05614132
   0.89500      61.33893232
   0.90000      60.63029572
   0.90500      59.93013392
   0.91000      59.23835032
   0.91500      58.55484962
   0.92000      57.87953722
   0.92500      57.21231992
   0.93000      56.55310542
   0.93500      55.90180232
   0.94000      55.25832042
   0.94500      54.62257052
   0.95000      53.99446432
   0.95500      53.37391452
   0.96000      52.76083492
   0.96500      52.15514002
   0.97000      51.55674562
   0.97500      50.96556812
   0.98000      50.38152512
   0.98500      49.80453492
   0.99000      49.23451702
   0.99500      48.67139142
   1.00000      48.11507942
   1.00500      47.56550282
   1.01000      47.02258462
   1.01500      46.48624862
   1.02000      45.95641922
   1.02500      45.43302192
   1.03000      44.91598292
   1.03500      44.40522942
   1.04000      43.90068922
   1.04500      43.40229102
   1.05000      42.90996432
   1.05500      42.42363942
   1.06000      41.94324742
   1.06500      41.46872012
   1.07000      40.99999002
   1.07500      40.53699062
   1.08000      40.07965602
   1.08500      39.62792102
   1.09000      39.18172112
   1.09500      38.74099262
   1.10000      38.30567252
   1.10500      37.87569862
   1.11000      37.45100922
   1.11500      37.03154352
   1.12000      36.61724122
   1.12500      36.20804272
   1.13000      35.80388922
   1.13500      35.40472242
   1.14000      35.01048482
   1.14500      34.62111952
   1.15000      34.23657022
   1.15500      33.85678112
   1.16000      33.48169742
   1.16500      33.11126452
   1.17000      32.74542872
   1.17500      32.38413672
   1.18000      32.02733602
   1.18500      31.67497462
   1.19000      31.32700102
   1.19500      30.98336432
   1.20000      30.64401442
   1.20500      30.30890142
   1.21000      29.97797632
   1.21500      29.65119042
   1.22000      29.32849572
   1.22500      29.00984462
   1.23000      28.69519022
   1.23500      28.38448602
   1.24000      28.07768612
   1.24500      27.77474502
   1.25000      27.47561792
   1.25500      27.18026042
   1.26000      26.88862862
   1.26500      26.60067902
   1.27000      26.31636872
   1.27500      26.03565542
   1.28000      25.75849702
   1.28500      25.48485212
   1.29000      25.21467972
   1.29500      24.94793912
   1.30000      24.68459042
   1.30500      24.42459382
   1.31000      24.16791032
   1.31500      23.91450092
   1.32000      23.66432742
   1.32500      23.41735192
   1.33000      23.17353702
   1.33500      22.93284562
   1.34000      22.69524122
   1.34500      22.46068742
   1.35000      22.22914852
   1.35500      22.00058912
   1.36000      21.77497432
   1.36500      21.55226942
   1.37000      21.33244022
   1.37500      21.11545292
   1.38000      20.90127412
   1.38500      20.68987072
   1.39000      20.48121002
   1.39500      20.27525972
   1.40000      20.07198792
   1.40500      19.87136302
   1.41000      19.67335382
   1.41500      19.47792932
   1.42000      19.28505912
   1.42500      19.09471302
   1.43000      18.90686112
   1.43500      18.72147392
   1.44000      18.53852232
   1.44500      18.35797742
   1.45000      18.17981082
   1.45500      18.00399422
   1.46000      17.83049982
   1.46500      17.65930002
   1.47000      17.49036772
   1.47500      17.32367582
   1.48000      17.15919772
   1.48500      16.99690722
   1.49000      16.83677822
   1.49500      16.67878502
   1.50000      16.52290222
   1.50500      16.36910452
   1.51000      16.21736722
   1.51500      16.06766582
   1.52000      15.91997582
   1.52500      15.77427332
   1.53000      15.63053452
   1.53500      15.48873602
   1.54000      15.34885452
   1.54500      15.21086712
   1.55000      15.07475122
   1.55500      14.94048432
   1.56000      14.80804422
   1.56500      14.67740912
   1.57000      14.54855722
   1.57500      14.42146722
   1.58000      14.29611792
   1.58500      14.17248832
   1.59000      14.05055772
   1.59500      13.93030582
   1.60000      13.81171222
   1.60500      13.69475712
   1.61000      13.57942052
   1.61500      13.46568312
   1.62000      13.35352542
   1.62500      13.24292842
   1.63000      13.13387332
   1.63500      13.02634132
   1.64000      12.92031402
   1.64500      12.81577322
   1.65000      12.71270082
   1.65500      12.61107912
   1.66000      12.51089042
   1.66500      12.41211742
   1.67000      12.31474272
   1.67500      12.21874952
   1.68000      12.12412082
   1.68500      12.03084012
   1.69000      11.93889092
   1.69500      11.84942802
   1.70000      11.76104272
   1.70500      11.67366122
   1.71000      11.58729202
   1.71500      11.50194412
   1.72000      11.41762612
   1.72500      11.33434682
   1.73000      11.25211492
   1.73500      11.17093922
   1.74000      11.09082832
   1.74500      11.01179112
   1.75000      10.93383632
   1.75500      10.85697262
   1.76000      10.78120882
   1.76500      10.70655362
   1.77000      10.63301572
   1.77500      10.56060392
   1.78000      10.48932692
   1.78500      10.41919362
   1.79000      10.35021252
   1.79500      10.28239252
   1.80000      10.21574222
   1.80500      10.15026141
   1.81000      10.08592714
   1.81500      10.02271322
   1.82000       9.96059342
   1.82500       9.89954151
   1.83000       9.83953126
   1.83500       9.78053646
   1.84000       9.72253086
   1.84500       9.66548825
   1.85000       9.60938239
   1.85500       9.55418706
   1.86000       9.49987604
   1.86500       9.44642308
   1.87000       9.39380197
   1.87500       9.34198648
   1.88000       9.29095038
   1.88500       9.24066744
   1.89000       9.19111144
   1.89500       9.14225615
   1.90000       9.09407533
   1.90500       9.04654277
   1.91000       8.99963539
   1.91500       8.95334279
   1.92000       8.90765776
   1.92500       8.86257311
   1.93000       8.81808162
   1.93500       8.77417608
   1.94000       8.73084930
   1.94500       8.68809407
   1.95000       8.64590318
   1.95500       8.60426942
   1.96000       8.56318558
   1.96500       8.52264448
   1.97000       8.48263888
   1.97500       8.44316160
   1.98000       8.40420542
   1.98500       8.36576315
   1.99000       8.32782756
   1.99500       8.29039146
   2.00000       8.25344765
   2.00500       8.21698891
   2.01000       8.18100803
   2.01500       8.14549781
   2.02000       8.11045097
   2.02500       8.07586021
   2.03000       8.04171823
   2.03500       8.00801772
   2.04000       7.97475138
   2.04500       7.94191192
   2.05000       7.90949204
   2.05500       7.87748442
   2.06000       7.84588178
   2.06500       7.81467680
   2.07000       7.78386220
   2.07500       7.75343067
   2.08000       7.72337490
   2.08500       7.69368760
   2.09000       7.66436147
   2.09500       7.63538920
   2.10000       7.60676349
   2.10500       7.57847705
   2.11000       7.55052257
   2.11500       7.52289275
   2.12000       7.49558051
   2.12500       7.46858127
   2.13000       7.44189207
   2.13500       7.41551001
   2.14000       7.38943217
   2.14500       7.36365562
   2.15000       7.33817745
   2.15500       7.31299475
   2.16000       7.28810458
   2.16500       7.26350404
   2.17000       7.23919021
   2.17500       7.21516016
   2.18000       7.19141098
   2.18500       7.16793976
   2.19000       7.14474357
   2.19500       7.12181949
   2.20000       7.09916461
   2.20500       7.07677601
   2.21000       7.05465077
   2.21500       7.03278597
   2.22000       7.01117870
   2.22500       6.98982603
   2.23000       6.96872506
   2.23500       6.94787285
   2.24000       6.92726649
   2.24500       6.90690307
   2.25000       6.88677966
   2.25500       6.86689335
   2.26000       6.84724121
   2.26500       6.82782034
   2.27000       6.80862781
   2.27500       6.78966071
   2.28000       6.77091611
   2.28500       6.75239110
   2.29000       6.73408275
   2.29500       6.71598816
   2.30000       6.69810441
   2.30500       6.68042857
   2.31000       6.66295772
   2.31500       6.64568896
   2.32000       6.62861935
   2.32500       6.61174599
   2.33000       6.59506595
   2.33500       6.57857628
   2.34000       6.56227398
   2.34500       6.54615602
   2.35000       6.53021941
   2.35500       6.51446113
   2.36000       6.49887816
   2.36500       6.48346750
   2.37000       6.46822614
   2.37500       6.45315106
   2.38000       6.43823925
   2.38500       6.42348770
   2.39000       6.40889340
   2.39500       6.39445333
   2.40000       6.38016449
   2.40500       6.36602387
   2.41000       6.35202845
   2.41500       6.33817522
   2.42000       6.32446116
   2.42500       6.31088328
   2.43000       6.29743855
   2.43500       6.28412397
   2.44000       6.27093652
   2.44500       6.25787319
   2.45000       6.24493097
   2.45500       6.23210881
   2.46000       6.21941373
   2.46500       6.20685488
   2.47000       6.19444140
   2.47500       6.18218242
   2.48000       6.17008708
   2.48500       6.15816452
   2.49000       6.14642388
   2.49500       6.13487428
   2.50000       6.12352488
   2.50500       6.11238480
   2.51000       6.10146319
   2.51500       6.09076918
   2.52000       6.08031192
   2.52500       6.07010053
   2.53000       6.06014415
   2.53500       6.05045193
   2.54000       6.04103299
   2.54500       6.03188994
   2.55000       6.02299880
   2.55500       6.01432893
   2.56000       6.00584966
   2.56500       5.99753033
   2.57000       5.98934027
   2.57500       5.98124883
   2.58000       5.97322535
   2.58500       5.96523915
   2.59000       5.95725959
   2.59500       5.94925599
   2.60000       5.94119770
   2.60500       5.93305405
   2.61000       5.92479439
   2.61500       5.91638805
   2.62000       5.90780436
   2.62500       5.89901267
   2.63000       5.88998232
   2.63500       5.88068264
   2.64000       5.87108297
   2.64500       5.86115265
   2.65000       5.85086101
   2.65500       5.84018170
   2.66000       5.82912309
   2.66500       5.81771042
   2.67000       5.80596902
   2.67500       5.79392424
   2.68000       5.78160142
   2.68500       5.76902589
   2.69000       5.75622299
   2.69500       5.74321806
   2.70000       5.73003645
   2.70500       5.71670349
   2.71000       5.70324452
   2.71500       5.68968489
   2.72000       5.67604992
   2.72500       5.66236497
   2.73000       5.64865536
   2.73500       5.63494645
   2.74000       5.62126356
   2.74500       5.60763204
   2.75000       5.59407723
   2.75500       5.58062332
   2.76000       5.56728100
   2.76500       5.55405221
   2.77000       5.54093872
   2.77500       5.52794232
   2.78000       5.51506478
   2.78500       5.50230788
   2.79000       5.48967342
   2.79500       5.47716316
   2.80000       5.46477889
   2.80500       5.45252238
   2.81000       5.44039542
   2.81500       5.42839979
   2.82000       5.41653727
   2.82500       5.40480964
   2.83000       5.39321867
   2.83500       5.38176616
   2.84000       5.37045387
   2.84500       5.35928360
   2.85000       5.34825712
   2.85500       5.33737610
   2.86000       5.32664022
   2.86500       5.31604746
   2.87000       5.30559570
   2.87500       5.29528287
   2.88000       5.28510687
   2.88500       5.27506559
   2.89000       5.26515694
   2.89500       5.25537884
   2.90000       5.24572918
   2.90500       5.23620587
   2.91000       5.22680681
   2.91500       5.21752991
   2.92000       5.20837308
   2.92500       5.19933422
   2.93000       5.19041122
   2.93500       5.18160201
   2.94000       5.17290448
   2.94500       5.16431654
   2.95000       5.15583610
   2.95500       5.14746105
   2.96000       5.13918931
   2.96500       5.13101878
   2.97000       5.12294785
   2.97500       5.11497565
   2.98000       5.10710136
   2.98500       5.09932417
   2.99000       5.09164326
   2.99500       5.08405783
   3.00000       5.07656706
   3.00500       5.06917014
   3.01000       5.06186625
   3.01500       5.05465459
   3.02000       5.04753433
   3.02500       5.04050467
   3.03000       5.03356480
   3.03500       5.02671390
   3.04000       5.01995116
   3.04500       5.01327577
   3.05000       5.00668691
   3.05500       5.00018371
   3.06000       4.99376523
   3.06500       4.98743053
   3.07000       4.98117865
   3.07500       4.97500864
   3.08000       4.96891956
   3.08500       4.96291047
   3.09000       4.95698040
   3.09500       4.95112842
   3.10000       4.94535358
   3.10500       4.93965492
   3.11000       4.93403150
   3.11500       4.92848238
   3.12000       4.92300660
   3.12500       4.91760322
   3.13000       4.91227129
   3.13500       4.90700985
   3.14000       4.90181797
   3.14500       4.89669469
   3.15000       4.89163907
   3.15500       4.88665016
   3.16000       4.88172701
   3.16500       4.87686867
   3.17000       4.87207420
   3.17500       4.86734264
   3.18000       4.86267311
   3.18500       4.85806491
   3.19000       4.85351744
   3.19500       4.84903005
   3.20000       4.84460213
   3.20500       4.84023305
   3.21000       4.83592218
   3.21500       4.83166891
   3.22000       4.82747259
   3.22500       4.82333262
   3.23000       4.81924836
   3.23500       4.81521918
   3.24000       4.81124447
   3.24500       4.80732360
   3.25000       4.80345593
   3.25500       4.79964085
   3.26000       4.79587773
   3.26500       4.79216595
   3.27000       4.78850487
   3.27500       4.78489388
   3.28000       4.78133235
   3.28500       4.77781965
   3.29000       4.77435516
   3.29500       4.77093825
   3.30000       4.76756829
   3.30500       4.76424467
   3.31000       4.76096675
   3.31500       4.75773391
   3.32000       4.75454553
   3.32500       4.75140098
   3.33000       4.74829963
   3.33500       4.74524085
   3.34000       4.74222404
   3.34500       4.73924854
   3.35000       4.73631375
   3.35500       4.73341904
   3.36000       4.73056378
   3.36500       4.72774734
   3.37000       4.72496911
   3.37500       4.72222845
   3.38000       4.71952473
   3.38500       4.71685734
   3.39000       4.71422567
   3.39500       4.71162926
   3.40000       4.70906778
   3.40500       4.70654091
   3.41000       4.70404829
   3.41500       4.70158961
   3.42000       4.69916452
   3.42500       4.69677270
   3.43000       4.69441381
   3.43500       4.69208751
   3.44000       4.68979348
   3.44500       4.68753137
   3.45000       4.68530086
   3.45500       4.68310161
   3.46000       4.68093329
   3.46500       4.67879556
   3.47000       4.67668809
   3.47500       4.67461054
   3.48000       4.67256259
   3.48500       4.67054389
   3.49000       4.66855412
   3.49500       4.66659294
   3.50000       4.66466002
   3.50500       4.66275502
   3.51000       4.66087761
   3.51500       4.65902746
   3.52000       4.65720422
   3.52500       4.65540758
   3.53000       4.65363719
   3.53500       4.65189272
   3.54000       4.65017384
   3.54500       4.64848021
   3.55000       4.64681150
   3.55500       4.64516737
   3.56000       4.64354750
   3.56500       4.64195154
   3.57000       4.64037917
   3.57500       4.63883005
   3.58000       4.63730385
   3.58500       4.63580023
   3.59000       4.63431886
   3.59500       4.63285940
   3.60000       4.63142153
   3.60500       4.63000490
   3.61000       4.62860919
   3.61500       4.62723406
   3.62000       4.62587917
   3.62500       4.62454420
   3.63000       4.62322881
   3.63500       4.62193266
   3.64000       4.62065543
   3.64500       4.61939677
   3.65000       4.61815635
   3.65500       4.61693385
   3.66000       4.61572892
   3.66500       4.61454124
   3.67000       4.61337046
   3.67500       4.61221626
   3.68000       4.61107830
   3.68500       4.60995625
   3.69000       4.60884978
   3.69500       4.60775854
   3.70000       4.60668221
   3.70500       4.60562045
   3.71000       4.60457299
   3.71500       4.60353967
   3.72000       4.60252039
   3.72500       4.60151500
   3.73000       4.60052340
   3.73500       4.59954546
   3.74000       4.59858105
   3.74500       4.59763005
   3.75000       4.59669235
   3.75500       4.59576780
   3.76000       4.59485631
   3.76500       4.59395773
   3.77000       4.59307195
   3.77500       4.59219884
   3.78000       4.59133828
   3.78500       4.59049016
   3.79000       4.58965433
   3.79500       4.58883069
   3.80000       4.58801911
   3.80500       4.58721946
   3.81000       4.58643163
   3.81500       4.58565549
   3.82000       4.58489091
   3.82500       4.58413778
   3.83000       4.58339597
   3.83500       4.58266535
   3.84000       4.58194581
   3.84500       4.58123723
   3.85000       4.58053947
   3.85500       4.57985242
   3.86000       4.57917595
   3.86500       4.57850994
   3.87000       4.57785427
   3.87500       4.57720881
   3.88000       4.57657345
   3.88500       4.57594805
   3.89000       4.57533249
   3.89500       4.57472666
   3.90000       4.57413043
   3.90500       4.57354367
   3.91000       4.57296627
   3.91500       4.57239809
   3.92000       4.57183903
   3.92500       4.57128894
   3.93000       4.57074772
   3.93500       4.57021524
   3.94000       4.56969137
   3.94500       4.56917599
   3.95000       4.56866898
   3.95500       4.56817022
   3.96000       4.56767958
   3.96500       4.56719694
   3.97000       4.56672218
   3.97500       4.56625517
   3.98000       4.56579579
   3.98500       4.56534392
   3.99000       4.56489943
   3.99500       4.56446221
   4.00000       4.56403212
   4.00500       4.56360906
   4.01000       4.56319288
   4.01500       4.56278347
   4.02000       4.56238071
   4.02500       4.56198448
   4.03000       4.56159464
   4.03500       4.56121109
   4.04000       4.56083369
   4.04500       4.56046232
   4.05000       4.56009685
   4.05500       4.55973718
   4.06000       4.55938317
   4.06500       4.55903469
   4.07000       4.55869164
   4.07500       4.55835388
   4.08000       4.55802128
   4.08500       4.55769374
   4.09000       4.55737112
   4.09500       4.55705331
   4.10000       4.55674017
   4.10500       4.55643159
   4.11000       4.55612744
   4.11500       4.55582760
   4.12000       4.55553194
   4.12500       4.55524035
   4.13000       4.55495271
   4.13500       4.55466892
   4.14000       4.55438896
   4.14500       4.55411278
   4.15000       4.55384034
   4.15500       4.55357161
   4.16000       4.55330654
   4.16500       4.55304511
   4.17000       4.55278726
   4.17500       4.55253296
   4.18000       4.55228218
   4.18500       4.55203487
   4.19000       4.55179100
   4.19500       4.55155053
   4.20000       4.55131341
   4.20500       4.55107962
   4.21000       4.55084910
   4.21500       4.55062183
   4.22000       4.55039777
   4.22500       4.55017687
   4.23000       4.54995910
   4.23500       4.54974441
   4.24000       4.54953278
   4.24500       4.54932417
   4.25000       4.54911852
   4.25500       4.54891581
   4.26000       4.54871600
   4.26500       4.54851904
   4.27000       4.54832491
   4.27500       4.54813356
   4.28000       4.54794494
   4.28500       4.54775904
   4.29000       4.54757580
   4.29500       4.54739518
   4.30000       4.54721716
   4.30500       4.54704168
   4.31000       4.54686872
   4.31500       4.54669823
   4.32000       4.54653018
   4.32500       4.54636452
   4.33000       4.54620122
   4.33500       4.54604024
   4.34000       4.54588153
   4.34500       4.54572508
   4.35000       4.54557085
   4.35500       4.54541882
   4.36000       4.54526898
   4.36500       4.54512131
   4.37000       4.54497577
   4.37500       4.54483236
   4.38000       4.54469106
   4.38500       4.54455183
   4.39000       4.54441467
   4.39500       4.54427956
   4.40000       4.54414646
   4.40500       4.54401537
   4.41000       4.54388626
   4.41500       4.54375911
   4.42000       4.54363390
   4.42500       4.54351061
   4.43000       4.54338922
   4.43500       4.54326972
   4.44000       4.54315207
   4.44500       4.54303627
   4.45000       4.54292228
   4.45500       4.54281009
   4.46000       4.54269969
   4.46500       4.54259104
   4.47000       4.54248413
   4.47500       4.54237894
   4.48000       4.54227545
   4.48500       4.54217363
   4.49000       4.54207348
   4.49500       4.54197496
   4.50000       4.54187805
   4.50500       4.54178275
   4.51000       4.54168902
   4.51500       4.54159685
   4.52000       4.54150622
   4.52500       4.54141710
   4.53000       4.54132947
   4.53500       4.54124333
   4.54000       4.54115863
   4.54500       4.54107538
   4.55000       4.54099353
   4.55500       4.54091308
   4.56000       4.54083401
   4.56500       4.54075629
   4.57000       4.54067990
   4.57500       4.54060483
   4.58000       4.54053105
   4.58500       4.54045855
   4.59000       4.54038729
   4.59500       4.54031727
   4.60000       4.54024846
   4.60500       4.54018085
   4.61000       4.54011440
   4.61500       4.54004911
   4.62000       4.53998495
   4.62500       4.53992189
   4.63000       4.53985993
   4.63500       4.53979904
   4.64000       4.53973920
   4.64500       4.53968039
   4.65000       4.53962259
   4.65500       4.53956578
   4.66000       4.53950994
   4.66500       4.53945505
   4.67000       4.53940109
   4.67500       4.53934803
   4.68000       4.53929586
   4.68500       4.53924456
   4.69000       4.53919410
   4.69500       4.53914447
   4.70000       4.53909564
   4.70500       4.53904760
   4.71000       4.53900032
   4.71500       4.53895379
   4.72000       4.53890798
   4.72500       4.53886287
   4.73000       4.53881844
   4.73500       4.53877468
   4.74000       4.53873155
   4.74500       4.53868905
   4.75000       4.53864714
   4.75500       4.53860581
   4.76000       4.53856504
   4.76500       4.53852481
   4.77000       4.53848510
   4.77500       4.53844588
   4.78000       4.53840714
   4.78500       4.53836886
   4.79000       4.53833101
   4.79500       4.53829358
   4.80000       4.53825654
   4.80500       4.53821987
   4.81000       4.53818356
   4.81500       4.53814757
   4.82000       4.53811191
   4.82500       4.53807653
   4.83000       4.53804142
   4.83500       4.53800656
   4.84000       4.53797194
   4.84500       4.53793752
   4.85000       4.53790329
   4.85500       4.53786923
   4.86000       4.53783532
   4.86500       4.53780153
   4.87000       4.53776785
   4.87500       4.53773426
   4.88000       4.53770073
   4.88500       4.53766724
   4.89000       4.53763379
   4.89500       4.53760033
   4.90000       4.53756686
   4.90500       4.53753335
   4.91000       4.53749978
   4.91500       4.53746614
   4.92000       4.53743239
   4.92500       4.53739853
   4.93000       4.53736452
   4.93500       4.53733036
   4.94000       4.53729601
   4.94500       4.53726147
   4.95000       4.53722670
   4.95500       4.53719168
   4.96000       4.53715641
   4.96500       4.53712085
   4.97000       4.53708499
   4.97500       4.53704880
   4.98000       4.53701227
   4.98500       4.53697541
   4.99000       4.53693822
   4.99500       4.53690071
   5.00000       4.53686289
   5.00500       4.53682476
   5.01000       4.53678633
   5.01500       4.53674761
   5.02000       4.53670860
   5.02500       4.53666931
   5.03000       4.53662975
   5.03500       4.53658992
   5.04000       4.53654984
   5.04500       4.53650950
   5.05000       4.53646891
   5.05500       4.53642809
   5.06000       4.53638704
   5.06500       4.53634576
   5.07000       4.53630427
   5.07500       4.53626256
   5.08000       4.53622065
   5.08500       4.53617854
   5.09000       4.53613624
   5.09500       4.53609376
   5.10000       4.53605110
   5.10500       4.53600828
   5.11000       4.53596529
   5.11500       4.53592214
   5.12000       4.53587884
   5.12500       4.53583540
   5.13000       4.53579183
   5.13500       4.53574812
   5.14000       4.53570430
   5.14500       4.53566036
   5.15000       4.53561631
   5.15500       4.53557216
   5.16000       4.53552791
   5.16500       4.53548358
   5.17000       4.53543917
   5.17500       4.53539468
   5.18000       4.53535012
   5.18500       4.53530551
   5.19000       4.53526084
   5.19500       4.53521613
   5.20000       4.53517137
   5.20500       4.53512658
   5.21000       4.53508177
   5.21500       4.53503694
   5.22000       4.53499209
   5.22500       4.53494724
   5.23000       4.53490239
   5.23500       4.53485755
   5.24000       4.53481272
   5.24500       4.53476792
   5.25000       4.53472314
   5.25500       4.53467840
   5.26000       4.53463370
   5.26500       4.53458906
   5.27000       4.53454446
   5.27500       4.53449993
   5.28000       4.53445547
   5.28500       4.53441109
   5.29000       4.53436679
 5.29500  4.53223723e+00
 5.30000  4.53223762e+00
 5.30500  4.53223801e+00
 5.31000  4.53223839e+00
 5.31500  4.53223877e+00
 5.32000  4.53223915e+00
 5.32500  4.53223952e+00
 5.33000  4.53223989e+00
 5.33500  4.53224026e+00
 5.34000  4.53224062e+00
 5.34500  4.53224098e+00
 5.35000  4.53224134e+00
 5.35500  4.53224169e+00
 5.36000  4.53224204e+00
 5.36500  4.53224239e+00
 5.37000  4.53224274e+00
 5.37500  4.53224308e+00
 5.38000  4.53224341e+00
 5.38500  4.53224375e+00
 5.39000  4.53224408e+00
 5.39500  4.53224441e+00
 5.40000  4.53224473e+00
 5.40500  4.53224506e+00
 5.41000  4.53224538e+00
 5.41500  4.53224569e+00
 5.42000  4.53224601e+00
 5.42500  4.53224632e+00
 5.43000  4.53224663e+00
 5.43500  4.53224693e+00
 5.44000  4.53224724e+00
 5.44500  4.53224754e+00
 5.45000  4.53224783e+00
 5.45500  4.53224813e+00
 5.46000  4.53224842e+00
 5.46500  4.53224871e+00
 5.47000  4.53224900e+00
 5.47500  4.53224928e+00
 5.48000  4.53224956e+00
 5.48500  4.53224984e+00
 5.49000  4.53225012e+00
 5.49500  4.53225039e+00
 5.50000  4.53225067e+00
 5.50500  4.53225094e+00
 5.51000  4.53225120e+00
 5.51500  4.53225147e+00
 5.52000  4.53225173e+00
 5.52500  4.53225199e+00
 5.53000  4.53225225e+00
 5.53500  4.53225250e+00
 5.54000  4.53225276e+00
 5.54500  4.53225301e+00
 5.55000  4.53225326e+00
 5.55500  4.53225350e+00
 5.56000  4.53225375e+00
 5.56500  4.53225399e+00
 5.57000  4.53225423e+00
 5.57500  4.53225447e+00
 5.58000  4.53225470e+00
 5.58500  4.53225494e+00
 5.59000  4.53225517e+00
 5.59500  4.53225540e+00
 5.60000  4.53225563e+00
 5.60500  4.53225585e+00
 5.61000  4.53225608e+00
 5.61500  4.53225630e+00
 5.62000  4.53225652e+00
 5.62500  4.53225674e+00
 5.63000  4.53225695e+00
 5.63500  4.53225717e+00
 5.64000  4.53225738e+00
 5.64500  4.53225759e+00
 5.65000  4.53225780e+00
 5.65500  4.53225801e+00
 5.66000  4.53225821e+00
 5.66500  4.53225842e+00
 5.67000  4.53225862e+00
 5.67500  4.53225882e+00
 5.68000  4.53225902e+00
 5.68500  4.53225921e+00
 5.69000  4.53225941e+00
 5.69500  4.53225960e+00
 5.70000  4.53225979e+00
 5.70500  4.53225998e+00
 5.71000  4.53226017e+00
 5.71500  4.53226036e+00
 5.72000  4.53226054e+00
 5.72500  4.53226073e+00
 5.73000  4.53226091e+00
 5.73500  4.53226109e+00
 5.74000  4.53226127e+00
 5.74500  4.53226144e+00
 5.75000  4.53226162e+00
 5.75500  4.53226179e+00
 5.76000  4.53226197e+00
 5.76500  4.53226214e+00
 5.77000  4.53226231e+00
 5.77500  4.53226248e+00
 5.78000  4.53226264e+00
 5.78500  4.53226281e+00
 5.79000  4.53226297e+00
 5.79500  4.53226314e+00
 5.80000  4.53226330e+00
 5.80500  4.53226346e+00
 5.81000  4.53226362e+00
 5.81500  4.53226377e+00
 5.82000  4.53226393e+00
 5.82500  4.53226409e+00
 5.83000  4.53226424e+00
 5.83500  4.53226439e+00
 5.84000  4.53226454e+00
 5.84500  4.53226469e+00
 5.85000  4.53226484e+00
 5.85500  4.53226499e+00
 5.86000  4.53226513e+00
 5.86500  4.53226528e+00
 5.87000  4.53226542e+00
 5.87500  4.53226556e+00
 5.88000  4.53226571e+00
 5.88500  4.53226585e+00
 5.89000  4.53226598e+00
 5.89500  4.53226612e+00
 5.90000  4.53226626e+00
 5.90500  4.53226639e+00
 5.91000  4.53226653e+00
 5.91500  4.53226666e+00
 5.92000  4.53226679e+00
 5.92500  4.53226692e+00
 5.93000  4.53226705e+00
 5.93500  4.53226718e+00
 5.94000  4.53226731e+00
 5.94500  4.53226744e+00
 5.95000  4.53226756e+00
 5.95500  4.53226769e+00
 5.96000  4.53226781e+00
 5.96500  4.53226793e+00
 5.97000  4.53226806e+00
 5.97500  4.53226818e+00
 5.98000  4.53226830e+00
 5.98500  4.53226841e+00
 5.99000  4.53226853e+00
 5.99500  4.53226865e+00
 6.00000  4.53226876e+00
 6.00500  4.53226888e+00
 6.01000  4.53226899e+00
 6.01500  4.53226911e+00
 6.02000  4.53226922e+00
 6.02500  4.53226933e+00
 6.03000  4.53226944e+00
 6.03500  4.53226955e+00
 6.04000  4.53226966e+00
 6.04500  4.53226977e+00
 6.05000  4.53226987e+00
 6.05500  4.53226998e+00
 6.06000  4.53227008e+00
 6.06500  4.53227019e+00
 6.07000  4.53227029e+00
 6.07500  4.53227039e+00
 6.08000  4.53227049e+00
 6.08500  4.53227060e+00
 6.09000  4.53227070e+00
 6.09500  4.53227079e+00
 6.10000  4.53227089e+00
 6.10500  4.53227099e+00
 6.11000  4.53227109e+00
 6.11500  4.53227118e+00
 6.12000  4.53227128e+00
 6.12500  4.53227137e+00
 6.13000  4.53227147e+00
 6.13500  4.53227156e+00
 6.14000  4.53227165e+00
 6.14500  4.53227174e+00
 6.15000  4.53227184e+00
 6.15500  4.53227193e+00
 6.16000  4.53227201e+00
 6.16500  4.53227210e+00
 6.17000  4.53227219e+00
 6.17500  4.53227228e+00
 6.18000  4.53227237e+00
 6.18500  4.53227245e+00
 6.19000  4.53227254e+00
 6.19500  4.53227262e+00
 6.20000  4.53227271e+00
 6.20500  4.53227279e+00
 6.21000  4.53227287e+00
 6.21500  4.53227295e+00
 6.22000  4.53227303e+00
 6.22500  4.53227312e+00
 6.23000  4.53227320e+00
 6.23500  4.53227327e+00
 6.24000  4.53227335e+00
 6.24500  4.53227343e+00
 6.25000  4.53227351e+00
 6.25500  4.53227359e+00
 6.26000  4.53227366e+00
 6.26500  4.53227374e+00
 6.27000  4.53227381e+00
 6.27500  4.53227389e+00
 6.28000  4.53227396e+00
 6.28500  4.53227404e+00
 6.29000  4.53227411e+00
 6.29500  4.53227418e+00
 6.30000  4.53227425e+00
 6.30500  4.53227432e+00
 6.31000  4.53227439e+00
 6.31500  4.53227446e+00
 6.32000  4.53227453e+00
 6.32500  4.53227460e+00
 6.33000  4.53227467e+00
 6.33500  4.53227474e+00
 6.34000  4.53227481e+00
 6.34500  4.53227487e+00
 6.35000  4.53227494e+00
 6.35500  4.53227501e+00
 6.36000  4.53227507e+00
 6.36500  4.53227514e+00
 6.37000  4.53227520e+00
 6.37500  4.53227526e+00
 6.38000  4.53227533e+00
 6.38500  4.53227539e+00
 6.39000  4.53227545e+00
 6.39500  4.53227551e+00
 6.40000  4.53227558e+00
 6.40500  4.53227564e+00
 6.41000  4.53227570e+00
 6.41500  4.53227576e+00
 6.42000  4.53227582e+00
 6.42500  4.53227588e+00
 6.43000  4.53227593e+00
 6.43500  4.53227599e+00
 6.44000  4.53227605e+00
 6.44500  4.53227611e+00
 6.45000  4.53227617e+00
 6.45500  4.53227622e+00
 6.46000  4.53227628e+00
 6.46500  4.53227633e+00
 6.47000  4.53227639e+00
 6.47500  4.53227644e+00
 6.48000  4.53227650e+00
 6.48500  4.53227655e+00
 6.49000  4.53227661e+00
 6.49500  4.53227666e+00
 6.50000  4.53227671e+00
 6.50500  4.53227676e+00
 6.51000  4.53227682e+00
 6.51500  4.53227687e+00
 6.52000  4.53227692e+00
 6.52500  4.53227697e+00
 6.53000  4.53227702e+00
 6.53500  4.53227707e+00
 6.54000  4.53227712e+00
 6.54500  4.53227717e+00
 6.55000  4.53227722e+00
 6.55500  4.53227727e+00
 6.56000  4.53227731e+00
 6.56500  4.53227736e+00
 6.57000  4.53227741e+00
 6.57500  4.53227746e+00
 6.58000  4.53227750e+00
 6.58500  4.53227755e+00
 6.59000  4.53227760e+00
 6.59500  4.53227764e+00
 6.60000  4.53227769e+00
 6.60500  4.53227773e+00
 6.61000  4.53227778e+00
 6.61500  4.53227782e+00
 6.62000  4.53227787e+00
 6.62500  4.53227791e+00
 6.63000  4.53227795e+00
 6.63500  4.53227800e+00
 6.64000  4.53227804e+00
 6.64500  4.53227808e+00
 6.65000  4.53227812e+00
 6.65500  4.53227817e+00
 6.66000  4.53227821e+00
 6.66500  4.53227825e+00
 6.67000  4.53227829e+00
 6.67500  4.53227833e+00
 6.68000  4.53227837e+00
 6.68500  4.53227841e+00
 6.69000  4.53227845e+00
 6.69500  4.53227849e+00
 6.70000  4.53227853e+00
 6.70500  4.53227857e+00
 6.71000  4.53227861e+00
 6.71500  4.53227865e+00
 6.72000  4.53227868e+00
 6.72500  4.53227872e+00
 6.73000  4.53227876e+00
 6.73500  4.53227880e+00
 6.74000  4.53227883e+00
 6.74500  4.53227887e+00
 6.75000  4.53227891e+00
 6.75500  4.53227894e+00
 6.76000  4.53227898e+00
 6.76500  4.53227901e+00
 6.77000  4.53227905e+00
 6.77500  4.53227908e+00
 6.78000  4.53227912e+00
 6.78500  4.53227915e+00
 6.79000  4.53227919e+00
 6.79500  4.53227922e+00
 6.80000  4.53227926e+00
 6.80500  4.53227929e+00
 6.81000  4.53227932e+00
 6.81500  4.53227936e+00
 6.82000  4.53227939e+00
 6.82500  4.53227942e+00
 6.83000  4.53227945e+00
 6.83500  4.53227949e+00
 6.84000  4.53227952e+00
 6.84500  4.53227955e+00
 6.85000  4.53227958e+00
 6.85500  4.53227961e+00
 6.86000  4.53227964e+00
 6.86500  4.53227968e+00
 6.87000  4.53227971e+00
 6.87500  4.53227974e+00
 6.88000  4.53227977e+00
 6.88500  4.53227980e+00
 6.89000  4.53227983e+00
 6.89500  4.53227986e+00
 6.90000  4.53227989e+00
 6.90500  4.53227991e+00
 6.91000  4.53227994e+00
 6.91500  4.53227997e+00
 6.92000  4.53228000e+00
 6.92500  4.53228003e+00
 6.93000  4.53228006e+00
 6.93500  4.53228009e+00
 6.94000  4.53228011e+00
 6.94500  4.53228014e+00
 6.95000  4.53228017e+00
 6.95500  4.53228019e+00
 6.96000  4.53228022e+00
 6.96500  4.53228025e+00
 6.97000  4.53228028e+00
 6.97500  4.53228030e+00
 6.98000  4.53228033e+00
 6.98500  4.53228035e+00
 6.99000  4.53228038e+00
 6.99500  4.53228041e+00
 7.00000  4.53228043e+00
 7.00500  4.53228046e+00
 7.01000  4.53228048e+00
 7.01500  4.53228051e+00
 7.02000  4.53228053e+00
 7.02500  4.53228056e+00
 7.03000  4.53228058e+00
 7.03500  4.53228060e+00
 7.04000  4.53228063e+00
 7.04500  4.53228065e+00
 7.05000  4.53228068e+00
 7.05500  4.53228070e+00
 7.06000  4.53228072e+00
 7.06500  4.53228075e+00
 7.07000  4.53228077e+00
 7.07500  4.53228079e+00
 7.08000  4.53228082e+00
 7.08500  4.53228084e+00
 7.09000  4.53228086e+00
 7.09500  4.53228088e+00
 7.10000  4.53228091e+00
 7.10500  4.53228093e+00
 7.11000  4.53228095e+00
 7.11500  4.53228097e+00
 7.12000  4.53228099e+00
 7.12500  4.53228101e+00
 7.13000  4.53228104e+00
 7.13500  4.53228106e+00
 7.14000  4.53228108e+00
 7.14500  4.53228110e+00
 7.15000  4.53228112e+00
 7.15500  4.53228114e+00
 7.16000  4.53228116e+00
 7.16500  4.53228118e+00
 7.17000  4.53228120e+00
 7.17500  4.53228122e+00
 7.18000  4.53228124e+00
 7.18500  4.53228126e+00
 7.19000  4.53228128e+00
 7.19500  4.53228130e+00
 7.20000  4.53228132e+00
 7.20500  4.53228134e+00
 7.21000  4.53228136e+00
 7.21500  4.53228138e+00
 7.22000  4.53228139e+00
 7.22500  4.53228141e+00
 7.23000  4.53228143e+00
 7.23500  4.53228145e+00
 7.24000  4.53228147e+00
 7.24500  4.53228149e+00
 7.25000  4.53228150e+00
 7.25500  4.53228152e+00
 7.26000  4.53228154e+00
 7.26500  4.53228156e+00
 7.27000  4.53228158e+00
 7.27500  4.53228159e+00
 7.28000  4.53228161e+00
 7.28500  4.53228163e+00
 7.29000  4.53228165e+00
 7.29500  4.53228166e+00
 7.30000  4.53228168e+00
 7.30500  4.53228170e+00
 7.31000  4.53228171e+00
 7.31500  4.53228173e+00
 7.32000  4.53228175e+00
 7.32500  4.53228176e+00
 7.33000  4.53228178e+00
 7.33500  4.53228179e+00
 7.34000  4.53228181e+00
 7.34500  4.53228183e+00
 7.35000  4.53228184e+00
 7.35500  4.53228186e+00
 7.36000  4.53228187e+00
 7.36500  4.53228189e+00
 7.37000  4.53228190e+00
 7.37500  4.53228192e+00
 7.38000  4.53228193e+00
 7.38500  4.53228195e+00
 7.39000  4.53228196e+00
 7.39500  4.53228198e+00
 7.40000  4.53228199e+00
 7.40500  4.53228201e+00
 7.41000  4.53228202e+00
 7.41500  4.53228204e+00
 7.42000  4.53228205e+00
 7.42500  4.53228207e+00
 7.43000  4.53228208e+00
 7.43500  4.53228209e+00
 7.44000  4.53228211e+00
 7.44500  4.53228212e+00
 7.45000  4.53228214e+00
 7.45500  4.53228215e+00
 7.46000  4.53228216e+00
 7.46500  4.53228218e+00
 7.47000  4.53228219e+00
 7.47500  4.53228220e+00
 7.48000  4.53228222e+00
 7.48500  4.53228223e+00
 7.49000  4.53228224e+00
 7.49500  4.53228226e+00
 7.50000  4.53228227e+00
 7.50500  4.53228228e+00
 7.51000  4.53228230e+00
 7.51500  4.53228231e+00
 7.52000  4.53228232e+00
 7.52500  4.53228233e+00
 7.53000  4.53228235e+00
 7.53500  4.53228236e+00
 7.54000  4.53228237e+00
 7.54500  4.53228238e+00
 7.55000  4.53228240e+00
 7.55500  4.53228241e+00
 7.56000  4.53228242e+00
 7.56500  4.53228243e+00
 7.57000  4.53228244e+00
 7.57500  4.53228245e+00
 7.58000  4.53228247e+00
 7.58500  4.53228248e+00
 7.59000  4.53228249e+00
 7.59500  4.53228250e+00
 7.60000  4.53228251e+00
 7.60500  4.53228252e+00
 7.61000  4.53228253e+00
 7.61500  4.53228255e+00
 7.62000  4.53228256e+00
 7.62500  4.53228257e+00
 7.63000  4.53228258e+00
 7.63500  4.53228259e+00
 7.64000  4.53228260e+00
 7.64500  4.53228261e+00
 7.65000  4.53228262e+00
 7.65500  4.53228263e+00
 7.66000  4.53228264e+00
 7.66500  4.53228265e+00
 7.67000  4.53228266e+00
 7.67500  4.53228267e+00
 7.68000  4.53228268e+00
 7.68500  4.53228270e+00
 7.69000  4.53228271e+00
 7.69500  4.53228272e+00
 7.70000  4.53228273e+00
 7.70500  4.53228274e+00
 7.71000  4.53228275e+00
 7.71500  4.53228275e+00
 7.72000  4.53228276e+00
 7.72500  4.53228277e+00
 7.73000  4.53228278e+00
 7.73500  4.53228279e+00
 7.74000  4.53228280e+00
 7.74500  4.53228281e+00
 7.75000  4.53228282e+00
 7.75500  4.53228283e+00
 7.76000  4.53228284e+00
 7.76500  4.53228285e+00
 7.77000  4.53228286e+00
 7.77500  4.53228287e+00
 7.78000  4.53228288e+00
 7.78500  4.53228289e+00
 7.79000  4.53228289e+00
 7.79500  4.53228290e+00
 7.80000  4.53228291e+00
 7.80500  4.53228292e+00
 7.81000  4.53228293e+00
 7.81500  4.53228294e+00
 7.82000  4.53228295e+00
 7.82500  4.53228296e+00
 7.83000  4.53228296e+00
 7.83500  4.53228297e+00
 7.84000  4.53228298e+00
 7.84500  4.53228299e+00
 7.85000  4.53228300e+00
 7.85500  4.53228301e+00
 7.86000  4.53228301e+00
 7.86500  4.53228302e+00
 7.87000  4.53228303e+00
 7.87500  4.53228304e+00
 7.88000  4.53228305e+00
 7.88500  4.53228305e+00
 7.89000  4.53228306e+00
 7.89500  4.53228307e+00
 7.90000  4.53228308e+00
 7.90500  4.53228309e+00
 7.91000  4.53228309e+00
 7.91500  4.53228310e+00
 7.92000  4.53228311e+00
 7.92500  4.53228312e+00
 7.93000  4.53228312e+00
 7.93500  4.53228313e+00
 7.94000  4.53228314e+00
 7.94500  4.53228315e+00
 7.95000  4.53228315e+00
 7.95500  4.53228316e+00
 7.96000  4.53228317e+00
 7.96500  4.53228317e+00
 7.97000  4.53228318e+00
 7.97500  4.53228319e+00
 7.98000  4.53228320e+00
 7.98500  4.53228320e+00
 7.99000  4.53228321e+00
 7.99500  4.53228322e+00
 8.00000  4.53228322e+00
 8.00500  4.53228323e+00
 8.01000  4.53228324e+00
 8.01500  4.53228324e+00
 8.02000  4.53228325e+00
 8.02500  4.53228326e+00
 8.03000  4.53228326e+00
 8.03500  4.53228327e+00
 8.04000  4.53228328e+00
 8.04500  4.53228328e+00
 8.05000  4.53228329e+00
 8.05500  4.53228330e+00
 8.06000  4.53228330e+00
 8.06500  4.53228331e+00
 8.07000  4.53228332e+00
 8.07500  4.53228332e+00
 8.08000  4.53228333e+00
 8.08500  4.53228333e+00
 8.09000  4.53228334e+00
 8.09500  4.53228335e+00
 8.10000  4.53228335e+00
 8.10500  4.53228336e+00
 8.11000  4.53228336e+00
 8.11500  4.53228337e+00
 8.12000  4.53228338e+00
 8.12500  4.53228338e+00
 8.13000  4.53228339e+00
 8.13500  4.53228339e+00
 8.14000  4.53228340e+00
 8.14500  4.53228341e+00
 8.15000  4.53228341e+00
 8.15500  4.53228342e+00
 8.16000  4.53228342e+00
 8.16500  4.53228343e+00
 8.17000  4.53228343e+00
 8.17500  4.53228344e+00
 8.18000  4.53228345e+00
 8.18500  4.53228345e+00
 8.19000  4.53228346e+00
 8.19500  4.53228346e+00
 8.20000  4.53228347e+00
 8.20500  4.53228347e+00
 8.21000  4.53228348e+00
 8.21500  4.53228348e+00
 8.22000  4.53228349e+00
 8.22500  4.53228349e+00
 8.23000  4.53228350e+00
 8.23500  4.53228350e+00
 8.24000  4.53228351e+00
 8.24500  4.53228351e+00
 8.25000  4.53228352e+00
 8.25500  4.53228352e+00
 8.26000  4.53228353e+00
 8.26500  4.53228353e+00
 8.27000  4.53228354e+00
 8.27500  4.53228354e+00
 8.28000  4.53228355e+00
 8.28500  4.53228355e+00
 8.29000  4.53228356e+00
 8.29500  4.53228356e+00
 8.30000  4.53228357e+00
 8.30500  4.53228357e+00
 8.31000  4.53228358e+00
 8.31500  4.53228358e+00
 8.32000  4.53228359e+00
 8.32500  4.53228359e+00
 8.33000  4.53228360e+00
 8.33500  4.53228360e+00
 8.34000  4.53228361e+00
 8.34500  4.53228361e+00
 8.35000  4.53228362e+00
 8.35500  4.53228362e+00
 8.36000  4.53228362e+00
 8.36500  4.53228363e+00
 8.37000  4.53228363e+00
 8.37500  4.53228364e+00
 8.38000  4.53228364e+00
 8.38500  4.53228365e+00
 8.39000  4.53228365e+00
 8.39500  4.53228365e+00
 8.40000  4.53228366e+00
 8.40500  4.53228366e+00
 8.41000  4.53228367e+00
 8.41500  4.53228367e+00
 8.42000  4.53228368e+00
 8.42500  4.53228368e+00
 8.43000  4.53228368e+00
 8.43500  4.53228369e+00
 8.44000  4.53228369e+00
 8.44500  4.53228370e+00
 8.45000  4.53228370e+00
 8.45500  4.53228370e+00
 8.46000  4.53228371e+00
 8.46500  4.53228371e+00
 8.47000  4.53228372e+00
 8.47500  4.53228372e+00
 8.48000  4.53228372e+00
 8.48500  4.53228373e+00
 8.49000  4.53228373e+00
 8.49500  4.53228374e+00
 8.50000  4.53228374e+00
 8.50500  4.53228374e+00
 8.51000  4.53228375e+00
 8.51500  4.53228375e+00
 8.52000  4.53228375e+00
 8.52500  4.53228376e+00
 8.53000  4.53228376e+00
 8.53500  4.53228377e+00
 8.54000  4.53228377e+00
 8.54500  4.53228377e+00
 8.55000  4.53228378e+00
 8.55500  4.53228378e+00
 8.56000  4.53228378e+00
 8.56500  4.53228379e+00
 8.57000  4.53228379e+00
 8.57500  4.53228379e+00
 8.58000  4.53228380e+00
 8.58500  4.53228380e+00
 8.59000  4.53228380e+00
 8.59500  4.53228381e+00
 8.60000  4.53228381e+00
 8.60500  4.53228381e+00
 8.61000  4.53228382e+00
 8.61500  4.53228382e+00
 8.62000  4.53228382e+00
 8.62500  4.53228383e+00
 8.63000  4.53228383e+00
 8.63500  4.53228383e+00
 8.64000  4.53228384e+00
 8.64500  4.53228384e+00
 8.65000  4.53228384e+00
 8.65500  4.53228385e+00
 8.66000  4.53228385e+00
 8.66500  4.53228385e+00
 8.67000  4.53228386e+00
 8.67500  4.53228386e+00
 8.68000  4.53228386e+00
 8.68500  4.53228387e+00
 8.69000  4.53228387e+00
 8.69500  4.53228387e+00
 8.70000  4.53228387e+00
 8.70500  4.53228388e+00
 8.71000  4.53228388e+00
 8.71500  4.53228388e+00
 8.72000  4.53228389e+00
 8.72500  4.53228389e+00
 8.73000  4.53228389e+00
 8.73500  4.53228389e+00
 8.74000  4.53228390e+00
 8.74500  4.53228390e+00
 8.75000  4.53228390e+00
 8.75500  4.53228391e+00
 8.76000  4.53228391e+00
 8.76500  4.53228391e+00
 8.77000  4.53228391e+00
 8.77500  4.53228392e+00
 8.78000  4.53228392e+00
 8.78500  4.53228392e+00
 8.79000  4.53228393e+00
 8.79500  4.53228393e+00
 8.80000  4.53228393e+00
 8.80500  4.53228393e+00
 8.81000  4.53228394e+00
 8.81500  4.53228394e+00
 8.82000  4.53228394e+00
 8.82500  4.53228394e+00
 8.83000  4.53228395e+00
 8.83500  4.53228395e+00
 8.84000  4.53228395e+00
 8.84500  4.53228395e+00
 8.85000  4.53228396e+00
 8.85500  4.53228396e+00
 8.86000  4.53228396e+00
 8.86500  4.53228397e+00
 8.87000  4.53228397e+00
 8.87500  4.53228397e+00
 8.88000  4.53228397e+00
 8.88500  4.53228397e+00
 8.89000  4.53228398e+00
 8.89500  4.53228398e+00
 8.90000  4.53228398e+00
 8.90500  4.53228398e+00
 8.91000  4.53228399e+00
 8.91500  4.53228399e+00
 8.92000  4.53228399e+00
 8.92500  4.53228399e+00
 8.93000  4.53228400e+00
 8.93500  4.53228400e+00
 8.94000  4.53228400e+00
 8.94500  4.53228400e+00
 8.95000  4.53228401e+00
 8.95500  4.53228401e+00
 8.96000  4.53228401e+00
 8.96500  4.53228401e+00
 8.97000  4.53228401e+00
 8.97500  4.53228402e+00
 8.98000  4.53228402e+00
 8.98500  4.53228402e+00
 8.99000  4.53228402e+00
 8.99500  4.53228403e+00
 9.00000  4.53228403e+00
 9.00500  4.53228403e+00
 9.01000  4.53228403e+00
 9.01500  4.53228403e+00
 9.02000  4.53228404e+00
 9.02500  4.53228404e+00
 9.03000  4.53228404e+00
 9.03500  4.53228404e+00
 9.04000  4.53228404e+00
 9.04500  4.53228405e+00
 9.05000  4.53228405e+00
 9.05500  4.53228405e+00
 9.06000  4.53228405e+00
 9.06500  4.53228405e+00
 9.07000  4.53228406e+00
 9.07500  4.53228406e+00
 9.08000  4.53228406e+00
 9.08500  4.53228406e+00
 9.09000  4.53228406e+00
 9.09500  4.53228407e+00
 9.10000  4.53228407e+00
 9.10500  4.53228407e+00
 9.11000  4.53228407e+00
 9.11500  4.53228407e+00
 9.12000  4.53228408e+00
 9.12500  4.53228408e+00
 9.13000  4.53228408e+00
 9.13500  4.53228408e+00
 9.14000  4.53228408e+00
 9.14500  4.53228409e+00
 9.15000  4.53228409e+00
 9.15500  4.53228409e+00
 9.16000  4.53228409e+00
 9.16500  4.53228409e+00
 9.17000  4.53228409e+00
 9.17500  4.53228410e+00
 9.18000  4.53228410e+00
 9.18500  4.53228410e+00
 9.19000  4.53228410e+00
 9.19500  4.53228410e+00
 9.20000  4.53228411e+00
 9.20500  4.53228411e+00
 9.21000  4.53228411e+00
 9.21500  4.53228411e+00
 9.22000  4.53228411e+00
 9.22500  4.53228411e+00
 9.23000  4.53228412e+00
 9.23500  4.53228412e+00
 9.24000  4.53228412e+00
 9.24500  4.53228412e+00
 9.25000  4.53228412e+00
 9.25500  4.53228412e+00
 9.26000  4.53228413e+00
 9.26500  4.53228413e+00
 9.27000  4.53228413e+00
 9.27500  4.53228413e+00
 9.28000  4.53228413e+00
 9.28500  4.53228413e+00
 9.29000  4.53228414e+00
 9.29500  4.53228414e+00
 9.30000  4.53228414e+00
 9.30500  4.53228414e+00
 9.31000  4.53228414e+00
 9.31500  4.53228414e+00
 9.32000  4.53228414e+00
 9.32500  4.53228415e+00
 9.33000  4.53228415e+00
 9.33500  4.53228415e+00
 9.34000  4.53228415e+00
 9.34500  4.53228415e+00
 9.35000  4.53228415e+00
 9.35500  4.53228416e+00
 9.36000  4.53228416e+00
 9.36500  4.53228416e+00
 9.37000  4.53228416e+00
 9.37500  4.53228416e+00
 9.38000  4.53228416e+00
 9.38500  4.53228416e+00
 9.39000  4.53228417e+00
 9.39500  4.53228417e+00
 9.40000  4.53228417e+00
 9.40500  4.53228417e+00
 9.41000  4.53228417e+00
 9.41500  4.53228417e+00
 9.42000  4.53228417e+00
 9.42500  4.53228418e+00
 9.43000  4.53228418e+00
 9.43500  4.53228418e+00
 9.44000  4.53228418e+00
 9.44500  4.53228418e+00
 9.45000  4.53228418e+00
 9.45500  4.53228418e+00
 9.46000  4.53228418e+00
 9.46500  4.53228419e+00
 9.47000  4.53228419e+00
 9.47500  4.53228419e+00
 9.48000  4.53228419e+00
 9.48500  4.53228419e+00
 9.49000  4.53228419e+00
 9.49500  4.53228419e+00
 9.50000  4.53228420e+00
 9.50500  4.53228420e+00
 9.51000  4.53228420e+00
 9.51500  4.53228420e+00
 9.52000  4.53228420e+00
 9.52500  4.53228420e+00
 9.53000  4.53228420e+00
 9.53500  4.53228420e+00
 9.54000  4.53228420e+00
 9.54500  4.53228421e+00
 9.55000  4.53228421e+00
 9.55500  4.53228421e+00
 9.56000  4.53228421e+00
 9.56500  4.53228421e+00
 9.57000  4.53228421e+00
 9.57500  4.53228421e+00
 9.58000  4.53228421e+00
 9.58500  4.53228422e+00
 9.59000  4.53228422e+00
 9.59500  4.53228422e+00
 9.60000  4.53228422e+00
 9.60500  4.53228422e+00
 9.61000  4.53228422e+00
 9.61500  4.53228422e+00
 9.62000  4.53228422e+00
 9.62500  4.53228422e+00
 9.63000  4.53228423e+00
 9.63500  4.53228423e+00
 9.64000  4.53228423e+00
 9.64500  4.53228423e+00
 9.65000  4.53228423e+00
 9.65500  4.53228423e+00
 9.66000  4.53228423e+00
 9.66500  4.53228423e+00
 9.67000  4.53228423e+00
 9.67500  4.53228424e+00
 9.68000  4.53228424e+00
 9.68500  4.53228424e+00
 9.69000  4.53228424e+00
 9.69500  4.53228424e+00
 9.70000  4.53228424e+00
 9.70500  4.53228424e+00
 9.71000  4.53228424e+00
 9.71500  4.53228424e+00
 9.72000  4.53228425e+00
 9.72500  4.53228425e+00
 9.73000  4.53228425e+00
 9.73500  4.53228425e+00
 9.74000  4.53228425e+00
 9.74500  4.53228425e+00
 9.75000  4.53228425e+00
 9.75500  4.53228425e+00
 9.76000  4.53228425e+00
 9.76500  4.53228425e+00
 9.77000  4.53228425e+00
 9.77500  4.53228426e+00
 9.78000  4.53228426e+00
 9.78500  4.53228426e+00
 9.79000  4.53228426e+00
 9.79500  4.53228426e+00
 9.80000  4.53228426e+00
 9.80500  4.53228426e+00
 9.81000  4.53228426e+00
 9.81500  4.53228426e+00
 9.82000  4.53228426e+00
 9.82500  4.53228427e+00
 9.83000  4.53228427e+00
 9.83500  4.53228427e+00
 9.84000  4.53228427e+00
 9.84500  4.53228427e+00
 9.85000  4.53228427e+00
 9.85500  4.53228427e+00
 9.86000  4.53228427e+00
 9.86500  4.53228427e+00
 9.87000  4.53228427e+00
 9.87500  4.53228427e+00
 9.88000  4.53228428e+00
 9.88500  4.53228428e+00
 9.89000  4.53228428e+00
 9.89500  4.53228428e+00
 9.90000  4.53228428e+00
 9.90500  4.53228428e+00
 9.91000  4.53228428e+00
 9.91500  4.53228428e+00
 9.92000  4.53228428e+00
 9.92500  4.53228428e+00
 9.93000  4.53228428e+00
 9.93500  4.53228428e+00
 9.94000  4.53228429e+00
 9.94500  4.53228429e+00
 9.95000  4.53228429e+00
 9.95500  4.53228429e+00
 9.96000  4.53228429e+00
 9.96500  4.53228429e+00
 9.97000  4.53228429e+00
 9.97500  4.53228429e+00
 9.98000  4.53228429e+00
 9.98500  4.53228429e+00
 9.99000  4.53228429e+00
 9.99500  4.53228429e+00
