 0.00000     494.23946808
 0.00500     488.58048508
 0.01000     482.98523308
 0.01500     477.45300708
 0.02000     471.98310908
 0.02500     466.57484808
 0.03000     461.22754008
 0.03500     455.94050908
 0.04000     450.71308808
 0.04500     445.54461608
 0.05000     440.43443808
 0.05500     435.38190808
 0.06000     430.38638708
 0.06500     425.44724308
 0.07000     420.56385008
 0.07500     415.73559008
 0.08000     410.96185008
 0.08500     406.24202708
 0.09000     401.57552108
 0.09500     396.96174108
 0.10000     392.40010208
 0.10500     387.89002508
 0.11000     383.43093708
 0.11500     379.02227308
 0.12000     374.66347208
 0.12500     370.35398108
 0.13000     366.09325208
 0.13500     361.88074408
 0.14000     357.71592008
 0.14500     353.59825208
 0.15000     349.52721508
 0.15500     345.50229108
 0.16000     341.52296808
 0.16500     337.58873908
 0.17000     333.69910308
 0.17500     329.85356408
 0.18000     326.05163108
 0.18500     322.29282108
 0.19000     318.57665308
 0.19500     314.90265308
 0.20000     311.27035208
 0.20500     307.67928708
 0.21000     304.12899908
 0.21500     300.61903408
 0.22000     297.14894308
 0.22500     293.71828308
 0.23000     290.32661408
 0.23500     286.97350408
 0.24000     283.65852208
 0.24500     280.38124408
 0.25000     277.14125108
 0.25500     273.93812708
 0.26000     270.77146208
 0.26500     267.64084908
 0.27000     264.54588608
 0.27500     261.48617808
 0.28000     258.46133108
 0.28500     255.47095608
 0.29000     252.51466908
 0.29500     249.59209108
 0.30000     246.70284508
 0.30500     243.84656008
 0.31000     241.02286908
 0.31500     238.23140808
 0.32000     235.47181708
 0.32500     232.74374208
 0.33000     230.04683008
 0.33500     227.38073308
 0.34000     224.74510908
 0.34500     222.13961708
 0.35000     219.56392008
 0.35500     217.01768608
 0.36000     214.50058608
 0.36500     212.01229508
 0.37000     209.55249208
 0.37500     207.12085708
 0.38000     204.71707608
 0.38500     202.34083908
 0.39000     199.99183608
 0.39500     197.66976508
 0.40000     195.37432408
 0.40500     193.10521608
 0.41000     190.86214508
 0.41500     188.64482208
 0.42000     186.45295708
 0.42500     184.28626708
 0.43000     182.14446908
 0.43500     180.02728608
 0.44000     177.93444208
 0.44500     175.86566408
 0.45000     173.82068308
 0.45500     171.79923308
 0.46000     169.80105108
 0.46500     167.82587508
 0.47000     165.87344908
 0.47500     163.94351708
 0.48000     162.03582708
 0.48500     160.15013108
 0.49000     158.28618208
 0.49500     156.44373608
 0.50000     154.62255208
 0.50500     152.82239208
 0.51000     151.04302008
 0.51500     149.28420408
 0.52000     147.54571108
 0.52500     145.82731508
 0.53000     144.12879108
 0.53500     142.44991408
 0.54000     140.79046508
 0.54500     139.15022508
 0.55000     137.52898008
 0.55500     135.92651508
 0.56000     134.34262008
 0.56500     132.77708608
 0.57000     131.22970708
 0.57500     129.70027808
 0.58000     128.18860008
 0.58500     126.69447108
 0.59000     125.21769408
 0.59500     123.75807508
 0.60000     122.31542008
 0.60500     120.88953908
 0.61000     119.48024308
 0.61500     118.08734608
 0.62000     116.71066208
 0.62500     115.35001008
 0.63000     114.00520908
 0.63500     112.67608108
 0.64000     111.36244808
 0.64500     110.06413708
 0.65000     108.78097508
 0.65500     107.51279108
 0.66000     106.25941708
 0.66500     105.02068508
 0.67000     103.79643108
 0.67500     102.58649108
 0.68000     101.39070308
 0.68500     100.20890908
 0.69000      99.04095078
 0.69500      97.88667128
 0.70000      96.74591668
 0.70500      95.61853428
 0.71000      94.50437308
 0.71500      93.40328378
 0.72000      92.31511878
 0.72500      91.23973198
 0.73000      90.17697918
 0.73500      89.12671738
 0.74000      88.08880548
 0.74500      87.06310388
 0.75000      86.04947448
 0.75500      85.04778068
 0.76000      84.05788758
 0.76500      83.07966148
 0.77000      82.11297048
 0.77500      81.15768398
 0.78000      80.21367278
 0.78500      79.28080928
 0.79000      78.35896708
 0.79500      77.44802138
 0.80000      76.54784878
 0.80500      75.65832698
 0.81000      74.77933538
 0.81500      73.91075458
 0.82000      73.05246638
 0.82500      72.20435408
 0.83000      71.36630208
 0.83500      70.53819648
 0.84000      69.71992408
 0.84500      68.91137328
 0.85000      68.11243378
 0.85500      67.32299638
 0.86000      66.54295288
 0.86500      65.77219678
 0.87000      65.01062238
 0.87500      64.25812518
 0.88000      63.51460208
 0.88500      62.77995098
 0.89000      62.05407078
 0.89500      61.33686178
 0.90000      60.62822518
 0.90500      59.92806338
 0.91000      59.23627978
 0.91500      58.55277908
 0.92000      57.87746668
 0.92500      57.21024938
 0.93000      56.55103488
 0.93500      55.89973178
 0.94000      55.25624988
 0.94500      54.62049998
 0.95000      53.99239378
 0.95500      53.37184398
 0.96000      52.75876438
 0.96500      52.15306948
 0.97000      51.55467508
 0.97500      50.96349758
 0.98000      50.37945458
 0.98500      49.80246438
 0.99000      49.23244648
 0.99500      48.66932088
 1.00000      48.11300888
 1.00500      47.56343228
 1.01000      47.02051408
 1.01500      46.48417808
 1.02000      45.95434868
 1.02500      45.43095138
 1.03000      44.91391238
 1.03500      44.40315888
 1.04000      43.89861868
 1.04500      43.40022048
 1.05000      42.90789378
 1.05500      42.42156888
 1.06000      41.94117688
 1.06500      41.46664958
 1.07000      40.99791948
 1.07500      40.53492008
 1.08000      40.07758548
 1.08500      39.62585048
 1.09000      39.17965058
 1.09500      38.73892208
 1.10000      38.30360198
 1.10500      37.87362808
 1.11000      37.44893868
 1.11500      37.02947298
 1.12000      36.61517068
 1.12500      36.20597218
 1.13000      35.80181868
 1.13500      35.40265188
 1.14000      35.00841428
 1.14500      34.61904898
 1.15000      34.23449968
 1.15500      33.85471058
 1.16000      33.47962688
 1.16500      33.10919398
 1.17000      32.74335818
 1.17500      32.38206618
 1.18000      32.02526548
 1.18500      31.67290408
 1.19000      31.32493048
 1.19500      30.98129378
 1.20000      30.64194388
 1.20500      30.30683088
 1.21000      29.97590578
 1.21500      29.64911988
 1.22000      29.32642518
 1.22500      29.00777408
 1.23000      28.69311968
 1.23500      28.38241548
 1.24000      28.07561558
 1.24500      27.77267448
 1.25000      27.47354738
 1.25500      27.17818988
 1.26000      26.88655808
 1.26500      26.59860848
 1.27000      26.31429818
 1.27500      26.03358488
 1.28000      25.75642648
 1.28500      25.48278158
 1.29000      25.21260918
 1.29500      24.94586858
 1.30000      24.68251988
 1.30500      24.42252328
 1.31000      24.16583978
 1.31500      23.91243038
 1.32000      23.66225688
 1.32500      23.41528138
 1.33000      23.17146648
 1.33500      22.93077508
 1.34000      22.69317068
 1.34500      22.45861688
 1.35000      22.22707798
 1.35500      21.99851858
 1.36000      21.77290378
 1.36500      21.55019888
 1.37000      21.33036968
 1.37500      21.11338238
 1.38000      20.89920358
 1.38500      20.68780018
 1.39000      20.47913948
 1.39500      20.27318918
 1.40000      20.06991738
 1.40500      19.86929248
 1.41000      19.67128328
 1.41500      19.47585878
 1.42000      19.28298858
 1.42500      19.09264248
 1.43000      18.90479058
 1.43500      18.71940338
 1.44000      18.53645178
 1.44500      18.35590688
 1.45000      18.17774028
 1.45500      18.00192368
 1.46000      17.82842928
 1.46500      17.65722948
 1.47000      17.48829718
 1.47500      17.32160528
 1.48000      17.15712718
 1.48500      16.99483668
 1.49000      16.83470768
 1.49500      16.67671448
 1.50000      16.52083168
 1.50500      16.36703398
 1.51000      16.21529668
 1.51500      16.06559528
 1.52000      15.91790528
 1.52500      15.77220278
 1.53000      15.62846398
 1.53500      15.48666548
 1.54000      15.34678398
 1.54500      15.20879658
 1.55000      15.07268068
 1.55500      14.93841378
 1.56000      14.80597368
 1.56500      14.67533858
 1.57000      14.54648668
 1.57500      14.41939668
 1.58000      14.29404738
 1.58500      14.17041778
 1.59000      14.04848718
 1.59500      13.92823528
 1.60000      13.80964168
 1.60500      13.69268658
 1.61000      13.57734998
 1.61500      13.46361258
 1.62000      13.35145488
 1.62500      13.24085788
 1.63000      13.13180278
 1.63500      13.02427078
 1.64000      12.91824348
 1.64500      12.81370268
 1.65000      12.71063028
 1.65500      12.60900858
 1.66000      12.50881988
 1.66500      12.41004688
 1.67000      12.31267218
 1.67500      12.21667898
 1.68000      12.12205028
 1.68500      12.02876958
 1.69000      11.93682038
 1.69500      11.84735748
 1.70000      11.75897218
 1.70500      11.67159068
 1.71000      11.58522148
 1.71500      11.49987358
 1.72000      11.41555558
 1.72500      11.33227628
 1.73000      11.25004438
 1.73500      11.16886868
 1.74000      11.08875778
 1.74500      11.00972058
 1.75000      10.93176578
 1.75500      10.85490208
 1.76000      10.77913828
 1.76500      10.70448308
 1.77000      10.63094518
 1.77500      10.55853338
 1.78000      10.48725638
 1.78500      10.41712308
 1.79000      10.34814198
 1.79500      10.28032198
 1.80000      10.21367168
 1.80500      10.14819087
 1.81000      10.08385660
 1.81500      10.02064268
 1.82000       9.95852288
 1.82500       9.89747097
 1.83000       9.83746072
 1.83500       9.77846592
 1.84000       9.72046032
 1.84500       9.66341771
 1.85000       9.60731185
 1.85500       9.55211652
 1.86000       9.49780550
 1.86500       9.44435254
 1.87000       9.39173143
 1.87500       9.33991594
 1.88000       9.28887984
 1.88500       9.23859690
 1.89000       9.18904090
 1.89500       9.14018561
 1.90000       9.09200479
 1.90500       9.04447223
 1.91000       8.99756485
 1.91500       8.95127225
 1.92000       8.90558722
 1.92500       8.86050257
 1.93000       8.81601108
 1.93500       8.77210554
 1.94000       8.72877876
 1.94500       8.68602353
 1.95000       8.64383264
 1.95500       8.60219888
 1.96000       8.56111504
 1.96500       8.52057394
 1.97000       8.48056834
 1.97500       8.44109106
 1.98000       8.40213488
 1.98500       8.36369261
 1.99000       8.32575702
 1.99500       8.28832092
 2.00000       8.25137711
 2.00500       8.21491837
 2.01000       8.17893749
 2.01500       8.14342727
 2.02000       8.10838043
 2.02500       8.07378967
 2.03000       8.03964769
 2.03500       8.00594718
 2.04000       7.97268084
 2.04500       7.93984138
 2.05000       7.90742150
 2.05500       7.87541388
 2.06000       7.84381124
 2.06500       7.81260626
 2.07000       7.78179166
 2.07500       7.75136013
 2.08000       7.72130436
 2.08500       7.69161706
 2.09000       7.66229093
 2.09500       7.63331866
 2.10000       7.60469295
 2.10500       7.57640651
 2.11000       7.54845203
 2.11500       7.52082221
 2.12000       7.49350997
 2.12500       7.46651073
 2.13000       7.43982153
 2.13500       7.41343947
 2.14000       7.38736163
 2.14500       7.36158508
 2.15000       7.33610691
 2.15500       7.31092421
 2.16000       7.28603404
 2.16500       7.26143350
 2.17000       7.23711967
 2.17500       7.21308962
 2.18000       7.18934044
 2.18500       7.16586922
 2.19000       7.14267303
 2.19500       7.11974895
 2.20000       7.09709407
 2.20500       7.07470547
 2.21000       7.05258023
 2.21500       7.03071543
 2.22000       7.00910816
 2.22500       6.98775549
 2.23000       6.96665452
 2.23500       6.94580231
 2.24000       6.92519595
 2.24500       6.90483253
 2.25000       6.88470912
 2.25500       6.86482281
 2.26000       6.84517067
 2.26500       6.82574980
 2.27000       6.80655727
 2.27500       6.78759017
 2.28000       6.76884557
 2.28500       6.75032056
 2.29000       6.73201221
 2.29500       6.71391762
 2.30000       6.69603387
 2.30500       6.67835803
 2.31000       6.66088718
 2.31500       6.64361842
 2.32000       6.62654881
 2.32500       6.60967545
 2.33000       6.59299541
 2.33500       6.57650574
 2.34000       6.56020344
 2.34500       6.54408548
 2.35000       6.52814887
 2.35500       6.51239059
 2.36000       6.49680762
 2.36500       6.48139696
 2.37000       6.46615560
 2.37500       6.45108052
 2.38000       6.43616871
 2.38500       6.42141716
 2.39000       6.40682286
 2.39500       6.39238279
 2.40000       6.37809395
 2.40500       6.36395333
 2.41000       6.34995791
 2.41500       6.33610468
 2.42000       6.32239062
 2.42500       6.30881274
 2.43000       6.29536801
 2.43500       6.28205343
 2.44000       6.26886598
 2.44500       6.25580265
 2.45000       6.24286043
 2.45500       6.23003827
 2.46000       6.21734319
 2.46500       6.20478434
 2.47000       6.19237086
 2.47500       6.18011188
 2.48000       6.16801654
 2.48500       6.15609398
 2.49000       6.14435334
 2.49500       6.13280374
 2.50000       6.12145434
 2.50500       6.11031426
 2.51000       6.09939265
 2.51500       6.08869864
 2.52000       6.07824138
 2.52500       6.06802999
 2.53000       6.05807361
 2.53500       6.04838139
 2.54000       6.03896245
 2.54500       6.02981940
 2.55000       6.02092826
 2.55500       6.01225839
 2.56000       6.00377912
 2.56500       5.99545979
 2.57000       5.98726973
 2.57500       5.97917829
 2.58000       5.97115481
 2.58500       5.96316861
 2.59000       5.95518905
 2.59500       5.94718545
 2.60000       5.93912716
 2.60500       5.93098351
 2.61000       5.92272385
 2.61500       5.91431751
 2.62000       5.90573382
 2.62500       5.89694213
 2.63000       5.88791178
 2.63500       5.87861210
 2.64000       5.86901243
 2.64500       5.85908211
 2.65000       5.84879047
 2.65500       5.83811116
 2.66000       5.82705255
 2.66500       5.81563988
 2.67000       5.80389848
 2.67500       5.79185370
 2.68000       5.77953088
 2.68500       5.76695535
 2.69000       5.75415245
 2.69500       5.74114752
 2.70000       5.72796591
 2.70500       5.71463295
 2.71000       5.70117398
 2.71500       5.68761435
 2.72000       5.67397938
 2.72500       5.66029443
 2.73000       5.64658482
 2.73500       5.63287591
 2.74000       5.61919302
 2.74500       5.60556150
 2.75000       5.59200669
 2.75500       5.57855278
 2.76000       5.56521046
 2.76500       5.55198167
 2.77000       5.53886818
 2.77500       5.52587178
 2.78000       5.51299424
 2.78500       5.50023734
 2.79000       5.48760288
 2.79500       5.47509262
 2.80000       5.46270835
 2.80500       5.45045184
 2.81000       5.43832488
 2.81500       5.42632925
 2.82000       5.41446673
 2.82500       5.40273910
 2.83000       5.39114813
 2.83500       5.37969562
 2.84000       5.36838333
 2.84500       5.35721306
 2.85000       5.34618658
 2.85500       5.33530556
 2.86000       5.32456968
 2.86500       5.31397692
 2.87000       5.30352516
 2.87500       5.29321233
 2.88000       5.28303633
 2.88500       5.27299505
 2.89000       5.26308640
 2.89500       5.25330830
 2.90000       5.24365864
 2.90500       5.23413533
 2.91000       5.22473627
 2.91500       5.21545937
 2.92000       5.20630254
 2.92500       5.19726368
 2.93000       5.18834068
 2.93500       5.17953147
 2.94000       5.17083394
 2.94500       5.16224600
 2.95000       5.15376556
 2.95500       5.14539051
 2.96000       5.13711877
 2.96500       5.12894824
 2.97000       5.12087731
 2.97500       5.11290511
 2.98000       5.10503082
 2.98500       5.09725363
 2.99000       5.08957272
 2.99500       5.08198729
 3.00000       5.07449652
 3.00500       5.06709960
 3.01000       5.05979571
 3.01500       5.05258405
 3.02000       5.04546379
 3.02500       5.03843413
 3.03000       5.03149426
 3.03500       5.02464336
 3.04000       5.01788062
 3.04500       5.01120523
 3.05000       5.00461637
 3.05500       4.99811317
 3.06000       4.99169469
 3.06500       4.98535999
 3.07000       4.97910811
 3.07500       4.97293810
 3.08000       4.96684902
 3.08500       4.96083993
 3.09000       4.95490986
 3.09500       4.94905788
 3.10000       4.94328304
 3.10500       4.93758438
 3.11000       4.93196096
 3.11500       4.92641184
 3.12000       4.92093606
 3.12500       4.91553268
 3.13000       4.91020075
 3.13500       4.90493931
 3.14000       4.89974743
 3.14500       4.89462415
 3.15000       4.88956853
 3.15500       4.88457962
 3.16000       4.87965647
 3.16500       4.87479813
 3.17000       4.87000366
 3.17500       4.86527210
 3.18000       4.86060257
 3.18500       4.85599437
 3.19000       4.85144690
 3.19500       4.84695951
 3.20000       4.84253159
 3.20500       4.83816251
 3.21000       4.83385164
 3.21500       4.82959837
 3.22000       4.82540205
 3.22500       4.82126208
 3.23000       4.81717782
 3.23500       4.81314864
 3.24000       4.80917393
 3.24500       4.80525306
 3.25000       4.80138539
 3.25500       4.79757031
 3.26000       4.79380719
 3.26500       4.79009541
 3.27000       4.78643433
 3.27500       4.78282334
 3.28000       4.77926181
 3.28500       4.77574911
 3.29000       4.77228462
 3.29500       4.76886771
 3.30000       4.76549775
 3.30500       4.76217413
 3.31000       4.75889621
 3.31500       4.75566337
 3.32000       4.75247499
 3.32500       4.74933044
 3.33000       4.74622909
 3.33500       4.74317031
 3.34000       4.74015350
 3.34500       4.73717800
 3.35000       4.73424321
 3.35500       4.73134850
 3.36000       4.72849324
 3.36500       4.72567680
 3.37000       4.72289857
 3.37500       4.72015791
 3.38000       4.71745419
 3.38500       4.71478680
 3.39000       4.71215513
 3.39500       4.70955872
 3.40000       4.70699724
 3.40500       4.70447037
 3.41000       4.70197775
 3.41500       4.69951907
 3.42000       4.69709398
 3.42500       4.69470216
 3.43000       4.69234327
 3.43500       4.69001697
 3.44000       4.68772294
 3.44500       4.68546083
 3.45000       4.68323032
 3.45500       4.68103107
 3.46000       4.67886275
 3.46500       4.67672502
 3.47000       4.67461755
 3.47500       4.67254000
 3.48000       4.67049205
 3.48500       4.66847335
 3.49000       4.66648358
 3.49500       4.66452240
 3.50000       4.66258948
 3.50500       4.66068448
 3.51000       4.65880707
 3.51500       4.65695692
 3.52000       4.65513368
 3.52500       4.65333704
 3.53000       4.65156665
 3.53500       4.64982218
 3.54000       4.64810330
 3.54500       4.64640967
 3.55000       4.64474096
 3.55500       4.64309683
 3.56000       4.64147696
 3.56500       4.63988100
 3.57000       4.63830863
 3.57500       4.63675951
 3.58000       4.63523331
 3.58500       4.63372969
 3.59000       4.63224832
 3.59500       4.63078886
 3.60000       4.62935099
 3.60500       4.62793436
 3.61000       4.62653865
 3.61500       4.62516352
 3.62000       4.62380863
 3.62500       4.62247366
 3.63000       4.62115827
 3.63500       4.61986212
 3.64000       4.61858489
 3.64500       4.61732623
 3.65000       4.61608581
 3.65500       4.61486331
 3.66000       4.61365838
 3.66500       4.61247070
 3.67000       4.61129992
 3.67500       4.61014572
 3.68000       4.60900776
 3.68500       4.60788571
 3.69000       4.60677924
 3.69500       4.60568800
 3.70000       4.60461167
 3.70500       4.60354991
 3.71000       4.60250245
 3.71500       4.60146913
 3.72000       4.60044985
 3.72500       4.59944446
 3.73000       4.59845286
 3.73500       4.59747492
 3.74000       4.59651051
 3.74500       4.59555951
 3.75000       4.59462181
 3.75500       4.59369726
 3.76000       4.59278577
 3.76500       4.59188719
 3.77000       4.59100141
 3.77500       4.59012830
 3.78000       4.58926774
 3.78500       4.58841962
 3.79000       4.58758379
 3.79500       4.58676015
 3.80000       4.58594857
 3.80500       4.58514892
 3.81000       4.58436109
 3.81500       4.58358495
 3.82000       4.58282037
 3.82500       4.58206724
 3.83000       4.58132543
 3.83500       4.58059481
 3.84000       4.57987527
 3.84500       4.57916669
 3.85000       4.57846893
 3.85500       4.57778188
 3.86000       4.57710541
 3.86500       4.57643940
 3.87000       4.57578373
 3.87500       4.57513827
 3.88000       4.57450291
 3.88500       4.57387751
 3.89000       4.57326195
 3.89500       4.57265612
 3.90000       4.57205989
 3.90500       4.57147313
 3.91000       4.57089573
 3.91500       4.57032755
 3.92000       4.56976849
 3.92500       4.56921840
 3.93000       4.56867718
 3.93500       4.56814470
 3.94000       4.56762083
 3.94500       4.56710545
 3.95000       4.56659844
 3.95500       4.56609968
 3.96000       4.56560904
 3.96500       4.56512640
 3.97000       4.56465164
 3.97500       4.56418463
 3.98000       4.56372525
 3.98500       4.56327338
 3.99000       4.56282889
 3.99500       4.56239167
 4.00000       4.56196158
 4.00500       4.56153852
 4.01000       4.56112234
 4.01500       4.56071293
 4.02000       4.56031017
 4.02500       4.55991394
 4.03000       4.55952410
 4.03500       4.55914055
 4.04000       4.55876315
 4.04500       4.55839178
 4.05000       4.55802631
 4.05500       4.55766664
 4.06000       4.55731263
 4.06500       4.55696415
 4.07000       4.55662110
 4.07500       4.55628334
 4.08000       4.55595074
 4.08500       4.55562320
 4.09000       4.55530058
 4.09500       4.55498277
 4.10000       4.55466963
 4.10500       4.55436105
 4.11000       4.55405690
 4.11500       4.55375706
 4.12000       4.55346140
 4.12500       4.55316981
 4.13000       4.55288217
 4.13500       4.55259838
 4.14000       4.55231842
 4.14500       4.55204224
 4.15000       4.55176980
 4.15500       4.55150107
 4.16000       4.55123600
 4.16500       4.55097457
 4.17000       4.55071672
 4.17500       4.55046242
 4.18000       4.55021164
 4.18500       4.54996433
 4.19000       4.54972046
 4.19500       4.54947999
 4.20000       4.54924287
 4.20500       4.54900908
 4.21000       4.54877856
 4.21500       4.54855129
 4.22000       4.54832723
 4.22500       4.54810633
 4.23000       4.54788856
 4.23500       4.54767387
 4.24000       4.54746224
 4.24500       4.54725363
 4.25000       4.54704798
 4.25500       4.54684527
 4.26000       4.54664546
 4.26500       4.54644850
 4.27000       4.54625437
 4.27500       4.54606302
 4.28000       4.54587440
 4.28500       4.54568850
 4.29000       4.54550526
 4.29500       4.54532464
 4.30000       4.54514662
 4.30500       4.54497114
 4.31000       4.54479818
 4.31500       4.54462769
 4.32000       4.54445964
 4.32500       4.54429398
 4.33000       4.54413068
 4.33500       4.54396970
 4.34000       4.54381099
 4.34500       4.54365454
 4.35000       4.54350031
 4.35500       4.54334828
 4.36000       4.54319844
 4.36500       4.54305077
 4.37000       4.54290523
 4.37500       4.54276182
 4.38000       4.54262052
 4.38500       4.54248129
 4.39000       4.54234413
 4.39500       4.54220902
 4.40000       4.54207592
 4.40500       4.54194483
 4.41000       4.54181572
 4.41500       4.54168857
 4.42000       4.54156336
 4.42500       4.54144007
 4.43000       4.54131868
 4.43500       4.54119918
 4.44000       4.54108153
 4.44500       4.54096573
 4.45000       4.54085174
 4.45500       4.54073955
 4.46000       4.54062915
 4.46500       4.54052050
 4.47000       4.54041359
 4.47500       4.54030840
 4.48000       4.54020491
 4.48500       4.54010309
 4.49000       4.54000294
 4.49500       4.53990442
 4.50000       4.53980751
 4.50500       4.53971221
 4.51000       4.53961848
 4.51500       4.53952631
 4.52000       4.53943568
 4.52500       4.53934656
 4.53000       4.53925893
 4.53500       4.53917279
 4.54000       4.53908809
 4.54500       4.53900484
 4.55000       4.53892299
 4.55500       4.53884254
 4.56000       4.53876347
 4.56500       4.53868575
 4.57000       4.53860936
 4.57500       4.53853429
 4.58000       4.53846051
 4.58500       4.53838801
 4.59000       4.53831675
 4.59500       4.53824673
 4.60000       4.53817792
 4.60500       4.53811031
 4.61000       4.53804386
 4.61500       4.53797857
 4.62000       4.53791441
 4.62500       4.53785135
 4.63000       4.53778939
 4.63500       4.53772850
 4.64000       4.53766866
 4.64500       4.53760985
 4.65000       4.53755205
 4.65500       4.53749524
 4.66000       4.53743940
 4.66500       4.53738451
 4.67000       4.53733055
 4.67500       4.53727749
 4.68000       4.53722532
 4.68500       4.53717402
 4.69000       4.53712356
 4.69500       4.53707393
 4.70000       4.53702510
 4.70500       4.53697706
 4.71000       4.53692978
 4.71500       4.53688325
 4.72000       4.53683744
 4.72500       4.53679233
 4.73000       4.53674790
 4.73500       4.53670414
 4.74000       4.53666101
 4.74500       4.53661851
 4.75000       4.53657660
 4.75500       4.53653527
 4.76000       4.53649450
 4.76500       4.53645427
 4.77000       4.53641456
 4.77500       4.53637534
 4.78000       4.53633660
 4.78500       4.53629832
 4.79000       4.53626047
 4.79500       4.53622304
 4.80000       4.53618600
 4.80500       4.53614933
 4.81000       4.53611302
 4.81500       4.53607703
 4.82000       4.53604137
 4.82500       4.53600599
 4.83000       4.53597088
 4.83500       4.53593602
 4.84000       4.53590140
 4.84500       4.53586698
 4.85000       4.53583275
 4.85500       4.53579869
 4.86000       4.53576478
 4.86500       4.53573099
 4.87000       4.53569731
 4.87500       4.53566372
 4.88000       4.53563019
 4.88500       4.53559670
 4.89000       4.53556325
 4.89500       4.53552979
 4.90000       4.53549632
 4.90500       4.53546281
 4.91000       4.53542924
 4.91500       4.53539560
 4.92000       4.53536185
 4.92500       4.53532799
 4.93000       4.53529398
 4.93500       4.53525982
 4.94000       4.53522547
 4.94500       4.53519093
 4.95000       4.53515616
 4.95500       4.53512114
 4.96000       4.53508587
 4.96500       4.53505031
 4.97000       4.53501445
 4.97500       4.53497826
 4.98000       4.53494173
 4.98500       4.53490487
 4.99000       4.53486768
 4.99500       4.53483017
 5.00000       4.53479235
 5.00500       4.53475422
 5.01000       4.53471579
 5.01500       4.53467707
 5.02000       4.53463806
 5.02500       4.53459877
 5.03000       4.53455921
 5.03500       4.53451938
 5.04000       4.53447930
 5.04500       4.53443896
 5.05000       4.53439837
 5.05500       4.53435755
 5.06000       4.53431650
 5.06500       4.53427522
 5.07000       4.53423373
 5.07500       4.53419202
 5.08000       4.53415011
 5.08500       4.53410800
 5.09000       4.53406570
 5.09500       4.53402322
 5.10000       4.53398056
 5.10500       4.53393774
 5.11000       4.53389475
 5.11500       4.53385160
 5.12000       4.53380830
 5.12500       4.53376486
 5.13000       4.53372129
 5.13500       4.53367758
 5.14000       4.53363376
 5.14500       4.53358982
 5.15000       4.53354577
 5.15500       4.53350162
 5.16000       4.53345737
 5.16500       4.53341304
 5.17000       4.53336863
 5.17500       4.53332414
 5.18000       4.53327958
 5.18500       4.53323497
 5.19000       4.53319030
 5.19500       4.53314559
 5.20000       4.53310083
 5.20500       4.53305604
 5.21000       4.53301123
 5.21500       4.53296640
 5.22000       4.53292155
 5.22500       4.53287670
 5.23000       4.53283185
 5.23500       4.53278701
 5.24000       4.53274218
 5.24500       4.53269738
 5.25000       4.53265260
 5.25500       4.53260786
 5.26000       4.53256316
 5.26500       4.53251852
 5.27000       4.53247392
 5.27500       4.53242939
 5.28000       4.53238493
 5.28500       4.53234055
 5.29000       4.53229625
 5.29500       4.53016669
 5.30000       4.53016708
 5.30500       4.53016747
 5.31000       4.53016785
 5.31500       4.53016823
 5.32000       4.53016861
 5.32500       4.53016898
 5.33000       4.53016935
 5.33500       4.53016972
 5.34000       4.53017008
 5.34500       4.53017044
 5.35000       4.53017080
 5.35500       4.53017115
 5.36000       4.53017150
 5.36500       4.53017185
 5.37000       4.53017220
 5.37500       4.53017254
 5.38000       4.53017287
 5.38500       4.53017321
 5.39000       4.53017354
 5.39500       4.53017387
 5.40000       4.53017419
 5.40500       4.53017452
 5.41000       4.53017484
 5.41500       4.53017515
 5.42000       4.53017547
 5.42500       4.53017578
 5.43000       4.53017609
 5.43500       4.53017639
 5.44000       4.53017670
 5.44500       4.53017700
 5.45000       4.53017729
 5.45500       4.53017759
 5.46000       4.53017788
 5.46500       4.53017817
 5.47000       4.53017846
 5.47500       4.53017874
 5.48000       4.53017902
 5.48500       4.53017930
 5.49000       4.53017958
 5.49500       4.53017985
 5.50000       4.53018013
 5.50500       4.53018040
 5.51000       4.53018066
 5.51500       4.53018093
 5.52000       4.53018119
 5.52500       4.53018145
 5.53000       4.53018171
 5.53500       4.53018196
 5.54000       4.53018222
 5.54500       4.53018247
 5.55000       4.53018272
 5.55500       4.53018296
 5.56000       4.53018321
 5.56500       4.53018345
 5.57000       4.53018369
 5.57500       4.53018393
 5.58000       4.53018416
 5.58500       4.53018440
 5.59000       4.53018463
 5.59500       4.53018486
 5.60000       4.53018509
 5.60500       4.53018531
 5.61000       4.53018554
 5.61500       4.53018576
 5.62000       4.53018598
 5.62500       4.53018620
 5.63000       4.53018641
 5.63500       4.53018663
 5.64000       4.53018684
 5.64500       4.53018705
 5.65000       4.53018726
 5.65500       4.53018747
 5.66000       4.53018767
 5.66500       4.53018788
 5.67000       4.53018808
 5.67500       4.53018828
 5.68000       4.53018848
 5.68500       4.53018867
 5.69000       4.53018887
 5.69500       4.53018906
 5.70000       4.53018925
 5.70500       4.53018944
 5.71000       4.53018963
 5.71500       4.53018982
 5.72000       4.53019000
 5.72500       4.53019019
 5.73000       4.53019037
 5.73500       4.53019055
 5.74000       4.53019073
 5.74500       4.53019090
 5.75000       4.53019108
 5.75500       4.53019125
 5.76000       4.53019143
 5.76500       4.53019160
 5.77000       4.53019177
 5.77500       4.53019194
 5.78000       4.53019210
 5.78500       4.53019227
 5.79000       4.53019243
 5.79500       4.53019260
 5.80000       4.53019276
 5.80500       4.53019292
 5.81000       4.53019308
 5.81500       4.53019323
 5.82000       4.53019339
 5.82500       4.53019355
 5.83000       4.53019370
 5.83500       4.53019385
 5.84000       4.53019400
 5.84500       4.53019415
 5.85000       4.53019430
 5.85500       4.53019445
 5.86000       4.53019459
 5.86500       4.53019474
 5.87000       4.53019488
 5.87500       4.53019502
 5.88000       4.53019517
 5.88500       4.53019531
 5.89000       4.53019544
 5.89500       4.53019558
 5.90000       4.53019572
 5.90500       4.53019585
 5.91000       4.53019599
 5.91500       4.53019612
 5.92000       4.53019625
 5.92500       4.53019638
 5.93000       4.53019651
 5.93500       4.53019664
 5.94000       4.53019677
 5.94500       4.53019690
 5.95000       4.53019702
 5.95500       4.53019715
 5.96000       4.53019727
 5.96500       4.53019739
 5.97000       4.53019752
 5.97500       4.53019764
 5.98000       4.53019776
 5.98500       4.53019787
 5.99000       4.53019799
 5.99500       4.53019811
 6.00000       4.53019822
 6.00500       4.53019834
 6.01000       4.53019845
 6.01500       4.53019857
 6.02000       4.53019868
 6.02500       4.53019879
 6.03000       4.53019890
 6.03500       4.53019901
 6.04000       4.53019912
 6.04500       4.53019923
 6.05000       4.53019933
 6.05500       4.53019944
 6.06000       4.53019954
 6.06500       4.53019965
 6.07000       4.53019975
 6.07500       4.53019985
 6.08000       4.53019995
 6.08500       4.53020006
 6.09000       4.53020016
 6.09500       4.53020025
 6.10000       4.53020035
 6.10500       4.53020045
 6.11000       4.53020055
 6.11500       4.53020064
 6.12000       4.53020074
 6.12500       4.53020083
 6.13000       4.53020093
 6.13500       4.53020102
 6.14000       4.53020111
 6.14500       4.53020120
 6.15000       4.53020130
 6.15500       4.53020139
 6.16000       4.53020147
 6.16500       4.53020156
 6.17000       4.53020165
 6.17500       4.53020174
 6.18000       4.53020183
 6.18500       4.53020191
 6.19000       4.53020200
 6.19500       4.53020208
 6.20000       4.53020217
 6.20500       4.53020225
 6.21000       4.53020233
 6.21500       4.53020241
 6.22000       4.53020249
 6.22500       4.53020258
 6.23000       4.53020266
 6.23500       4.53020273
 6.24000       4.53020281
 6.24500       4.53020289
 6.25000       4.53020297
 6.25500       4.53020305
 6.26000       4.53020312
 6.26500       4.53020320
 6.27000       4.53020327
 6.27500       4.53020335
 6.28000       4.53020342
 6.28500       4.53020350
 6.29000       4.53020357
 6.29500       4.53020364
 6.30000       4.53020371
 6.30500       4.53020378
 6.31000       4.53020385
 6.31500       4.53020392
 6.32000       4.53020399
 6.32500       4.53020406
 6.33000       4.53020413
 6.33500       4.53020420
 6.34000       4.53020427
 6.34500       4.53020433
 6.35000       4.53020440
 6.35500       4.53020447
 6.36000       4.53020453
 6.36500       4.53020460
 6.37000       4.53020466
 6.37500       4.53020472
 6.38000       4.53020479
 6.38500       4.53020485
 6.39000       4.53020491
 6.39500       4.53020497
 6.40000       4.53020504
 6.40500       4.53020510
 6.41000       4.53020516
 6.41500       4.53020522
 6.42000       4.53020528
 6.42500       4.53020534
 6.43000       4.53020539
 6.43500       4.53020545
 6.44000       4.53020551
 6.44500       4.53020557
 6.45000       4.53020563
 6.45500       4.53020568
 6.46000       4.53020574
 6.46500       4.53020579
 6.47000       4.53020585
 6.47500       4.53020590
 6.48000       4.53020596
 6.48500       4.53020601
 6.49000       4.53020607
 6.49500       4.53020612
 6.50000       4.53020617
 6.50500       4.53020622
 6.51000       4.53020628
 6.51500       4.53020633
 6.52000       4.53020638
 6.52500       4.53020643
 6.53000       4.53020648
 6.53500       4.53020653
 6.54000       4.53020658
 6.54500       4.53020663
 6.55000       4.53020668
 6.55500       4.53020673
 6.56000       4.53020677
 6.56500       4.53020682
 6.57000       4.53020687
 6.57500       4.53020692
 6.58000       4.53020696
 6.58500       4.53020701
 6.59000       4.53020706
 6.59500       4.53020710
 6.60000       4.53020715
 6.60500       4.53020719
 6.61000       4.53020724
 6.61500       4.53020728
 6.62000       4.53020733
 6.62500       4.53020737
 6.63000       4.53020741
 6.63500       4.53020746
 6.64000       4.53020750
 6.64500       4.53020754
 6.65000       4.53020758
 6.65500       4.53020763
 6.66000       4.53020767
 6.66500       4.53020771
 6.67000       4.53020775
 6.67500       4.53020779
 6.68000       4.53020783
 6.68500       4.53020787
 6.69000       4.53020791
 6.69500       4.53020795
 6.70000       4.53020799
 6.70500       4.53020803
 6.71000       4.53020807
 6.71500       4.53020811
 6.72000       4.53020814
 6.72500       4.53020818
 6.73000       4.53020822
 6.73500       4.53020826
 6.74000       4.53020829
 6.74500       4.53020833
 6.75000       4.53020837
 6.75500       4.53020840
 6.76000       4.53020844
 6.76500       4.53020847
 6.77000       4.53020851
 6.77500       4.53020854
 6.78000       4.53020858
 6.78500       4.53020861
 6.79000       4.53020865
 6.79500       4.53020868
 6.80000       4.53020872
 6.80500       4.53020875
 6.81000       4.53020878
 6.81500       4.53020882
 6.82000       4.53020885
 6.82500       4.53020888
 6.83000       4.53020891
 6.83500       4.53020895
 6.84000       4.53020898
 6.84500       4.53020901
 6.85000       4.53020904
 6.85500       4.53020907
 6.86000       4.53020910
 6.86500       4.53020914
 6.87000       4.53020917
 6.87500       4.53020920
 6.88000       4.53020923
 6.88500       4.53020926
 6.89000       4.53020929
 6.89500       4.53020932
 6.90000       4.53020935
 6.90500       4.53020937
 6.91000       4.53020940
 6.91500       4.53020943
 6.92000       4.53020946
 6.92500       4.53020949
 6.93000       4.53020952
 6.93500       4.53020955
 6.94000       4.53020957
 6.94500       4.53020960
 6.95000       4.53020963
 6.95500       4.53020965
 6.96000       4.53020968
 6.96500       4.53020971
 6.97000       4.53020974
 6.97500       4.53020976
 6.98000       4.53020979
 6.98500       4.53020981
 6.99000       4.53020984
 6.99500       4.53020987
 7.00000       4.53020989
 7.00500       4.53020992
 7.01000       4.53020994
 7.01500       4.53020997
 7.02000       4.53020999
 7.02500       4.53021002
 7.03000       4.53021004
 7.03500       4.53021006
 7.04000       4.53021009
 7.04500       4.53021011
 7.05000       4.53021014
 7.05500       4.53021016
 7.06000       4.53021018
 7.06500       4.53021021
 7.07000       4.53021023
 7.07500       4.53021025
 7.08000       4.53021028
 7.08500       4.53021030
 7.09000       4.53021032
 7.09500       4.53021034
 7.10000       4.53021037
 7.10500       4.53021039
 7.11000       4.53021041
 7.11500       4.53021043
 7.12000       4.53021045
 7.12500       4.53021047
 7.13000       4.53021050
 7.13500       4.53021052
 7.14000       4.53021054
 7.14500       4.53021056
 7.15000       4.53021058
 7.15500       4.53021060
 7.16000       4.53021062
 7.16500       4.53021064
 7.17000       4.53021066
 7.17500       4.53021068
 7.18000       4.53021070
 7.18500       4.53021072
 7.19000       4.53021074
 7.19500       4.53021076
 7.20000       4.53021078
 7.20500       4.53021080
 7.21000       4.53021082
 7.21500       4.53021084
 7.22000       4.53021085
 7.22500       4.53021087
 7.23000       4.53021089
 7.23500       4.53021091
 7.24000       4.53021093
 7.24500       4.53021095
 7.25000       4.53021096
 7.25500       4.53021098
 7.26000       4.53021100
 7.26500       4.53021102
 7.27000       4.53021104
 7.27500       4.53021105
 7.28000       4.53021107
 7.28500       4.53021109
 7.29000       4.53021111
 7.29500       4.53021112
 7.30000       4.53021114
 7.30500       4.53021116
 7.31000       4.53021117
 7.31500       4.53021119
 7.32000       4.53021121
 7.32500       4.53021122
 7.33000       4.53021124
 7.33500       4.53021125
 7.34000       4.53021127
 7.34500       4.53021129
 7.35000       4.53021130
 7.35500       4.53021132
 7.36000       4.53021133
 7.36500       4.53021135
 7.37000       4.53021136
 7.37500       4.53021138
 7.38000       4.53021139
 7.38500       4.53021141
 7.39000       4.53021142
 7.39500       4.53021144
 7.40000       4.53021145
 7.40500       4.53021147
 7.41000       4.53021148
 7.41500       4.53021150
 7.42000       4.53021151
 7.42500       4.53021153
 7.43000       4.53021154
 7.43500       4.53021155
 7.44000       4.53021157
 7.44500       4.53021158
 7.45000       4.53021160
 7.45500       4.53021161
 7.46000       4.53021162
 7.46500       4.53021164
 7.47000       4.53021165
 7.47500       4.53021166
 7.48000       4.53021168
 7.48500       4.53021169
 7.49000       4.53021170
 7.49500       4.53021172
 7.50000       4.53021173
 7.50500       4.53021174
 7.51000       4.53021176
 7.51500       4.53021177
 7.52000       4.53021178
 7.52500       4.53021179
 7.53000       4.53021181
 7.53500       4.53021182
 7.54000       4.53021183
 7.54500       4.53021184
 7.55000       4.53021186
 7.55500       4.53021187
 7.56000       4.53021188
 7.56500       4.53021189
 7.57000       4.53021190
 7.57500       4.53021191
 7.58000       4.53021193
 7.58500       4.53021194
 7.59000       4.53021195
 7.59500       4.53021196
 7.60000       4.53021197
 7.60500       4.53021198
 7.61000       4.53021199
 7.61500       4.53021201
 7.62000       4.53021202
 7.62500       4.53021203
 7.63000       4.53021204
 7.63500       4.53021205
 7.64000       4.53021206
 7.64500       4.53021207
 7.65000       4.53021208
 7.65500       4.53021209
 7.66000       4.53021210
 7.66500       4.53021211
 7.67000       4.53021212
 7.67500       4.53021213
 7.68000       4.53021214
 7.68500       4.53021216
 7.69000       4.53021217
 7.69500       4.53021218
 7.70000       4.53021219
 7.70500       4.53021220
 7.71000       4.53021221
 7.71500       4.53021221
 7.72000       4.53021222
 7.72500       4.53021223
 7.73000       4.53021224
 7.73500       4.53021225
 7.74000       4.53021226
 7.74500       4.53021227
 7.75000       4.53021228
 7.75500       4.53021229
 7.76000       4.53021230
 7.76500       4.53021231
 7.77000       4.53021232
 7.77500       4.53021233
 7.78000       4.53021234
 7.78500       4.53021235
 7.79000       4.53021235
 7.79500       4.53021236
 7.80000       4.53021237
 7.80500       4.53021238
 7.81000       4.53021239
 7.81500       4.53021240
 7.82000       4.53021241
 7.82500       4.53021242
 7.83000       4.53021242
 7.83500       4.53021243
 7.84000       4.53021244
 7.84500       4.53021245
 7.85000       4.53021246
 7.85500       4.53021247
 7.86000       4.53021247
 7.86500       4.53021248
 7.87000       4.53021249
 7.87500       4.53021250
 7.88000       4.53021251
 7.88500       4.53021251
 7.89000       4.53021252
 7.89500       4.53021253
 7.90000       4.53021254
 7.90500       4.53021255
 7.91000       4.53021255
 7.91500       4.53021256
 7.92000       4.53021257
 7.92500       4.53021258
 7.93000       4.53021258
 7.93500       4.53021259
 7.94000       4.53021260
 7.94500       4.53021261
 7.95000       4.53021261
 7.95500       4.53021262
 7.96000       4.53021263
 7.96500       4.53021263
 7.97000       4.53021264
 7.97500       4.53021265
 7.98000       4.53021266
 7.98500       4.53021266
 7.99000       4.53021267
 7.99500       4.53021268
 8.00000       4.53021268
 8.00500       4.53021269
 8.01000       4.53021270
 8.01500       4.53021270
 8.02000       4.53021271
 8.02500       4.53021272
 8.03000       4.53021272
 8.03500       4.53021273
 8.04000       4.53021274
 8.04500       4.53021274
 8.05000       4.53021275
 8.05500       4.53021276
 8.06000       4.53021276
 8.06500       4.53021277
 8.07000       4.53021278
 8.07500       4.53021278
 8.08000       4.53021279
 8.08500       4.53021279
 8.09000       4.53021280
 8.09500       4.53021281
 8.10000       4.53021281
 8.10500       4.53021282
 8.11000       4.53021282
 8.11500       4.53021283
 8.12000       4.53021284
 8.12500       4.53021284
 8.13000       4.53021285
 8.13500       4.53021285
 8.14000       4.53021286
 8.14500       4.53021287
 8.15000       4.53021287
 8.15500       4.53021288
 8.16000       4.53021288
 8.16500       4.53021289
 8.17000       4.53021289
 8.17500       4.53021290
 8.18000       4.53021291
 8.18500       4.53021291
 8.19000       4.53021292
 8.19500       4.53021292
 8.20000       4.53021293
 8.20500       4.53021293
 8.21000       4.53021294
 8.21500       4.53021294
 8.22000       4.53021295
 8.22500       4.53021295
 8.23000       4.53021296
 8.23500       4.53021296
 8.24000       4.53021297
 8.24500       4.53021297
 8.25000       4.53021298
 8.25500       4.53021298
 8.26000       4.53021299
 8.26500       4.53021299
 8.27000       4.53021300
 8.27500       4.53021300
 8.28000       4.53021301
 8.28500       4.53021301
 8.29000       4.53021302
 8.29500       4.53021302
 8.30000       4.53021303
 8.30500       4.53021303
 8.31000       4.53021304
 8.31500       4.53021304
 8.32000       4.53021305
 8.32500       4.53021305
 8.33000       4.53021306
 8.33500       4.53021306
 8.34000       4.53021307
 8.34500       4.53021307
 8.35000       4.53021308
 8.35500       4.53021308
 8.36000       4.53021308
 8.36500       4.53021309
 8.37000       4.53021309
 8.37500       4.53021310
 8.38000       4.53021310
 8.38500       4.53021311
 8.39000       4.53021311
 8.39500       4.53021311
 8.40000       4.53021312
 8.40500       4.53021312
 8.41000       4.53021313
 8.41500       4.53021313
 8.42000       4.53021314
 8.42500       4.53021314
 8.43000       4.53021314
 8.43500       4.53021315
 8.44000       4.53021315
 8.44500       4.53021316
 8.45000       4.53021316
 8.45500       4.53021316
 8.46000       4.53021317
 8.46500       4.53021317
 8.47000       4.53021318
 8.47500       4.53021318
 8.48000       4.53021318
 8.48500       4.53021319
 8.49000       4.53021319
 8.49500       4.53021320
 8.50000       4.53021320
 8.50500       4.53021320
 8.51000       4.53021321
 8.51500       4.53021321
 8.52000       4.53021321
 8.52500       4.53021322
 8.53000       4.53021322
 8.53500       4.53021323
 8.54000       4.53021323
 8.54500       4.53021323
 8.55000       4.53021324
 8.55500       4.53021324
 8.56000       4.53021324
 8.56500       4.53021325
 8.57000       4.53021325
 8.57500       4.53021325
 8.58000       4.53021326
 8.58500       4.53021326
 8.59000       4.53021326
 8.59500       4.53021327
 8.60000       4.53021327
 8.60500       4.53021327
 8.61000       4.53021328
 8.61500       4.53021328
 8.62000       4.53021328
 8.62500       4.53021329
 8.63000       4.53021329
 8.63500       4.53021329
 8.64000       4.53021330
 8.64500       4.53021330
 8.65000       4.53021330
 8.65500       4.53021331
 8.66000       4.53021331
 8.66500       4.53021331
 8.67000       4.53021332
 8.67500       4.53021332
 8.68000       4.53021332
 8.68500       4.53021333
 8.69000       4.53021333
 8.69500       4.53021333
 8.70000       4.53021333
 8.70500       4.53021334
 8.71000       4.53021334
 8.71500       4.53021334
 8.72000       4.53021335
 8.72500       4.53021335
 8.73000       4.53021335
 8.73500       4.53021335
 8.74000       4.53021336
 8.74500       4.53021336
 8.75000       4.53021336
 8.75500       4.53021337
 8.76000       4.53021337
 8.76500       4.53021337
 8.77000       4.53021337
 8.77500       4.53021338
 8.78000       4.53021338
 8.78500       4.53021338
 8.79000       4.53021339
 8.79500       4.53021339
 8.80000       4.53021339
 8.80500       4.53021339
 8.81000       4.53021340
 8.81500       4.53021340
 8.82000       4.53021340
 8.82500       4.53021340
 8.83000       4.53021341
 8.83500       4.53021341
 8.84000       4.53021341
 8.84500       4.53021341
 8.85000       4.53021342
 8.85500       4.53021342
 8.86000       4.53021342
 8.86500       4.53021343
 8.87000       4.53021343
 8.87500       4.53021343
 8.88000       4.53021343
 8.88500       4.53021343
 8.89000       4.53021344
 8.89500       4.53021344
 8.90000       4.53021344
 8.90500       4.53021344
 8.91000       4.53021345
 8.91500       4.53021345
 8.92000       4.53021345
 8.92500       4.53021345
 8.93000       4.53021346
 8.93500       4.53021346
 8.94000       4.53021346
 8.94500       4.53021346
 8.95000       4.53021347
 8.95500       4.53021347
 8.96000       4.53021347
 8.96500       4.53021347
 8.97000       4.53021347
 8.97500       4.53021348
 8.98000       4.53021348
 8.98500       4.53021348
 8.99000       4.53021348
 8.99500       4.53021349
 9.00000       4.53021349
 9.00500       4.53021349
 9.01000       4.53021349
 9.01500       4.53021349
 9.02000       4.53021350
 9.02500       4.53021350
 9.03000       4.53021350
 9.03500       4.53021350
 9.04000       4.53021350
 9.04500       4.53021351
 9.05000       4.53021351
 9.05500       4.53021351
 9.06000       4.53021351
 9.06500       4.53021351
 9.07000       4.53021352
 9.07500       4.53021352
 9.08000       4.53021352
 9.08500       4.53021352
 9.09000       4.53021352
 9.09500       4.53021353
 9.10000       4.53021353
 9.10500       4.53021353
 9.11000       4.53021353
 9.11500       4.53021353
 9.12000       4.53021354
 9.12500       4.53021354
 9.13000       4.53021354
 9.13500       4.53021354
 9.14000       4.53021354
 9.14500       4.53021355
 9.15000       4.53021355
 9.15500       4.53021355
 9.16000       4.53021355
 9.16500       4.53021355
 9.17000       4.53021355
 9.17500       4.53021356
 9.18000       4.53021356
 9.18500       4.53021356
 9.19000       4.53021356
 9.19500       4.53021356
 9.20000       4.53021357
 9.20500       4.53021357
 9.21000       4.53021357
 9.21500       4.53021357
 9.22000       4.53021357
 9.22500       4.53021357
 9.23000       4.53021358
 9.23500       4.53021358
 9.24000       4.53021358
 9.24500       4.53021358
 9.25000       4.53021358
 9.25500       4.53021358
 9.26000       4.53021359
 9.26500       4.53021359
 9.27000       4.53021359
 9.27500       4.53021359
 9.28000       4.53021359
 9.28500       4.53021359
 9.29000       4.53021360
 9.29500       4.53021360
 9.30000       4.53021360
 9.30500       4.53021360
 9.31000       4.53021360
 9.31500       4.53021360
 9.32000       4.53021360
 9.32500       4.53021361
 9.33000       4.53021361
 9.33500       4.53021361
 9.34000       4.53021361
 9.34500       4.53021361
 9.35000       4.53021361
 9.35500       4.53021362
 9.36000       4.53021362
 9.36500       4.53021362
 9.37000       4.53021362
 9.37500       4.53021362
 9.38000       4.53021362
 9.38500       4.53021362
 9.39000       4.53021363
 9.39500       4.53021363
 9.40000       4.53021363
 9.40500       4.53021363
 9.41000       4.53021363
 9.41500       4.53021363
 9.42000       4.53021363
 9.42500       4.53021364
 9.43000       4.53021364
 9.43500       4.53021364
 9.44000       4.53021364
 9.44500       4.53021364
 9.45000       4.53021364
 9.45500       4.53021364
 9.46000       4.53021364
 9.46500       4.53021365
 9.47000       4.53021365
 9.47500       4.53021365
 9.48000       4.53021365
 9.48500       4.53021365
 9.49000       4.53021365
 9.49500       4.53021365
 9.50000       4.53021366
 9.50500       4.53021366
 9.51000       4.53021366
 9.51500       4.53021366
 9.52000       4.53021366
 9.52500       4.53021366
 9.53000       4.53021366
 9.53500       4.53021366
 9.54000       4.53021366
 9.54500       4.53021367
 9.55000       4.53021367
 9.55500       4.53021367
 9.56000       4.53021367
 9.56500       4.53021367
 9.57000       4.53021367
 9.57500       4.53021367
 9.58000       4.53021367
 9.58500       4.53021368
 9.59000       4.53021368
 9.59500       4.53021368
 9.60000       4.53021368
 9.60500       4.53021368
 9.61000       4.53021368
 9.61500       4.53021368
 9.62000       4.53021368
 9.62500       4.53021368
 9.63000       4.53021369
 9.63500       4.53021369
 9.64000       4.53021369
 9.64500       4.53021369
 9.65000       4.53021369
 9.65500       4.53021369
 9.66000       4.53021369
 9.66500       4.53021369
 9.67000       4.53021369
 9.67500       4.53021370
 9.68000       4.53021370
 9.68500       4.53021370
 9.69000       4.53021370
 9.69500       4.53021370
 9.70000       4.53021370
 9.70500       4.53021370
 9.71000       4.53021370
 9.71500       4.53021370
 9.72000       4.53021371
 9.72500       4.53021371
 9.73000       4.53021371
 9.73500       4.53021371
 9.74000       4.53021371
 9.74500       4.53021371
 9.75000       4.53021371
 9.75500       4.53021371
 9.76000       4.53021371
 9.76500       4.53021371
 9.77000       4.53021371
 9.77500       4.53021372
 9.78000       4.53021372
 9.78500       4.53021372
 9.79000       4.53021372
 9.79500       4.53021372
 9.80000       4.53021372
 9.80500       4.53021372
 9.81000       4.53021372
 9.81500       4.53021372
 9.82000       4.53021372
 9.82500       4.53021373
 9.83000       4.53021373
 9.83500       4.53021373
 9.84000       4.53021373
 9.84500       4.53021373
 9.85000       4.53021373
 9.85500       4.53021373
 9.86000       4.53021373
 9.86500       4.53021373
 9.87000       4.53021373
 9.87500       4.53021373
 9.88000       4.53021374
 9.88500       4.53021374
 9.89000       4.53021374
 9.89500       4.53021374
 9.90000       4.53021374
 9.90500       4.53021374
 9.91000       4.53021374
 9.91500       4.53021374
 9.92000       4.53021374
 9.92500       4.53021374
 9.93000       4.53021374
 9.93500       4.53021374
 9.94000       4.53021375
 9.94500       4.53021375
 9.95000       4.53021375
 9.95500       4.53021375
 9.96000       4.53021375
 9.96500       4.53021375
 9.97000       4.53021375
 9.97500       4.53021375
 9.98000       4.53021375
 9.98500       4.53021375
 9.99000       4.53021375
 9.99500       4.53021375
