 0.00000     565.80926052
 0.00500     560.04482852
 0.01000     554.33761452
 0.01500     548.68705852
 0.02000     543.09261052
 0.02500     537.55372452
 0.03000     532.06985752
 0.03500     526.64047552
 0.04000     521.26504752
 0.04500     515.94304752
 0.05000     510.67395452
 0.05500     505.45725452
 0.06000     500.29243552
 0.06500     495.17899352
 0.07000     490.11642652
 0.07500     485.10423952
 0.08000     480.14194052
 0.08500     475.22904452
 0.09000     470.36506852
 0.09500     465.54953652
 0.10000     460.78197552
 0.10500     456.06191852
 0.11000     451.38890152
 0.11500     446.76246552
 0.12000     442.18215652
 0.12500     437.64752452
 0.13000     433.15812352
 0.13500     428.71351252
 0.14000     424.31325452
 0.14500     419.95691552
 0.15000     415.64406852
 0.15500     411.37428752
 0.16000     407.14715352
 0.16500     402.96224852
 0.17000     398.81916152
 0.17500     394.71748352
 0.18000     390.65680952
 0.18500     386.63673952
 0.19000     382.65687652
 0.19500     378.71682852
 0.20000     374.81620652
 0.20500     370.95462352
 0.21000     367.13169952
 0.21500     363.34705652
 0.22000     359.60031952
 0.22500     355.89111952
 0.23000     352.21908752
 0.23500     348.58386052
 0.24000     344.98507952
 0.24500     341.42238652
 0.25000     337.89543052
 0.25500     334.40386052
 0.26000     330.94733052
 0.26500     327.52549752
 0.27000     324.13802152
 0.27500     320.78456752
 0.28000     317.46480152
 0.28500     314.17839352
 0.29000     310.92501752
 0.29500     307.70434952
 0.30000     304.51606952
 0.30500     301.35986052
 0.31000     298.23540852
 0.31500     295.14240052
 0.32000     292.08053052
 0.32500     289.04949252
 0.33000     286.04898452
 0.33500     283.07870652
 0.34000     280.13836352
 0.34500     277.22766052
 0.35000     274.34630852
 0.35500     271.49401752
 0.36000     268.67050452
 0.36500     265.87548652
 0.37000     263.10868252
 0.37500     260.36981852
 0.38000     257.65861752
 0.38500     254.97480952
 0.39000     252.31812552
 0.39500     249.68829952
 0.40000     247.08506652
 0.40500     244.50816552
 0.41000     241.95733952
 0.41500     239.43233152
 0.42000     236.93288652
 0.42500     234.45875552
 0.43000     232.00968852
 0.43500     229.58543952
 0.44000     227.18576452
 0.44500     224.81042152
 0.45000     222.45917152
 0.45500     220.13177752
 0.46000     217.82800552
 0.46500     215.54762252
 0.47000     213.29039852
 0.47500     211.05610552
 0.48000     208.84451852
 0.48500     206.65541252
 0.49000     204.48856752
 0.49500     202.34376452
 0.50000     200.22078552
 0.50500     198.11941652
 0.51000     196.03944452
 0.51500     193.98065752
 0.52000     191.94284752
 0.52500     189.92580852
 0.53000     187.92933552
 0.53500     185.95322452
 0.54000     183.99727652
 0.54500     182.06129152
 0.55000     180.14507252
 0.55500     178.24842552
 0.56000     176.37115752
 0.56500     174.51307652
 0.57000     172.67399252
 0.57500     170.85371952
 0.58000     169.05207152
 0.58500     167.26886352
 0.59000     165.50391552
 0.59500     163.75704452
 0.60000     162.02807452
 0.60500     160.31682652
 0.61000     158.62312652
 0.61500     156.94680052
 0.62000     155.28767752
 0.62500     153.64558752
 0.63000     152.02036152
 0.63500     150.41183252
 0.64000     148.81983552
 0.64500     147.24420752
 0.65000     145.68478652
 0.65500     144.14141052
 0.66000     142.61392352
 0.66500     141.10216552
 0.67000     139.60598252
 0.67500     138.12521952
 0.68000     136.65972352
 0.68500     135.20934352
 0.69000     133.77393052
 0.69500     132.35333452
 0.70000     130.94741052
 0.70500     129.55601152
 0.71000     128.17899452
 0.71500     126.81621652
 0.72000     125.46753652
 0.72500     124.13281352
 0.73000     122.81191052
 0.73500     121.50468952
 0.74000     120.21101452
 0.74500     118.93075152
 0.75000     117.66376652
 0.75500     116.40992952
 0.76000     115.16910752
 0.76500     113.94117252
 0.77000     112.72599552
 0.77500     111.52345052
 0.78000     110.33341252
 0.78500     109.15575552
 0.79000     107.99035752
 0.79500     106.83709552
 0.80000     105.69584952
 0.80500     104.56650052
 0.81000     103.44892852
 0.81500     102.34301752
 0.82000     101.24865052
 0.82500     100.16571352
 0.83000      99.09409192
 0.83500      98.03367282
 0.84000      96.98434482
 0.84500      95.94599732
 0.85000      94.91852072
 0.85500      93.90180662
 0.86000      92.89574782
 0.86500      91.90023772
 0.87000      90.91517112
 0.87500      89.94044392
 0.88000      88.97595262
 0.88500      88.02159512
 0.89000      87.07727012
 0.89500      86.14287742
 0.90000      85.21831782
 0.90500      84.30349282
 0.91000      83.39830522
 0.91500      82.50265852
 0.92000      81.61645742
 0.92500      80.73960722
 0.93000      79.87201452
 0.93500      79.01358652
 0.94000      78.16423142
 0.94500      77.32385842
 0.95000      76.49237752
 0.95500      75.66969952
 0.96000      74.85573632
 0.96500      74.05040052
 0.97000      73.25360542
 0.97500      72.46526562
 0.98000      71.68529612
 0.98500      70.91361302
 0.99000      70.15013292
 0.99500      69.39477372
 1.00000      68.64745372
 1.00500      67.90809212
 1.01000      67.17660902
 1.01500      66.45292532
 1.02000      65.73696242
 1.02500      65.02864272
 1.03000      64.32788942
 1.03500      63.63462622
 1.04000      62.94877792
 1.04500      62.27026982
 1.05000      61.59902802
 1.05500      60.93497922
 1.06000      60.27805102
 1.06500      59.62817172
 1.07000      58.98527012
 1.07500      58.34927602
 1.08000      57.72011952
 1.08500      57.09773192
 1.09000      56.48204462
 1.09500      55.87299022
 1.10000      55.27050152
 1.10500      54.67451242
 1.11000      54.08495702
 1.11500      53.50177052
 1.12000      52.92488842
 1.12500      52.35424692
 1.13000      51.78978292
 1.13500      51.23143402
 1.14000      50.67913822
 1.14500      50.13283422
 1.15000      49.59246132
 1.15500      49.05795952
 1.16000      48.52926932
 1.16500      48.00633172
 1.17000      47.48908842
 1.17500      46.97748172
 1.18000      46.47145442
 1.18500      45.97094982
 1.19000      45.47591182
 1.19500      44.98628502
 1.20000      44.50201432
 1.20500      44.02304542
 1.21000      43.54932432
 1.21500      43.08079772
 1.22000      42.61741272
 1.22500      42.15911702
 1.23000      41.70585882
 1.23500      41.25758682
 1.24000      40.81425022
 1.24500      40.37579872
 1.25000      39.94218262
 1.25500      39.51335242
 1.26000      39.08925952
 1.26500      38.66985552
 1.27000      38.25509252
 1.27500      37.84492312
 1.28000      37.43930042
 1.28500      37.03817792
 1.29000      36.64150972
 1.29500      36.24925022
 1.30000      35.86135442
 1.30500      35.47777742
 1.31000      35.09847522
 1.31500      34.72340402
 1.32000      34.35252052
 1.32500      33.98578162
 1.33000      33.62314502
 1.33500      33.26456862
 1.34000      32.91001062
 1.34500      32.55943002
 1.35000      32.21278582
 1.35500      31.87003762
 1.36000      31.53114542
 1.36500      31.19606952
 1.37000      30.86477072
 1.37500      30.53721022
 1.38000      30.21334952
 1.38500      29.89315052
 1.39000      29.57657552
 1.39500      29.26358712
 1.40000      28.95414842
 1.40500      28.64822282
 1.41000      28.34577402
 1.41500      28.04676622
 1.42000      27.75116382
 1.42500      27.45893182
 1.43000      27.17003512
 1.43500      26.88443942
 1.44000      26.60211062
 1.44500      26.32301482
 1.45000      26.04711852
 1.45500      25.77438872
 1.46000      25.50479262
 1.46500      25.23829762
 1.47000      24.97487172
 1.47500      24.71448292
 1.48000      24.45709982
 1.48500      24.20269112
 1.49000      23.95122602
 1.49500      23.70267392
 1.50000      23.45700452
 1.50500      23.21418792
 1.51000      22.97419422
 1.51500      22.73699422
 1.52000      22.50255882
 1.52500      22.27085912
 1.53000      22.04186662
 1.53500      21.81555312
 1.54000      21.59189072
 1.54500      21.37085162
 1.55000      21.15240852
 1.55500      20.93653422
 1.56000      20.72320192
 1.56500      20.51238502
 1.57000      20.30405712
 1.57500      20.09819232
 1.58000      19.89476462
 1.58500      19.69374862
 1.59000      19.49511902
 1.59500      19.29885072
 1.60000      19.10491902
 1.60500      18.91329932
 1.61000      18.72396732
 1.61500      18.53689892
 1.62000      18.35207042
 1.62500      18.16945822
 1.63000      17.98903892
 1.63500      17.81078952
 1.64000      17.63468702
 1.64500      17.46070892
 1.65000      17.28883272
 1.65500      17.11903612
 1.66000      16.95129732
 1.66500      16.78559462
 1.67000      16.62190622
 1.67500      16.46021102
 1.68000      16.30048792
 1.68500      16.14271592
 1.69000      15.98687432
 1.69500      15.82586532
 1.70000      15.67638812
 1.70500      15.52838022
 1.71000      15.38184902
 1.71500      15.23680212
 1.72000      15.09324682
 1.72500      14.95119082
 1.73000      14.81064132
 1.73500      14.67160592
 1.74000      14.53409212
 1.74500      14.39810732
 1.75000      14.26365892
 1.75500      14.13075442
 1.76000      13.99940142
 1.76500      13.86960722
 1.77000      13.74137932
 1.77500      13.61472512
 1.78000      13.48965222
 1.78500      13.36616802
 1.79000      13.24427992
 1.79500      13.12399542
 1.80000      13.00532202
 1.80500      12.88825932
 1.81000      12.77278792
 1.81500      12.65888542
 1.82000      12.54652932
 1.82500      12.43569732
 1.83000      12.32636702
 1.83500      12.21851612
 1.84000      12.11212212
 1.84500      12.00716262
 1.85000      11.90361532
 1.85500      11.80145782
 1.86000      11.70066772
 1.86500      11.60122252
 1.87000      11.50310002
 1.87500      11.40627772
 1.88000      11.31073332
 1.88500      11.21644442
 1.89000      11.12338852
 1.89500      11.03154332
 1.90000      10.94088632
 1.90500      10.85139542
 1.91000      10.76304972
 1.91500      10.67583592
 1.92000      10.58974262
 1.92500      10.50475792
 1.93000      10.42087052
 1.93500      10.33806872
 1.94000      10.25634092
 1.94500      10.17567562
 1.95000      10.09606122
 1.95500      10.01748610
 1.96000       9.93993871
 1.96500       9.86340746
 1.97000       9.78788077
 1.97500       9.71334708
 1.98000       9.63979481
 1.98500       9.56721236
 1.99000       9.49558817
 1.99500       9.42491066
 2.00000       9.35516825
 2.00500       9.28634937
 2.01000       9.21844242
 2.01500       9.15143593
 2.02000       9.08531904
 2.02500       9.02008112
 2.03000       8.95571157
 2.03500       8.89219978
 2.04000       8.82953514
 2.04500       8.76770704
 2.05000       8.70670487
 2.05500       8.64651801
 2.06000       8.58713586
 2.06500       8.52854780
 2.07000       8.47074323
 2.07500       8.41371154
 2.08000       8.35744211
 2.08500       8.30192433
 2.09000       8.24714760
 2.09500       8.19310130
 2.10000       8.13977482
 2.10500       8.08715756
 2.11000       8.03523890
 2.11500       7.98400823
 2.12000       7.93345513
 2.12500       7.88357139
 2.13000       7.83435022
 2.13500       7.78578487
 2.14000       7.73786860
 2.14500       7.69059463
 2.15000       7.64395623
 2.15500       7.59794663
 2.16000       7.55255909
 2.16500       7.50778684
 2.17000       7.46362313
 2.17500       7.42006121
 2.18000       7.37709433
 2.18500       7.33471572
 2.19000       7.29291864
 2.19500       7.25169634
 2.20000       7.21104204
 2.20500       7.17094902
 2.21000       7.13141050
 2.21500       7.09241973
 2.22000       7.05396997
 2.22500       7.01605445
 2.23000       6.97866642
 2.23500       6.94179913
 2.24000       6.90544582
 2.24500       6.86959974
 2.25000       6.83425414
 2.25500       6.79940225
 2.26000       6.76503733
 2.26500       6.73115262
 2.27000       6.69774137
 2.27500       6.66479682
 2.28000       6.63231222
 2.28500       6.60028082
 2.29000       6.56869586
 2.29500       6.53755058
 2.30000       6.50683823
 2.30500       6.47655206
 2.31000       6.44668531
 2.31500       6.41723123
 2.32000       6.38818307
 2.32500       6.35953407
 2.33000       6.33127748
 2.33500       6.30340753
 2.34000       6.27591987
 2.34500       6.24881032
 2.35000       6.22207469
 2.35500       6.19570877
 2.36000       6.16970838
 2.36500       6.14406932
 2.37000       6.11878740
 2.37500       6.09385842
 2.38000       6.06927818
 2.38500       6.04504250
 2.39000       6.02114718
 2.39500       5.99758802
 2.40000       5.97436083
 2.40500       5.95146142
 2.41000       5.92888559
 2.41500       5.90662915
 2.42000       5.88468790
 2.42500       5.86305765
 2.43000       5.84173420
 2.43500       5.82071337
 2.44000       5.79999095
 2.44500       5.77956275
 2.45000       5.75942457
 2.45500       5.73957236
 2.46000       5.72000253
 2.46500       5.70071167
 2.47000       5.68169634
 2.47500       5.66295311
 2.48000       5.64447855
 2.48500       5.62626923
 2.49000       5.60832172
 2.49500       5.59063259
 2.50000       5.57319840
 2.50500       5.55601573
 2.51000       5.53908115
 2.51500       5.52239122
 2.52000       5.50594252
 2.52500       5.48973161
 2.53000       5.47375506
 2.53500       5.45800945
 2.54000       5.44249134
 2.54500       5.42719736
 2.55000       5.41212438
 2.55500       5.39726932
 2.56000       5.38262912
 2.56500       5.36820070
 2.57000       5.35398099
 2.57500       5.33996691
 2.58000       5.32615541
 2.58500       5.31254340
 2.59000       5.29912782
 2.59500       5.28590558
 2.60000       5.27287363
 2.60500       5.26002888
 2.61000       5.24736827
 2.61500       5.23488872
 2.62000       5.22258717
 2.62500       5.21046054
 2.63000       5.19850575
 2.63500       5.18671974
 2.64000       5.17509944
 2.64500       5.16364177
 2.65000       5.15234366
 2.65500       5.14120218
 2.66000       5.13021556
 2.66500       5.11938256
 2.67000       5.10870198
 2.67500       5.09817258
 2.68000       5.08779316
 2.68500       5.07756248
 2.69000       5.06747935
 2.69500       5.05754252
 2.70000       5.04775079
 2.70500       5.03810294
 2.71000       5.02859774
 2.71500       5.01923398
 2.72000       5.01001044
 2.72500       5.00092590
 2.73000       4.99197914
 2.73500       4.98316894
 2.74000       4.97449408
 2.74500       4.96595335
 2.75000       4.95754551
 2.75500       4.94926933
 2.76000       4.94112305
 2.76500       4.93310465
 2.77000       4.92521209
 2.77500       4.91744330
 2.78000       4.90979627
 2.78500       4.90226893
 2.79000       4.89485925
 2.79500       4.88756519
 2.80000       4.88038469
 2.80500       4.87331572
 2.81000       4.86635623
 2.81500       4.85950418
 2.82000       4.85275753
 2.82500       4.84611423
 2.83000       4.83957224
 2.83500       4.83312951
 2.84000       4.82678401
 2.84500       4.82053368
 2.85000       4.81437649
 2.85500       4.80831042
 2.86000       4.80233399
 2.86500       4.79644617
 2.87000       4.79064597
 2.87500       4.78493238
 2.88000       4.77930440
 2.88500       4.77376101
 2.89000       4.76830122
 2.89500       4.76292402
 2.90000       4.75762840
 2.90500       4.75241337
 2.91000       4.74727791
 2.91500       4.74222103
 2.92000       4.73724171
 2.92500       4.73233896
 2.93000       4.72751176
 2.93500       4.72275912
 2.94000       4.71808002
 2.94500       4.71347347
 2.95000       4.70893846
 2.95500       4.70447399
 2.96000       4.70007904
 2.96500       4.69575263
 2.97000       4.69149376
 2.97500       4.68730155
 2.98000       4.68317506
 2.98500       4.67911339
 2.99000       4.67511564
 2.99500       4.67118089
 3.00000       4.66730824
 3.00500       4.66349676
 3.01000       4.65974556
 3.01500       4.65605372
 3.02000       4.65242033
 3.02500       4.64884448
 3.03000       4.64532527
 3.03500       4.64186178
 3.04000       4.63845310
 3.04500       4.63509833
 3.05000       4.63179655
 3.05500       4.62854695
 3.06000       4.62534888
 3.06500       4.62220167
 3.07000       4.61910466
 3.07500       4.61605719
 3.08000       4.61305860
 3.08500       4.61010822
 3.09000       4.60720540
 3.09500       4.60434948
 3.10000       4.60153980
 3.10500       4.59877568
 3.11000       4.59605649
 3.11500       4.59338154
 3.12000       4.59075020
 3.12500       4.58816178
 3.13000       4.58561564
 3.13500       4.58311110
 3.14000       4.58064752
 3.14500       4.57822423
 3.15000       4.57584057
 3.15500       4.57349588
 3.16000       4.57118950
 3.16500       4.56892077
 3.17000       4.56668902
 3.17500       4.56449360
 3.18000       4.56233389
 3.18500       4.56020943
 3.19000       4.55811980
 3.19500       4.55606459
 3.20000       4.55404339
 3.20500       4.55205579
 3.21000       4.55010135
 3.21500       4.54817968
 3.22000       4.54629036
 3.22500       4.54443296
 3.23000       4.54260709
 3.23500       4.54081231
 3.24000       4.53904822
 3.24500       4.53731441
 3.25000       4.53561045
 3.25500       4.53393593
 3.26000       4.53229044
 3.26500       4.53067356
 3.27000       4.52908488
 3.27500       4.52752399
 3.28000       4.52599046
 3.28500       4.52448388
 3.29000       4.52300384
 3.29500       4.52154993
 3.30000       4.52012172
 3.30500       4.51871881
 3.31000       4.51734077
 3.31500       4.51598720
 3.32000       4.51465768
 3.32500       4.51335179
 3.33000       4.51206912
 3.33500       4.51080925
 3.34000       4.50957177
 3.34500       4.50835627
 3.35000       4.50716233
 3.35500       4.50598953
 3.36000       4.50483746
 3.36500       4.50370570
 3.37000       4.50259385
 3.37500       4.50150148
 3.38000       4.50042818
 3.38500       4.49937353
 3.39000       4.49833714
 3.39500       4.49731872
 3.40000       4.49631808
 3.40500       4.49533503
 3.41000       4.49436938
 3.41500       4.49342093
 3.42000       4.49248950
 3.42500       4.49157488
 3.43000       4.49067689
 3.43500       4.48979534
 3.44000       4.48893003
 3.44500       4.48808077
 3.45000       4.48724737
 3.45500       4.48642964
 3.46000       4.48562739
 3.46500       4.48484041
 3.47000       4.48406853
 3.47500       4.48331155
 3.48000       4.48256927
 3.48500       4.48184151
 3.49000       4.48112807
 3.49500       4.48042876
 3.50000       4.47974339
 3.50500       4.47907177
 3.51000       4.47841369
 3.51500       4.47776899
 3.52000       4.47713745
 3.52500       4.47651888
 3.53000       4.47591310
 3.53500       4.47531992
 3.54000       4.47473914
 3.54500       4.47417056
 3.55000       4.47361401
 3.55500       4.47306927
 3.56000       4.47253617
 3.56500       4.47201451
 3.57000       4.47150410
 3.57500       4.47100474
 3.58000       4.47051625
 3.58500       4.47003843
 3.59000       4.46957109
 3.59500       4.46911404
 3.60000       4.46866708
 3.60500       4.46823003
 3.61000       4.46780269
 3.61500       4.46738486
 3.62000       4.46697636
 3.62500       4.46657700
 3.63000       4.46618658
 3.63500       4.46580491
 3.64000       4.46543180
 3.64500       4.46506706
 3.65000       4.46471049
 3.65500       4.46436190
 3.66000       4.46402110
 3.66500       4.46368790
 3.67000       4.46336210
 3.67500       4.46304352
 3.68000       4.46273196
 3.68500       4.46242723
 3.69000       4.46212913
 3.69500       4.46183748
 3.70000       4.46155209
 3.70500       4.46127275
 3.71000       4.46099932
 3.71500       4.46073172
 3.72000       4.46046989
 3.72500       4.46021378
 3.73000       4.45996332
 3.73500       4.45971846
 3.74000       4.45947914
 3.74500       4.45924530
 3.75000       4.45901689
 3.75500       4.45879384
 3.76000       4.45857609
 3.76500       4.45836359
 3.77000       4.45815628
 3.77500       4.45795411
 3.78000       4.45775700
 3.78500       4.45756491
 3.79000       4.45737777
 3.79500       4.45719553
 3.80000       4.45701813
 3.80500       4.45684551
 3.81000       4.45667761
 3.81500       4.45651437
 3.82000       4.45635574
 3.82500       4.45620165
 3.83000       4.45605205
 3.83500       4.45590688
 3.84000       4.45576608
 3.84500       4.45562960
 3.85000       4.45549737
 3.85500       4.45536933
 3.86000       4.45524543
 3.86500       4.45512561
 3.87000       4.45500981
 3.87500       4.45489798
 3.88000       4.45479004
 3.88500       4.45468595
 3.89000       4.45458565
 3.89500       4.45448908
 3.90000       4.45439617
 3.90500       4.45430688
 3.91000       4.45422114
 3.91500       4.45413890
 3.92000       4.45406009
 3.92500       4.45398466
 3.93000       4.45391254
 3.93500       4.45384369
 3.94000       4.45377804
 3.94500       4.45371554
 3.95000       4.45365612
 3.95500       4.45359973
 3.96000       4.45354630
 3.96500       4.45349579
 3.97000       4.45344813
 3.97500       4.45340326
 3.98000       4.45336113
 3.98500       4.45332167
 3.99000       4.45328483
 3.99500       4.45325055
 4.00000       4.45321877
 4.00500       4.45318944
 4.01000       4.45316249
 4.01500       4.45313786
 4.02000       4.45311551
 4.02500       4.45309536
 4.03000       4.45307736
 4.03500       4.45306146
 4.04000       4.45304758
 4.04500       4.45303569
 4.05000       4.45302571
 4.05500       4.45301759
 4.06000       4.45301127
 4.06500       4.45300669
 4.07000       4.45300379
 4.07500       4.45300252
 4.08000       4.45300282
 4.08500       4.45300462
 4.09000       4.45300787
 4.09500       4.45301252
 4.10000       4.45301849
 4.10500       4.45302574
 4.11000       4.45303421
 4.11500       4.45304383
 4.12000       4.45305456
 4.12500       4.45306632
 4.13000       4.45307907
 4.13500       4.45309276
 4.14000       4.45310738
 4.14500       4.45312292
 4.15000       4.45313937
 4.15500       4.45315670
 4.16000       4.45317491
 4.16500       4.45319398
 4.17000       4.45321390
 4.17500       4.45323465
 4.18000       4.45325621
 4.18500       4.45327859
 4.19000       4.45330175
 4.19500       4.45332569
 4.20000       4.45335039
 4.20500       4.45337584
 4.21000       4.45340202
 4.21500       4.45342893
 4.22000       4.45345654
 4.22500       4.45348484
 4.23000       4.45351382
 4.23500       4.45354346
 4.24000       4.45357375
 4.24500       4.45360468
 4.25000       4.45363623
 4.25500       4.45366838
 4.26000       4.45370113
 4.26500       4.45373446
 4.27000       4.45376835
 4.27500       4.45380279
 4.28000       4.45383777
 4.28500       4.45387328
 4.29000       4.45390929
 4.29500       4.45394579
 4.30000       4.45398278
 4.30500       4.45402023
 4.31000       4.45405813
 4.31500       4.45409647
 4.32000       4.45413524
 4.32500       4.45417441
 4.33000       4.45421398
 4.33500       4.45425394
 4.34000       4.45429426
 4.34500       4.45433493
 4.35000       4.45437596
 4.35500       4.45441733
 4.36000       4.45445903
 4.36500       4.45450108
 4.37000       4.45454345
 4.37500       4.45458614
 4.38000       4.45462916
 4.38500       4.45467248
 4.39000       4.45471611
 4.39500       4.45476005
 4.40000       4.45480428
 4.40500       4.45484881
 4.41000       4.45489362
 4.41500       4.45493872
 4.42000       4.45498409
 4.42500       4.45502973
 4.43000       4.45507564
 4.43500       4.45512181
 4.44000       4.45516823
 4.44500       4.45521491
 4.45000       4.45526183
 4.45500       4.45530899
 4.46000       4.45535638
 4.46500       4.45540401
 4.47000       4.45545186
 4.47500       4.45549993
 4.48000       4.45554821
 4.48500       4.45559670
 4.49000       4.45564539
 4.49500       4.45569428
 4.50000       4.45574337
 4.50500       4.45579264
 4.51000       4.45584210
 4.51500       4.45589173
 4.52000       4.45594154
 4.52500       4.45599151
 4.53000       4.45604164
 4.53500       4.45609193
 4.54000       4.45614237
 4.54500       4.45619296
 4.55000       4.45624369
 4.55500       4.45629455
 4.56000       4.45634555
 4.56500       4.45639667
 4.57000       4.45644790
 4.57500       4.45649926
 4.58000       4.45655072
 4.58500       4.45660229
 4.59000       4.45665396
 4.59500       4.45670572
 4.60000       4.45675757
 4.60500       4.45680950
 4.61000       4.45686151
 4.61500       4.45691359
 4.62000       4.45696574
 4.62500       4.45701796
 4.63000       4.45707023
 4.63500       4.45712255
 4.64000       4.45717492
 4.64500       4.45722733
 4.65000       4.45727978
 4.65500       4.45733226
 4.66000       4.45738477
 4.66500       4.45743729
 4.67000       4.45748982
 4.67500       4.45754236
 4.68000       4.45759488
 4.68500       4.45764739
 4.69000       4.45769987
 4.69500       4.45775231
 4.70000       4.45780471
 4.70500       4.45785706
 4.71000       4.45790935
 4.71500       4.45796156
 4.72000       4.45801369
 4.72500       4.45806574
 4.73000       4.45811768
 4.73500       4.45816952
 4.74000       4.45822124
 4.74500       4.45827284
 4.75000       4.45832431
 4.75500       4.45837563
 4.76000       4.45842680
 4.76500       4.45847781
 4.77000       4.45852864
 4.77500       4.45857930
 4.78000       4.45862978
 4.78500       4.45868005
 4.79000       4.45873012
 4.79500       4.45877998
 4.80000       4.45882961
 4.80500       4.45887901
 4.81000       4.45892816
 4.81500       4.45897707
 4.82000       4.45902572
 4.82500       4.45907410
 4.83000       4.45912220
 4.83500       4.45917002
 4.84000       4.45921754
 4.84500       4.45926475
 4.85000       4.45931166
 4.85500       4.45935824
 4.86000       4.45940449
 4.86500       4.45945040
 4.87000       4.45949596
 4.87500       4.45954116
 4.88000       4.45958600
 4.88500       4.45963046
 4.89000       4.45967454
 4.89500       4.45971822
 4.90000       4.45976150
 4.90500       4.45980437
 4.91000       4.45984681
 4.91500       4.45988883
 4.92000       4.45993041
 4.92500       4.45997154
 4.93000       4.46001222
 4.93500       4.46005243
 4.94000       4.46009216
 4.94500       4.46013142
 4.95000       4.46017018
 4.95500       4.46020844
 4.96000       4.46024618
 4.96500       4.46028341
 4.97000       4.46032012
 4.97500       4.46035628
 4.98000       4.46039190
 4.98500       4.46042698
 4.99000       4.46046152
 4.99500       4.46049553
 5.00000       4.46052901
 5.00500       4.46056195
 5.01000       4.46059437
 5.01500       4.46062627
 5.02000       4.46065764
 5.02500       4.46068850
 5.03000       4.46071885
 5.03500       4.46074868
 5.04000       4.46077801
 5.04500       4.46080683
 5.05000       4.46083514
 5.05500       4.46086296
 5.06000       4.46089028
 5.06500       4.46091711
 5.07000       4.46094345
 5.07500       4.46096930
 5.08000       4.46099467
 5.08500       4.46101955
 5.09000       4.46104396
 5.09500       4.46106789
 5.10000       4.46109135
 5.10500       4.46111434
 5.11000       4.46113686
 5.11500       4.46115892
 5.12000       4.46118052
 5.12500       4.46120167
 5.13000       4.46122235
 5.13500       4.46124259
 5.14000       4.46126237
 5.14500       4.46128172
 5.15000       4.46130061
 5.15500       4.46131907
 5.16000       4.46133710
 5.16500       4.46135469
 5.17000       4.46137184
 5.17500       4.46138857
 5.18000       4.46140488
 5.18500       4.46142077
 5.19000       4.46143623
 5.19500       4.46145128
 5.20000       4.46146592
 5.20500       4.46148015
 5.21000       4.46149397
 5.21500       4.46150738
 5.22000       4.46152040
 5.22500       4.46153302
 5.23000       4.46154524
 5.23500       4.46155707
 5.24000       4.46156852
 5.24500       4.46157957
 5.25000       4.46159025
 5.25500       4.46160054
 5.26000       4.46161046
 5.26500       4.46162000
 5.27000       4.46162918
 5.27500       4.46163798
 5.28000       4.46164642
 5.28500       4.46165450
 5.29000       4.46166222
 5.29500       4.46168012
 5.30000       4.46169022
 5.30500       4.46170024
 5.31000       4.46171019
 5.31500       4.46172007
 5.32000       4.46172987
 5.32500       4.46173961
 5.33000       4.46174927
 5.33500       4.46175887
 5.34000       4.46176840
 5.34500       4.46177785
 5.35000       4.46178724
 5.35500       4.46179657
 5.36000       4.46180583
 5.36500       4.46181502
 5.37000       4.46182414
 5.37500       4.46183320
 5.38000       4.46184220
 5.38500       4.46185113
 5.39000       4.46186000
 5.39500       4.46186880
 5.40000       4.46187754
 5.40500       4.46188622
 5.41000       4.46189484
 5.41500       4.46190340
 5.42000       4.46191190
 5.42500       4.46192033
 5.43000       4.46192871
 5.43500       4.46193703
 5.44000       4.46194529
 5.44500       4.46195349
 5.45000       4.46196163
 5.45500       4.46196972
 5.46000       4.46197775
 5.46500       4.46198572
 5.47000       4.46199364
 5.47500       4.46200150
 5.48000       4.46200931
 5.48500       4.46201706
 5.49000       4.46202476
 5.49500       4.46203240
 5.50000       4.46203999
 5.50500       4.46204753
 5.51000       4.46205502
 5.51500       4.46206245
 5.52000       4.46206983
 5.52500       4.46207716
 5.53000       4.46208444
 5.53500       4.46209167
 5.54000       4.46209885
 5.54500       4.46210598
 5.55000       4.46211306
 5.55500       4.46212009
 5.56000       4.46212708
 5.56500       4.46213401
 5.57000       4.46214090
 5.57500       4.46214774
 5.58000       4.46215453
 5.58500       4.46216128
 5.59000       4.46216798
 5.59500       4.46217463
 5.60000       4.46218124
 5.60500       4.46218780
 5.61000       4.46219432
 5.61500       4.46220079
 5.62000       4.46220722
 5.62500       4.46221361
 5.63000       4.46221995
 5.63500       4.46222625
 5.64000       4.46223250
 5.64500       4.46223872
 5.65000       4.46224489
 5.65500       4.46225102
 5.66000       4.46225711
 5.66500       4.46226315
 5.67000       4.46226916
 5.67500       4.46227512
 5.68000       4.46228105
 5.68500       4.46228693
 5.69000       4.46229278
 5.69500       4.46229859
 5.70000       4.46230435
 5.70500       4.46231008
 5.71000       4.46231577
 5.71500       4.46232142
 5.72000       4.46232703
 5.72500       4.46233261
 5.73000       4.46233815
 5.73500       4.46234365
 5.74000       4.46234912
 5.74500       4.46235454
 5.75000       4.46235994
 5.75500       4.46236529
 5.76000       4.46237061
 5.76500       4.46237590
 5.77000       4.46238115
 5.77500       4.46238636
 5.78000       4.46239154
 5.78500       4.46239669
 5.79000       4.46240180
 5.79500       4.46240688
 5.80000       4.46241192
 5.80500       4.46241693
 5.81000       4.46242191
 5.81500       4.46242686
 5.82000       4.46243177
 5.82500       4.46243665
 5.83000       4.46244150
 5.83500       4.46244632
 5.84000       4.46245110
 5.84500       4.46245585
 5.85000       4.46246058
 5.85500       4.46246527
 5.86000       4.46246993
 5.86500       4.46247456
 5.87000       4.46247916
 5.87500       4.46248373
 5.88000       4.46248827
 5.88500       4.46249278
 5.89000       4.46249726
 5.89500       4.46250171
 5.90000       4.46250613
 5.90500       4.46251053
 5.91000       4.46251489
 5.91500       4.46251923
 5.92000       4.46252354
 5.92500       4.46252782
 5.93000       4.46253207
 5.93500       4.46253630
 5.94000       4.46254050
 5.94500       4.46254467
 5.95000       4.46254881
 5.95500       4.46255293
 5.96000       4.46255702
 5.96500       4.46256109
 5.97000       4.46256513
 5.97500       4.46256914
 5.98000       4.46257313
 5.98500       4.46257709
 5.99000       4.46258103
 5.99500       4.46258494
 6.00000       4.46258882
 6.00500       4.46259269
 6.01000       4.46259652
 6.01500       4.46260033
 6.02000       4.46260412
 6.02500       4.46260789
 6.03000       4.46261163
 6.03500       4.46261534
 6.04000       4.46261904
 6.04500       4.46262270
 6.05000       4.46262635
 6.05500       4.46262997
 6.06000       4.46263357
 6.06500       4.46263715
 6.07000       4.46264070
 6.07500       4.46264424
 6.08000       4.46264775
 6.08500       4.46265123
 6.09000       4.46265470
 6.09500       4.46265814
 6.10000       4.46266157
 6.10500       4.46266497
 6.11000       4.46266834
 6.11500       4.46267170
 6.12000       4.46267504
 6.12500       4.46267836
 6.13000       4.46268165
 6.13500       4.46268493
 6.14000       4.46268818
 6.14500       4.46269141
 6.15000       4.46269463
 6.15500       4.46269782
 6.16000       4.46270100
 6.16500       4.46270415
 6.17000       4.46270728
 6.17500       4.46271040
 6.18000       4.46271350
 6.18500       4.46271657
 6.19000       4.46271963
 6.19500       4.46272267
 6.20000       4.46272569
 6.20500       4.46272869
 6.21000       4.46273167
 6.21500       4.46273464
 6.22000       4.46273758
 6.22500       4.46274051
 6.23000       4.46274342
 6.23500       4.46274631
 6.24000       4.46274918
 6.24500       4.46275204
 6.25000       4.46275488
 6.25500       4.46275770
 6.26000       4.46276050
 6.26500       4.46276329
 6.27000       4.46276606
 6.27500       4.46276881
 6.28000       4.46277155
 6.28500       4.46277427
 6.29000       4.46277697
 6.29500       4.46277966
 6.30000       4.46278233
 6.30500       4.46278498
 6.31000       4.46278762
 6.31500       4.46279024
 6.32000       4.46279285
 6.32500       4.46279544
 6.33000       4.46279801
 6.33500       4.46280057
 6.34000       4.46280311
 6.34500       4.46280564
 6.35000       4.46280815
 6.35500       4.46281065
 6.36000       4.46281313
 6.36500       4.46281560
 6.37000       4.46281805
 6.37500       4.46282049
 6.38000       4.46282291
 6.38500       4.46282532
 6.39000       4.46282771
 6.39500       4.46283009
 6.40000       4.46283246
 6.40500       4.46283481
 6.41000       4.46283715
 6.41500       4.46283947
 6.42000       4.46284178
 6.42500       4.46284407
 6.43000       4.46284635
 6.43500       4.46284862
 6.44000       4.46285088
 6.44500       4.46285312
 6.45000       4.46285535
 6.45500       4.46285756
 6.46000       4.46285976
 6.46500       4.46286195
 6.47000       4.46286413
 6.47500       4.46286629
 6.48000       4.46286844
 6.48500       4.46287057
 6.49000       4.46287270
 6.49500       4.46287481
 6.50000       4.46287691
 6.50500       4.46287900
 6.51000       4.46288107
 6.51500       4.46288313
 6.52000       4.46288518
 6.52500       4.46288722
 6.53000       4.46288925
 6.53500       4.46289126
 6.54000       4.46289326
 6.54500       4.46289526
 6.55000       4.46289723
 6.55500       4.46289920
 6.56000       4.46290116
 6.56500       4.46290310
 6.57000       4.46290504
 6.57500       4.46290696
 6.58000       4.46290887
 6.58500       4.46291077
 6.59000       4.46291266
 6.59500       4.46291453
 6.60000       4.46291640
 6.60500       4.46291826
 6.61000       4.46292010
 6.61500       4.46292193
 6.62000       4.46292376
 6.62500       4.46292557
 6.63000       4.46292737
 6.63500       4.46292917
 6.64000       4.46293095
 6.64500       4.46293272
 6.65000       4.46293448
 6.65500       4.46293623
 6.66000       4.46293797
 6.66500       4.46293970
 6.67000       4.46294143
 6.67500       4.46294314
 6.68000       4.46294484
 6.68500       4.46294653
 6.69000       4.46294821
 6.69500       4.46294988
 6.70000       4.46295155
 6.70500       4.46295320
 6.71000       4.46295484
 6.71500       4.46295648
 6.72000       4.46295810
 6.72500       4.46295972
 6.73000       4.46296132
 6.73500       4.46296292
 6.74000       4.46296451
 6.74500       4.46296609
 6.75000       4.46296766
 6.75500       4.46296922
 6.76000       4.46297077
 6.76500       4.46297232
 6.77000       4.46297385
 6.77500       4.46297538
 6.78000       4.46297689
 6.78500       4.46297840
 6.79000       4.46297990
 6.79500       4.46298140
 6.80000       4.46298288
 6.80500       4.46298435
 6.81000       4.46298582
 6.81500       4.46298728
 6.82000       4.46298873
 6.82500       4.46299017
 6.83000       4.46299161
 6.83500       4.46299303
 6.84000       4.46299445
 6.84500       4.46299586
 6.85000       4.46299726
 6.85500       4.46299866
 6.86000       4.46300004
 6.86500       4.46300142
 6.87000       4.46300279
 6.87500       4.46300416
 6.88000       4.46300551
 6.88500       4.46300686
 6.89000       4.46300820
 6.89500       4.46300954
 6.90000       4.46301086
 6.90500       4.46301218
 6.91000       4.46301349
 6.91500       4.46301480
 6.92000       4.46301609
 6.92500       4.46301738
 6.93000       4.46301866
 6.93500       4.46301994
 6.94000       4.46302121
 6.94500       4.46302247
 6.95000       4.46302372
 6.95500       4.46302497
 6.96000       4.46302621
 6.96500       4.46302744
 6.97000       4.46302867
 6.97500       4.46302989
 6.98000       4.46303110
 6.98500       4.46303231
 6.99000       4.46303351
 6.99500       4.46303471
 7.00000       4.46303589
 7.00500       4.46303707
 7.01000       4.46303825
 7.01500       4.46303941
 7.02000       4.46304058
 7.02500       4.46304173
 7.03000       4.46304288
 7.03500       4.46304402
 7.04000       4.46304516
 7.04500       4.46304629
 7.05000       4.46304741
 7.05500       4.46304853
 7.06000       4.46304964
 7.06500       4.46305075
 7.07000       4.46305184
 7.07500       4.46305294
 7.08000       4.46305403
 7.08500       4.46305511
 7.09000       4.46305618
 7.09500       4.46305725
 7.10000       4.46305832
 7.10500       4.46305938
 7.11000       4.46306043
 7.11500       4.46306148
 7.12000       4.46306252
 7.12500       4.46306355
 7.13000       4.46306458
 7.13500       4.46306561
 7.14000       4.46306663
 7.14500       4.46306764
 7.15000       4.46306865
 7.15500       4.46306965
 7.16000       4.46307065
 7.16500       4.46307164
 7.17000       4.46307263
 7.17500       4.46307361
 7.18000       4.46307459
 7.18500       4.46307556
 7.19000       4.46307652
 7.19500       4.46307748
 7.20000       4.46307844
 7.20500       4.46307939
 7.21000       4.46308034
 7.21500       4.46308128
 7.22000       4.46308221
 7.22500       4.46308314
 7.23000       4.46308407
 7.23500       4.46308499
 7.24000       4.46308590
 7.24500       4.46308682
 7.25000       4.46308772
 7.25500       4.46308862
 7.26000       4.46308952
 7.26500       4.46309041
 7.27000       4.46309130
 7.27500       4.46309218
 7.28000       4.46309306
 7.28500       4.46309393
 7.29000       4.46309480
 7.29500       4.46309566
 7.30000       4.46309652
 7.30500       4.46309738
 7.31000       4.46309823
 7.31500       4.46309908
 7.32000       4.46309992
 7.32500       4.46310075
 7.33000       4.46310159
 7.33500       4.46310241
 7.34000       4.46310324
 7.34500       4.46310406
 7.35000       4.46310487
 7.35500       4.46310569
 7.36000       4.46310649
 7.36500       4.46310730
 7.37000       4.46310809
 7.37500       4.46310889
 7.38000       4.46310968
 7.38500       4.46311046
 7.39000       4.46311125
 7.39500       4.46311202
 7.40000       4.46311280
 7.40500       4.46311357
 7.41000       4.46311433
 7.41500       4.46311510
 7.42000       4.46311585
 7.42500       4.46311661
 7.43000       4.46311736
 7.43500       4.46311811
 7.44000       4.46311885
 7.44500       4.46311959
 7.45000       4.46312032
 7.45500       4.46312105
 7.46000       4.46312178
 7.46500       4.46312250
 7.47000       4.46312322
 7.47500       4.46312394
 7.48000       4.46312465
 7.48500       4.46312536
 7.49000       4.46312607
 7.49500       4.46312677
 7.50000       4.46312747
 7.50500       4.46312816
 7.51000       4.46312885
 7.51500       4.46312954
 7.52000       4.46313022
 7.52500       4.46313090
 7.53000       4.46313158
 7.53500       4.46313225
 7.54000       4.46313292
 7.54500       4.46313359
 7.55000       4.46313425
 7.55500       4.46313491
 7.56000       4.46313557
 7.56500       4.46313622
 7.57000       4.46313687
 7.57500       4.46313752
 7.58000       4.46313816
 7.58500       4.46313880
 7.59000       4.46313944
 7.59500       4.46314007
 7.60000       4.46314071
 7.60500       4.46314133
 7.61000       4.46314196
 7.61500       4.46314258
 7.62000       4.46314320
 7.62500       4.46314381
 7.63000       4.46314442
 7.63500       4.46314503
 7.64000       4.46314564
 7.64500       4.46314624
 7.65000       4.46314684
 7.65500       4.46314743
 7.66000       4.46314803
 7.66500       4.46314862
 7.67000       4.46314921
 7.67500       4.46314979
 7.68000       4.46315037
 7.68500       4.46315095
 7.69000       4.46315153
 7.69500       4.46315210
 7.70000       4.46315267
 7.70500       4.46315324
 7.71000       4.46315380
 7.71500       4.46315436
 7.72000       4.46315492
 7.72500       4.46315548
 7.73000       4.46315603
 7.73500       4.46315658
 7.74000       4.46315713
 7.74500       4.46315767
 7.75000       4.46315822
 7.75500       4.46315876
 7.76000       4.46315929
 7.76500       4.46315983
 7.77000       4.46316036
 7.77500       4.46316089
 7.78000       4.46316142
 7.78500       4.46316194
 7.79000       4.46316246
 7.79500       4.46316298
 7.80000       4.46316350
 7.80500       4.46316401
 7.81000       4.46316452
 7.81500       4.46316503
 7.82000       4.46316554
 7.82500       4.46316604
 7.83000       4.46316654
 7.83500       4.46316704
 7.84000       4.46316754
 7.84500       4.46316803
 7.85000       4.46316852
 7.85500       4.46316901
 7.86000       4.46316950
 7.86500       4.46316998
 7.87000       4.46317046
 7.87500       4.46317094
 7.88000       4.46317142
 7.88500       4.46317189
 7.89000       4.46317237
 7.89500       4.46317284
 7.90000       4.46317331
 7.90500       4.46317377
 7.91000       4.46317424
 7.91500       4.46317470
 7.92000       4.46317516
 7.92500       4.46317561
 7.93000       4.46317607
 7.93500       4.46317652
 7.94000       4.46317697
 7.94500       4.46317742
 7.95000       4.46317786
 7.95500       4.46317831
 7.96000       4.46317875
 7.96500       4.46317919
 7.97000       4.46317963
 7.97500       4.46318006
 7.98000       4.46318049
 7.98500       4.46318092
 7.99000       4.46318135
 7.99500       4.46318178
 8.00000       4.46318221
 8.00500       4.46318263
 8.01000       4.46318305
 8.01500       4.46318347
 8.02000       4.46318388
 8.02500       4.46318430
 8.03000       4.46318471
 8.03500       4.46318512
 8.04000       4.46318553
 8.04500       4.46318594
 8.05000       4.46318634
 8.05500       4.46318675
 8.06000       4.46318715
 8.06500       4.46318755
 8.07000       4.46318794
 8.07500       4.46318834
 8.08000       4.46318873
 8.08500       4.46318913
 8.09000       4.46318952
 8.09500       4.46318990
 8.10000       4.46319029
 8.10500       4.46319067
 8.11000       4.46319106
 8.11500       4.46319144
 8.12000       4.46319182
 8.12500       4.46319219
 8.13000       4.46319257
 8.13500       4.46319294
 8.14000       4.46319331
 8.14500       4.46319368
 8.15000       4.46319405
 8.15500       4.46319442
 8.16000       4.46319478
 8.16500       4.46319515
 8.17000       4.46319551
 8.17500       4.46319587
 8.18000       4.46319623
 8.18500       4.46319658
 8.19000       4.46319694
 8.19500       4.46319729
 8.20000       4.46319764
 8.20500       4.46319799
 8.21000       4.46319834
 8.21500       4.46319869
 8.22000       4.46319903
 8.22500       4.46319937
 8.23000       4.46319971
 8.23500       4.46320005
 8.24000       4.46320039
 8.24500       4.46320073
 8.25000       4.46320107
 8.25500       4.46320140
 8.26000       4.46320173
 8.26500       4.46320206
 8.27000       4.46320239
 8.27500       4.46320272
 8.28000       4.46320304
 8.28500       4.46320337
 8.29000       4.46320369
 8.29500       4.46320401
 8.30000       4.46320433
 8.30500       4.46320465
 8.31000       4.46320497
 8.31500       4.46320529
 8.32000       4.46320560
 8.32500       4.46320591
 8.33000       4.46320622
 8.33500       4.46320653
 8.34000       4.46320684
 8.34500       4.46320715
 8.35000       4.46320745
 8.35500       4.46320776
 8.36000       4.46320806
 8.36500       4.46320836
 8.37000       4.46320866
 8.37500       4.46320896
 8.38000       4.46320926
 8.38500       4.46320956
 8.39000       4.46320985
 8.39500       4.46321014
 8.40000       4.46321043
 8.40500       4.46321073
 8.41000       4.46321101
 8.41500       4.46321130
 8.42000       4.46321159
 8.42500       4.46321187
 8.43000       4.46321216
 8.43500       4.46321244
 8.44000       4.46321272
 8.44500       4.46321300
 8.45000       4.46321328
 8.45500       4.46321356
 8.46000       4.46321384
 8.46500       4.46321411
 8.47000       4.46321438
 8.47500       4.46321466
 8.48000       4.46321493
 8.48500       4.46321520
 8.49000       4.46321547
 8.49500       4.46321574
 8.50000       4.46321600
 8.50500       4.46321627
 8.51000       4.46321653
 8.51500       4.46321679
 8.52000       4.46321706
 8.52500       4.46321732
 8.53000       4.46321758
 8.53500       4.46321783
 8.54000       4.46321809
 8.54500       4.46321835
 8.55000       4.46321860
 8.55500       4.46321886
 8.56000       4.46321911
 8.56500       4.46321936
 8.57000       4.46321961
 8.57500       4.46321986
 8.58000       4.46322011
 8.58500       4.46322035
 8.59000       4.46322060
 8.59500       4.46322084
 8.60000       4.46322109
 8.60500       4.46322133
 8.61000       4.46322157
 8.61500       4.46322181
 8.62000       4.46322205
 8.62500       4.46322229
 8.63000       4.46322253
 8.63500       4.46322276
 8.64000       4.46322300
 8.64500       4.46322323
 8.65000       4.46322346
 8.65500       4.46322370
 8.66000       4.46322393
 8.66500       4.46322416
 8.67000       4.46322439
 8.67500       4.46322461
 8.68000       4.46322484
 8.68500       4.46322507
 8.69000       4.46322529
 8.69500       4.46322551
 8.70000       4.46322574
 8.70500       4.46322596
 8.71000       4.46322618
 8.71500       4.46322640
 8.72000       4.46322662
 8.72500       4.46322684
 8.73000       4.46322705
 8.73500       4.46322727
 8.74000       4.46322749
 8.74500       4.46322770
 8.75000       4.46322791
 8.75500       4.46322812
 8.76000       4.46322834
 8.76500       4.46322855
 8.77000       4.46322876
 8.77500       4.46322896
 8.78000       4.46322917
 8.78500       4.46322938
 8.79000       4.46322959
 8.79500       4.46322979
 8.80000       4.46322999
 8.80500       4.46323020
 8.81000       4.46323040
 8.81500       4.46323060
 8.82000       4.46323080
 8.82500       4.46323100
 8.83000       4.46323120
 8.83500       4.46323140
 8.84000       4.46323160
 8.84500       4.46323179
 8.85000       4.46323199
 8.85500       4.46323218
 8.86000       4.46323237
 8.86500       4.46323257
 8.87000       4.46323276
 8.87500       4.46323295
 8.88000       4.46323314
 8.88500       4.46323333
 8.89000       4.46323352
 8.89500       4.46323371
 8.90000       4.46323389
 8.90500       4.46323408
 8.91000       4.46323427
 8.91500       4.46323445
 8.92000       4.46323463
 8.92500       4.46323482
 8.93000       4.46323500
 8.93500       4.46323518
 8.94000       4.46323536
 8.94500       4.46323554
 8.95000       4.46323572
 8.95500       4.46323590
 8.96000       4.46323608
 8.96500       4.46323625
 8.97000       4.46323643
 8.97500       4.46323661
 8.98000       4.46323678
 8.98500       4.46323695
 8.99000       4.46323713
 8.99500       4.46323730
 9.00000       4.46323747
 9.00500       4.46323764
 9.01000       4.46323781
 9.01500       4.46323798
 9.02000       4.46323815
 9.02500       4.46323832
 9.03000       4.46323849
 9.03500       4.46323865
 9.04000       4.46323882
 9.04500       4.46323898
 9.05000       4.46323915
 9.05500       4.46323931
 9.06000       4.46323948
 9.06500       4.46323964
 9.07000       4.46323980
 9.07500       4.46323996
 9.08000       4.46324012
 9.08500       4.46324028
 9.09000       4.46324044
 9.09500       4.46324060
 9.10000       4.46324076
 9.10500       4.46324091
 9.11000       4.46324107
 9.11500       4.46324123
 9.12000       4.46324138
 9.12500       4.46324154
 9.13000       4.46324169
 9.13500       4.46324184
 9.14000       4.46324199
 9.14500       4.46324215
 9.15000       4.46324230
 9.15500       4.46324245
 9.16000       4.46324260
 9.16500       4.46324275
 9.17000       4.46324290
 9.17500       4.46324304
 9.18000       4.46324319
 9.18500       4.46324334
 9.19000       4.46324348
 9.19500       4.46324363
 9.20000       4.46324377
 9.20500       4.46324392
 9.21000       4.46324406
 9.21500       4.46324421
 9.22000       4.46324435
 9.22500       4.46324449
 9.23000       4.46324463
 9.23500       4.46324477
 9.24000       4.46324491
 9.24500       4.46324505
 9.25000       4.46324519
 9.25500       4.46324533
 9.26000       4.46324547
 9.26500       4.46324561
 9.27000       4.46324574
 9.27500       4.46324588
 9.28000       4.46324601
 9.28500       4.46324615
 9.29000       4.46324628
 9.29500       4.46324642
 9.30000       4.46324655
 9.30500       4.46324668
 9.31000       4.46324682
 9.31500       4.46324695
 9.32000       4.46324708
 9.32500       4.46324721
 9.33000       4.46324734
 9.33500       4.46324747
 9.34000       4.46324760
 9.34500       4.46324773
 9.35000       4.46324786
 9.35500       4.46324798
 9.36000       4.46324811
 9.36500       4.46324824
 9.37000       4.46324836
 9.37500       4.46324849
 9.38000       4.46324861
 9.38500       4.46324874
 9.39000       4.46324886
 9.39500       4.46324898
 9.40000       4.46324911
 9.40500       4.46324923
 9.41000       4.46324935
 9.41500       4.46324947
 9.42000       4.46324959
 9.42500       4.46324971
 9.43000       4.46324983
 9.43500       4.46324995
 9.44000       4.46325007
 9.44500       4.46325019
 9.45000       4.46325031
 9.45500       4.46325043
 9.46000       4.46325054
 9.46500       4.46325066
 9.47000       4.46325078
 9.47500       4.46325089
 9.48000       4.46325101
 9.48500       4.46325112
 9.49000       4.46325123
 9.49500       4.46325135
 9.50000       4.46325146
 9.50500       4.46325157
 9.51000       4.46325169
 9.51500       4.46325180
 9.52000       4.46325191
 9.52500       4.46325202
 9.53000       4.46325213
 9.53500       4.46325224
 9.54000       4.46325235
 9.54500       4.46325246
 9.55000       4.46325257
 9.55500       4.46325268
 9.56000       4.46325279
 9.56500       4.46325289
 9.57000       4.46325300
 9.57500       4.46325311
 9.58000       4.46325321
 9.58500       4.46325332
 9.59000       4.46325342
 9.59500       4.46325353
 9.60000       4.46325363
 9.60500       4.46325374
 9.61000       4.46325384
 9.61500       4.46325394
 9.62000       4.46325405
 9.62500       4.46325415
 9.63000       4.46325425
 9.63500       4.46325435
 9.64000       4.46325445
 9.64500       4.46325456
 9.65000       4.46325466
 9.65500       4.46325476
 9.66000       4.46325486
 9.66500       4.46325495
 9.67000       4.46325505
 9.67500       4.46325515
 9.68000       4.46325525
 9.68500       4.46325535
 9.69000       4.46325544
 9.69500       4.46325554
 9.70000       4.46325564
 9.70500       4.46325573
 9.71000       4.46325583
 9.71500       4.46325593
 9.72000       4.46325602
 9.72500       4.46325611
 9.73000       4.46325621
 9.73500       4.46325630
 9.74000       4.46325640
 9.74500       4.46325649
 9.75000       4.46325658
 9.75500       4.46325667
 9.76000       4.46325677
 9.76500       4.46325686
 9.77000       4.46325695
 9.77500       4.46325704
 9.78000       4.46325713
 9.78500       4.46325722
 9.79000       4.46325731
 9.79500       4.46325740
 9.80000       4.46325749
 9.80500       4.46325758
 9.81000       4.46325767
 9.81500       4.46325776
 9.82000       4.46325784
 9.82500       4.46325793
 9.83000       4.46325802
 9.83500       4.46325810
 9.84000       4.46325819
 9.84500       4.46325828
 9.85000       4.46325836
 9.85500       4.46325845
 9.86000       4.46325853
 9.86500       4.46325862
 9.87000       4.46325870
 9.87500       4.46325879
 9.88000       4.46325887
 9.88500       4.46325895
 9.89000       4.46325904
 9.89500       4.46325912
 9.90000       4.46325920
 9.90500       4.46325928
 9.91000       4.46325937
 9.91500       4.46325945
 9.92000       4.46325953
 9.92500       4.46325961
 9.93000       4.46325969
 9.93500       4.46325977
 9.94000       4.46325985
 9.94500       4.46325993
 9.95000       4.46326001
 9.95500       4.46326009
 9.96000       4.46326017
 9.96500       4.46326025
 9.97000       4.46326032
 9.97500       4.46326040
 9.98000       4.46326048
 9.98500       4.46326056
 9.99000       4.46326063
 9.99500       4.46326071
