   0.00000     671.32563455
   0.00500     662.83979455
   0.01000     654.45968655
   0.01500     646.18400955
   0.02000     638.01147755
   0.02500     629.94082055
   0.03000     621.97078355
   0.03500     614.10012755
   0.04000     606.32762855
   0.04500     598.65207855
   0.05000     591.07228255
   0.05500     583.58706155
   0.06000     576.19525055
   0.06500     568.89569755
   0.07000     561.68726655
   0.07500     554.56883455
   0.08000     547.53929355
   0.08500     540.59754655
   0.09000     533.74251255
   0.09500     526.97312255
   0.10000     520.28831955
   0.10500     513.68706255
   0.11000     507.16832055
   0.11500     500.73107555
   0.12000     494.37432455
   0.12500     488.09707255
   0.13000     481.89834155
   0.13500     475.77716055
   0.14000     469.73257455
   0.14500     463.76363855
   0.15000     457.86941855
   0.15500     452.04899255
   0.16000     446.30145155
   0.16500     440.62589355
   0.17000     435.02143255
   0.17500     429.48718955
   0.18000     424.02229855
   0.18500     418.62590355
   0.19000     413.29715855
   0.19500     408.03522755
   0.20000     402.83928555
   0.20500     397.70851955
   0.21000     392.64212255
   0.21500     387.63930055
   0.22000     382.69926755
   0.22500     377.82124755
   0.23000     373.00447555
   0.23500     368.24819455
   0.24000     363.55165555
   0.24500     358.91412155
   0.25000     354.33486355
   0.25500     349.81316055
   0.26000     345.34830055
   0.26500     340.93958055
   0.27000     336.58630855
   0.27500     332.28779655
   0.28000     328.04336755
   0.28500     323.85235455
   0.29000     319.71409455
   0.29500     315.62793555
   0.30000     311.59323355
   0.30500     307.60935155
   0.31000     303.67566055
   0.31500     299.79153955
   0.32000     295.95637355
   0.32500     292.16955855
   0.33000     288.43049555
   0.33500     284.73859255
   0.34000     281.09326555
   0.34500     277.49393855
   0.35000     273.94004055
   0.35500     270.43101055
   0.36000     266.96629055
   0.36500     263.54533355
   0.37000     260.16759555
   0.37500     256.83254255
   0.38000     253.53964455
   0.38500     250.28837855
   0.39000     247.07822955
   0.39500     243.90868655
   0.40000     240.77924755
   0.40500     237.68941355
   0.41000     234.63869455
   0.41500     231.62660455
   0.42000     228.65266555
   0.42500     225.71640255
   0.43000     222.81734855
   0.43500     219.95504155
   0.44000     217.12902655
   0.44500     214.33885155
   0.45000     211.58407355
   0.45500     208.86425055
   0.46000     206.17895055
   0.46500     203.52774355
   0.47000     200.91020555
   0.47500     198.32591955
   0.48000     195.77447255
   0.48500     193.25545555
   0.49000     190.76846555
   0.49500     188.31310455
   0.50000     185.88897955
   0.50500     183.49570255
   0.51000     181.13288955
   0.51500     178.80016155
   0.52000     176.49714355
   0.52500     174.22346755
   0.53000     171.97876755
   0.53500     169.76268255
   0.54000     167.57485755
   0.54500     165.41494055
   0.55000     163.28258355
   0.55500     161.17744355
   0.56000     159.09918155
   0.56500     157.04746255
   0.57000     155.02195755
   0.57500     153.02233755
   0.58000     151.04828155
   0.58500     149.09947055
   0.59000     147.17559055
   0.59500     145.27632955
   0.60000     143.40138155
   0.60500     141.55044255
   0.61000     139.72321455
   0.61500     137.91939955
   0.62000     136.13870755
   0.62500     134.38084855
   0.63000     132.64553955
   0.63500     130.93249655
   0.64000     129.24144355
   0.64500     127.57210455
   0.65000     125.92420955
   0.65500     124.29749055
   0.66000     122.69168255
   0.66500     121.10652455
   0.67000     119.54175755
   0.67500     117.99712855
   0.68000     116.47238455
   0.68500     114.96727755
   0.69000     113.48156155
   0.69500     112.01499355
   0.70000     110.56733555
   0.70500     109.13834955
   0.71000     107.72780255
   0.71500     106.33546355
   0.72000     104.96110455
   0.72500     103.60450055
   0.73000     102.26542855
   0.73500     100.94367055
   0.74000      99.63900845
   0.74500      98.35122835
   0.75000      97.08011865
   0.75500      95.82547045
   0.76000      94.58707725
   0.76500      93.36473535
   0.77000      92.15824335
   0.77500      90.96740245
   0.78000      89.79201635
   0.78500      88.63189105
   0.79000      87.48683505
   0.79500      86.35665915
   0.80000      85.24117645
   0.80500      84.14020245
   0.81000      83.05355505
   0.81500      81.98105395
   0.82000      80.92252165
   0.82500      79.87778245
   0.83000      78.84666285
   0.83500      77.82899185
   0.84000      76.82460005
   0.84500      75.83332055
   0.85000      74.85498825
   0.85500      73.88944035
   0.86000      72.93651575
   0.86500      71.99605565
   0.87000      71.06790295
   0.87500      70.15190275
   0.88000      69.24790195
   0.88500      68.35574915
   0.89000      67.47529515
   0.89500      66.60639245
   0.90000      65.74889535
   0.90500      64.90265995
   0.91000      64.06754425
   0.91500      63.24340785
   0.92000      62.43011215
   0.92500      61.62752035
   0.93000      60.83549735
   0.93500      60.05390945
   0.94000      59.28262485
   0.94500      58.52151345
   0.95000      57.77044665
   0.95500      57.02929725
   0.96000      56.29794005
   0.96500      55.57625115
   0.97000      54.86410805
   0.97500      54.16139005
   0.98000      53.46797785
   0.98500      52.78375355
   0.99000      52.10860075
   0.99500      51.44240465
   1.00000      50.78505155
   1.00500      50.13642955
   1.01000      49.49642775
   1.01500      48.86493695
   1.02000      48.24184905
   1.02500      47.62705755
   1.03000      47.02045715
   1.03500      46.42194365
   1.04000      45.83141455
   1.04500      45.24876835
   1.05000      44.67390485
   1.05500      44.10672505
   1.06000      43.54713135
   1.06500      42.99502725
   1.07000      42.45031755
   1.07500      41.91290795
   1.08000      41.38270565
   1.08500      40.85961885
   1.09000      40.34355685
   1.09500      39.83443025
   1.10000      39.33215065
   1.10500      38.83663065
   1.11000      38.34778415
   1.11500      37.86552605
   1.12000      37.38977215
   1.12500      36.92043945
   1.13000      36.45744605
   1.13500      36.00071085
   1.14000      35.55015405
   1.14500      35.10569645
   1.15000      34.66726035
   1.15500      34.23476855
   1.16000      33.80814505
   1.16500      33.38731465
   1.17000      32.97220335
   1.17500      32.56273785
   1.18000      32.15884585
   1.18500      31.76045585
   1.19000      31.36749735
   1.19500      30.97990065
   1.20000      30.59759705
   1.20500      30.22051865
   1.21000      29.84859825
   1.21500      29.48176965
   1.22000      29.11996745
   1.22500      28.76312705
   1.23000      28.41118475
   1.23500      28.06407735
   1.24000      27.72174285
   1.24500      27.38411975
   1.25000      27.05114735
   1.25500      26.72276585
   1.26000      26.39891595
   1.26500      26.07953935
   1.27000      25.76457835
   1.27500      25.45397595
   1.28000      25.14767585
   1.28500      24.84562275
   1.29000      24.54776155
   1.29500      24.25403815
   1.30000      23.96439915
   1.30500      23.67879165
   1.31000      23.39716355
   1.31500      23.11946325
   1.32000      22.84564005
   1.32500      22.57564375
   1.33000      22.30942455
   1.33500      22.04693365
   1.34000      21.78812265
   1.34500      21.53294385
   1.35000      21.28135015
   1.35500      21.03329485
   1.36000      20.78873205
   1.36500      20.54761645
   1.37000      20.30990305
   1.37500      20.07554775
   1.38000      19.84450675
   1.38500      19.61673695
   1.39000      19.39219575
   1.39500      19.17084105
   1.40000      18.95263125
   1.40500      18.73752545
   1.41000      18.52548305
   1.41500      18.31646405
   1.42000      18.11042895
   1.42500      17.90733885
   1.43000      17.70715515
   1.43500      17.50983995
   1.44000      17.31535555
   1.44500      17.12366485
   1.45000      16.93473145
   1.45500      16.74851905
   1.46000      16.56499205
   1.46500      16.38411515
   1.47000      16.20585365
   1.47500      16.03017305
   1.48000      15.85703955
   1.48500      15.68641965
   1.49000      15.51828015
   1.49500      15.35258865
   1.50000      15.18931265
   1.50500      15.02842045
   1.51000      14.86988065
   1.51500      14.71366215
   1.52000      14.55973435
   1.52500      14.40806695
   1.53000      14.25863015
   1.53500      14.11139445
   1.54000      13.96633065
   1.54500      13.82341005
   1.55000      13.68260425
   1.55500      13.54388525
   1.56000      13.40722545
   1.56500      13.27259735
   1.57000      13.13997415
   1.57500      13.00932905
   1.58000      12.88063595
   1.58500      12.75386875
   1.59000      12.62900175
   1.59500      12.50600985
   1.60000      12.38486795
   1.60500      12.26555145
   1.61000      12.14803585
   1.61500      12.03229725
   1.62000      11.91831185
   1.62500      11.80605615
   1.63000      11.69550715
   1.63500      11.58664185
   1.64000      11.47943785
   1.64500      11.37387275
   1.65000      11.26992465
   1.65500      11.16757185
   1.66000      11.06679285
   1.66500      10.96756665
   1.67000      10.86987215
   1.67500      10.77368885
   1.68000      10.67899635
   1.68500      10.58577455
   1.69000      10.49400375
   1.69500      10.40255855
   1.70000      10.31517955
   1.70500      10.22884965
   1.71000      10.14357765
   1.71500      10.05937265
   1.72000       9.97624364
   1.72500       9.89419963
   1.73000       9.81324965
   1.73500       9.73340270
   1.74000       9.65466781
   1.74500       9.57705398
   1.75000       9.50057022
   1.75500       9.42522556
   1.76000       9.35102901
   1.76500       9.27798957
   1.77000       9.20611627
   1.77500       9.13541812
   1.78000       9.06590413
   1.78500       8.99758331
   1.79000       8.93046469
   1.79500       8.86455727
   1.80000       8.79987004
   1.80500       8.73640262
   1.81000       8.67413147
   1.81500       8.61302954
   1.82000       8.55306980
   1.82500       8.49422520
   1.83000       8.43646869
   1.83500       8.37977322
   1.84000       8.32411176
   1.84500       8.26945725
   1.85000       8.21578265
   1.85500       8.16306092
   1.86000       8.11126501
   1.86500       8.06036787
   1.87000       8.01034246
   1.87500       7.96116173
   1.88000       7.91279865
   1.88500       7.86522616
   1.89000       7.81841721
   1.89500       7.77234477
   1.90000       7.72698179
   1.90500       7.68230122
   1.91000       7.63827921
   1.91500       7.59490480
   1.92000       7.55217024
   1.92500       7.51006781
   1.93000       7.46858977
   1.93500       7.42772838
   1.94000       7.38747590
   1.94500       7.34782460
   1.95000       7.30876675
   1.95500       7.27029462
   1.96000       7.23240045
   1.96500       7.19507653
   1.97000       7.15831511
   1.97500       7.12210845
   1.98000       7.08644884
   1.98500       7.05132852
   1.99000       7.01673976
   1.99500       6.98267483
   2.00000       6.94912599
   2.00500       6.91608551
   2.01000       6.88354566
   2.01500       6.85149867
   2.02000       6.81993674
   2.02500       6.78885200
   2.03000       6.75823660
   2.03500       6.72808268
   2.04000       6.69838239
   2.04500       6.66912787
   2.05000       6.64031126
   2.05500       6.61192472
   2.06000       6.58396037
   2.06500       6.55641037
   2.07000       6.52926686
   2.07500       6.50252199
   2.08000       6.47616789
   2.08500       6.45019672
   2.09000       6.42460061
   2.09500       6.39937172
   2.10000       6.37450217
   2.10500       6.34998413
   2.11000       6.32580973
   2.11500       6.30197111
   2.12000       6.27846062
   2.12500       6.25527284
   2.13000       6.23240384
   2.13500       6.20984969
   2.14000       6.18760649
   2.14500       6.16567031
   2.15000       6.14403724
   2.15500       6.12270337
   2.16000       6.10166477
   2.16500       6.08091754
   2.17000       6.06045775
   2.17500       6.04028149
   2.18000       6.02038484
   2.18500       6.00076389
   2.19000       5.98141473
   2.19500       5.96233343
   2.20000       5.94351607
   2.20500       5.92495875
   2.21000       5.90665755
   2.21500       5.88860855
   2.22000       5.87080783
   2.22500       5.85325148
   2.23000       5.83593559
   2.23500       5.81885623
   2.24000       5.80200949
   2.24500       5.78539146
   2.25000       5.76899821
   2.25500       5.75282584
   2.26000       5.73687042
   2.26500       5.72112805
   2.27000       5.70559479
   2.27500       5.69026675
   2.28000       5.67514000
   2.28500       5.66021062
   2.29000       5.64547470
   2.29500       5.63092833
   2.30000       5.61656758
   2.30500       5.60238855
   2.31000       5.58838731
   2.31500       5.57455995
   2.32000       5.56090256
   2.32500       5.54741121
   2.33000       5.53408200
   2.33500       5.52091181
   2.34000       5.50789870
   2.34500       5.49504084
   2.35000       5.48233641
   2.35500       5.46978360
   2.36000       5.45738056
   2.36500       5.44512548
   2.37000       5.43301654
   2.37500       5.42105191
   2.38000       5.40922976
   2.38500       5.39754828
   2.39000       5.38600563
   2.39500       5.37459999
   2.40000       5.36332954
   2.40500       5.35219245
   2.41000       5.34118691
   2.41500       5.33031107
   2.42000       5.31956313
   2.42500       5.30894125
   2.43000       5.29844361
   2.43500       5.28806839
   2.44000       5.27781376
   2.44500       5.26767789
   2.45000       5.25765897
   2.45500       5.24775525
   2.46000       5.23796526
   2.46500       5.22828763
   2.47000       5.21872100
   2.47500       5.20926399
   2.48000       5.19991523
   2.48500       5.19067333
   2.49000       5.18153694
   2.49500       5.17250467
   2.50000       5.16357515
   2.50500       5.15474702
   2.51000       5.14601888
   2.51500       5.13738938
   2.52000       5.12885714
   2.52500       5.12042078
   2.53000       5.11207893
   2.53500       5.10383022
   2.54000       5.09567328
   2.54500       5.08760678
   2.55000       5.07962966
   2.55500       5.07174091
   2.56000       5.06393952
   2.56500       5.05622447
   2.57000       5.04859476
   2.57500       5.04104937
   2.58000       5.03358730
   2.58500       5.02620752
   2.59000       5.01890904
   2.59500       5.01169084
   2.60000       5.00455190
   2.60500       4.99749123
   2.61000       4.99050780
   2.61500       4.98360061
   2.62000       4.97676865
   2.62500       4.97001090
   2.63000       4.96332635
   2.63500       4.95671400
   2.64000       4.95017282
   2.64500       4.94370182
   2.65000       4.93729998
   2.65500       4.93096634
   2.66000       4.92470035
   2.66500       4.91850165
   2.67000       4.91236989
   2.67500       4.90630473
   2.68000       4.90030579
   2.68500       4.89437274
   2.69000       4.88850523
   2.69500       4.88270289
   2.70000       4.87696537
   2.70500       4.87129233
   2.71000       4.86568341
   2.71500       4.86013826
   2.72000       4.85465653
   2.72500       4.84923785
   2.73000       4.84388189
   2.73500       4.83858829
   2.74000       4.83335668
   2.74500       4.82818674
   2.75000       4.82307809
   2.75500       4.81803037
   2.76000       4.81304301
   2.76500       4.80811532
   2.77000       4.80324659
   2.77500       4.79843611
   2.78000       4.79368320
   2.78500       4.78898715
   2.79000       4.78434725
   2.79500       4.77976281
   2.80000       4.77523312
   2.80500       4.77075749
   2.81000       4.76633521
   2.81500       4.76196558
   2.82000       4.75764791
   2.82500       4.75338149
   2.83000       4.74916561
   2.83500       4.74499958
   2.84000       4.74088270
   2.84500       4.73681427
   2.85000       4.73279358
   2.85500       4.72881995
   2.86000       4.72489286
   2.86500       4.72101194
   2.87000       4.71717685
   2.87500       4.71338721
   2.88000       4.70964269
   2.88500       4.70594291
   2.89000       4.70228753
   2.89500       4.69867619
   2.90000       4.69510852
   2.90500       4.69158418
   2.91000       4.68810281
   2.91500       4.68466404
   2.92000       4.68126753
   2.92500       4.67791292
   2.93000       4.67459984
   2.93500       4.67132795
   2.94000       4.66809688
   2.94500       4.66490628
   2.95000       4.66175580
   2.95500       4.65864507
   2.96000       4.65557374
   2.96500       4.65254145
   2.97000       4.64954783
   2.97500       4.64659251
   2.98000       4.64367509
   2.98500       4.64079518
   2.99000       4.63795241
   2.99500       4.63514638
   3.00000       4.63237671
   3.00500       4.62964301
   3.01000       4.62694489
   3.01500       4.62428198
   3.02000       4.62165387
   3.02500       4.61906020
   3.03000       4.61650056
   3.03500       4.61397458
   3.04000       4.61148187
   3.04500       4.60902203
   3.05000       4.60659470
   3.05500       4.60419950
   3.06000       4.60183613
   3.06500       4.59950428
   3.07000       4.59720364
   3.07500       4.59493388
   3.08000       4.59269472
   3.08500       4.59048582
   3.09000       4.58830688
   3.09500       4.58615760
   3.10000       4.58403765
   3.10500       4.58194673
   3.11000       4.57988452
   3.11500       4.57785072
   3.12000       4.57584502
   3.12500       4.57386710
   3.13000       4.57191665
   3.13500       4.56999336
   3.14000       4.56809692
   3.14500       4.56622702
   3.15000       4.56438334
   3.15500       4.56256558
   3.16000       4.56077343
   3.16500       4.55900657
   3.17000       4.55726469
   3.17500       4.55554749
   3.18000       4.55385466
   3.18500       4.55218594
   3.19000       4.55054110
   3.19500       4.54891988
   3.20000       4.54732206
   3.20500       4.54574737
   3.21000       4.54419559
   3.21500       4.54266646
   3.22000       4.54115975
   3.22500       4.53967520
   3.23000       4.53821258
   3.23500       4.53677164
   3.24000       4.53535214
   3.24500       4.53395384
   3.25000       4.53257648
   3.25500       4.53121984
   3.26000       4.52988366
   3.26500       4.52856770
   3.27000       4.52727172
   3.27500       4.52599547
   3.28000       4.52473872
   3.28500       4.52350121
   3.29000       4.52228271
   3.29500       4.52108297
   3.30000       4.51990174
   3.30500       4.51873879
   3.31000       4.51759386
   3.31500       4.51646673
   3.32000       4.51535714
   3.32500       4.51426484
   3.33000       4.51318961
   3.33500       4.51213119
   3.34000       4.51108933
   3.34500       4.51006380
   3.35000       4.50905436
   3.35500       4.50806075
   3.36000       4.50708274
   3.36500       4.50612008
   3.37000       4.50517253
   3.37500       4.50423985
   3.38000       4.50332178
   3.38500       4.50241810
   3.39000       4.50152855
   3.39500       4.50065297
   3.40000       4.49979121
   3.40500       4.49894313
   3.41000       4.49810860
   3.41500       4.49728748
   3.42000       4.49647963
   3.42500       4.49568491
   3.43000       4.49490318
   3.43500       4.49413431
   3.44000       4.49337816
   3.44500       4.49263458
   3.45000       4.49190345
   3.45500       4.49118462
   3.46000       4.49047796
   3.46500       4.48978332
   3.47000       4.48910057
   3.47500       4.48842957
   3.48000       4.48777019
   3.48500       4.48712227
   3.49000       4.48648570
   3.49500       4.48586032
   3.50000       4.48524600
   3.50500       4.48464260
   3.51000       4.48404998
   3.51500       4.48346801
   3.52000       4.48289655
   3.52500       4.48233545
   3.53000       4.48178459
   3.53500       4.48124382
   3.54000       4.48071300
   3.54500       4.48019200
   3.55000       4.47968067
   3.55500       4.47917889
   3.56000       4.47868651
   3.56500       4.47820339
   3.57000       4.47772939
   3.57500       4.47726439
   3.58000       4.47680823
   3.58500       4.47636078
   3.59000       4.47592191
   3.59500       4.47549147
   3.60000       4.47506932
   3.60500       4.47465534
   3.61000       4.47424937
   3.61500       4.47385128
   3.62000       4.47346094
   3.62500       4.47307821
   3.63000       4.47270294
   3.63500       4.47233500
   3.64000       4.47197425
   3.64500       4.47162056
   3.65000       4.47127377
   3.65500       4.47093377
   3.66000       4.47060040
   3.66500       4.47027354
   3.67000       4.46995303
   3.67500       4.46963875
   3.68000       4.46933056
   3.68500       4.46902831
   3.69000       4.46873187
   3.69500       4.46844110
   3.70000       4.46815587
   3.70500       4.46787603
   3.71000       4.46760147
   3.71500       4.46733213
   3.72000       4.46706796
   3.72500       4.46680891
   3.73000       4.46655493
   3.73500       4.46630598
   3.74000       4.46606200
   3.74500       4.46582293
   3.75000       4.46558874
   3.75500       4.46535937
   3.76000       4.46513478
   3.76500       4.46491490
   3.77000       4.46469970
   3.77500       4.46448911
   3.78000       4.46428310
   3.78500       4.46408161
   3.79000       4.46388460
   3.79500       4.46369200
   3.80000       4.46350378
   3.80500       4.46331988
   3.81000       4.46314025
   3.81500       4.46296484
   3.82000       4.46279361
   3.82500       4.46262650
   3.83000       4.46246346
   3.83500       4.46230444
   3.84000       4.46214940
   3.84500       4.46199828
   3.85000       4.46185103
   3.85500       4.46170760
   3.86000       4.46156795
   3.86500       4.46143202
   3.87000       4.46129977
   3.87500       4.46117113
   3.88000       4.46104607
   3.88500       4.46092454
   3.89000       4.46080647
   3.89500       4.46069183
   3.90000       4.46058057
   3.90500       4.46047262
   3.91000       4.46036795
   3.91500       4.46026651
   3.92000       4.46016824
   3.92500       4.46007309
   3.93000       4.45998101
   3.93500       4.45989196
   3.94000       4.45980589
   3.94500       4.45972274
   3.95000       4.45964246
   3.95500       4.45956500
   3.96000       4.45949032
   3.96500       4.45941837
   3.97000       4.45934909
   3.97500       4.45928243
   3.98000       4.45921835
   3.98500       4.45915679
   3.99000       4.45909771
   3.99500       4.45904105
   4.00000       4.45898677
   4.00500       4.45893481
   4.01000       4.45888513
   4.01500       4.45883767
   4.02000       4.45879238
   4.02500       4.45874923
   4.03000       4.45870814
   4.03500       4.45866909
   4.04000       4.45863200
   4.04500       4.45859685
   4.05000       4.45856357
   4.05500       4.45853211
   4.06000       4.45850243
   4.06500       4.45847448
   4.07000       4.45844820
   4.07500       4.45842355
   4.08000       4.45840047
   4.08500       4.45837892
   4.09000       4.45835884
   4.09500       4.45834019
   4.10000       4.45832292
   4.10500       4.45830698
   4.11000       4.45829231
   4.11500       4.45827886
   4.12000       4.45826659
   4.12500       4.45825545
   4.13000       4.45824539
   4.13500       4.45823637
   4.14000       4.45822838
   4.14500       4.45822141
   4.15000       4.45821544
   4.15500       4.45821045
   4.16000       4.45820644
   4.16500       4.45820339
   4.17000       4.45820128
   4.17500       4.45820009
   4.18000       4.45819983
   4.18500       4.45820046
   4.19000       4.45820198
   4.19500       4.45820437
   4.20000       4.45820762
   4.20500       4.45821172
   4.21000       4.45821664
   4.21500       4.45822238
   4.22000       4.45822891
   4.22500       4.45823623
   4.23000       4.45824433
   4.23500       4.45825318
   4.24000       4.45826277
   4.24500       4.45827309
   4.25000       4.45828413
   4.25500       4.45829587
   4.26000       4.45830829
   4.26500       4.45832138
   4.27000       4.45833513
   4.27500       4.45834952
   4.28000       4.45836453
   4.28500       4.45838016
   4.29000       4.45839640
   4.29500       4.45841321
   4.30000       4.45843060
   4.30500       4.45844854
   4.31000       4.45846702
   4.31500       4.45848603
   4.32000       4.45850556
   4.32500       4.45852558
   4.33000       4.45854608
   4.33500       4.45856706
   4.34000       4.45858849
   4.34500       4.45861037
   4.35000       4.45863268
   4.35500       4.45865543
   4.36000       4.45867861
   4.36500       4.45870221
   4.37000       4.45872624
   4.37500       4.45875068
   4.38000       4.45877554
   4.38500       4.45880080
   4.39000       4.45882647
   4.39500       4.45885254
   4.40000       4.45887900
   4.40500       4.45890586
   4.41000       4.45893311
   4.41500       4.45896073
   4.42000       4.45898874
   4.42500       4.45901712
   4.43000       4.45904587
   4.43500       4.45907499
   4.44000       4.45910447
   4.44500       4.45913430
   4.45000       4.45916449
   4.45500       4.45919503
   4.46000       4.45922592
   4.46500       4.45925714
   4.47000       4.45928870
   4.47500       4.45932060
   4.48000       4.45935282
   4.48500       4.45938536
   4.49000       4.45941822
   4.49500       4.45945140
   4.50000       4.45948489
   4.50500       4.45951869
   4.51000       4.45955278
   4.51500       4.45958718
   4.52000       4.45962187
   4.52500       4.45965685
   4.53000       4.45969211
   4.53500       4.45972766
   4.54000       4.45976348
   4.54500       4.45979957
   4.55000       4.45983594
   4.55500       4.45987256
   4.56000       4.45990945
   4.56500       4.45994659
   4.57000       4.45998398
   4.57500       4.46002162
   4.58000       4.46005950
   4.58500       4.46009762
   4.59000       4.46013598
   4.59500       4.46017456
   4.60000       4.46021337
   4.60500       4.46025240
   4.61000       4.46029165
   4.61500       4.46033111
   4.62000       4.46037078
   4.62500       4.46041065
   4.63000       4.46045072
   4.63500       4.46049099
   4.64000       4.46053145
   4.64500       4.46057210
   4.65000       4.46061293
   4.65500       4.46065394
   4.66000       4.46069512
   4.66500       4.46073647
   4.67000       4.46077796
   4.67500       4.46081959
   4.68000       4.46086135
   4.68500       4.46090320
   4.69000       4.46094516
   4.69500       4.46098719
   4.70000       4.46102928
   4.70500       4.46107142
   4.71000       4.46111360
   4.71500       4.46115580
   4.72000       4.46119801
   4.72500       4.46124021
   4.73000       4.46128239
   4.73500       4.46132454
   4.74000       4.46136663
   4.74500       4.46140866
   4.75000       4.46145062
   4.75500       4.46149248
   4.76000       4.46153423
   4.76500       4.46157587
   4.77000       4.46161737
   4.77500       4.46165872
   4.78000       4.46169990
   4.78500       4.46174091
   4.79000       4.46178173
   4.79500       4.46182234
   4.80000       4.46186273
   4.80500       4.46190289
   4.81000       4.46194280
   4.81500       4.46198245
   4.82000       4.46202182
   4.82500       4.46206090
   4.83000       4.46209967
   4.83500       4.46213812
   4.84000       4.46217624
   4.84500       4.46221401
   4.85000       4.46225142
   4.85500       4.46228846
   4.86000       4.46232510
   4.86500       4.46236134
   4.87000       4.46239715
   4.87500       4.46243254
   4.88000       4.46246748
   4.88500       4.46250195
   4.89000       4.46253595
   4.89500       4.46256946
   4.90000       4.46260247
   4.90500       4.46263496
   4.91000       4.46266691
   4.91500       4.46269832
   4.92000       4.46272917
   4.92500       4.46275944
   4.93000       4.46278912
   4.93500       4.46281820
   4.94000       4.46284666
   4.94500       4.46287448
   4.95000       4.46290167
   4.95500       4.46292819
   4.96000       4.46295403
   4.96500       4.46297919
   4.97000       4.46300364
   4.97500       4.46302738
   4.98000       4.46305039
   4.98500       4.46307267
   4.99000       4.46309424
   4.99500       4.46311509
   5.00000       4.46313523
   5.00500       4.46315467
   5.01000       4.46317341
   5.01500       4.46319145
   5.02000       4.46320880
   5.02500       4.46322547
   5.03000       4.46324145
   5.03500       4.46325676
   5.04000       4.46327139
   5.04500       4.46328536
   5.05000       4.46329866
   5.05500       4.46331131
   5.06000       4.46332331
   5.06500       4.46333466
   5.07000       4.46334536
   5.07500       4.46335542
   5.08000       4.46336486
   5.08500       4.46337366
   5.09000       4.46338184
   5.09500       4.46338939
   5.10000       4.46339634
   5.10500       4.46340267
   5.11000       4.46340840
   5.11500       4.46341352
   5.12000       4.46341805
   5.12500       4.46342199
   5.13000       4.46342535
   5.13500       4.46342812
   5.14000       4.46343031
   5.14500       4.46343193
   5.15000       4.46343299
   5.15500       4.46343348
   5.16000       4.46343341
   5.16500       4.46343279
   5.17000       4.46343162
   5.17500       4.46342991
   5.18000       4.46342766
   5.18500       4.46342487
   5.19000       4.46342155
   5.19500       4.46341771
   5.20000       4.46341335
   5.20500       4.46340847
   5.21000       4.46340309
   5.21500       4.46339719
   5.22000       4.46339080
   5.22500       4.46338391
   5.23000       4.46337652
   5.23500       4.46336865
   5.24000       4.46336030
   5.24500       4.46335147
   5.25000       4.46334217
   5.25500       4.46333240
   5.26000       4.46332216
   5.26500       4.46331147
   5.27000       4.46330032
   5.27500       4.46328873
   5.28000       4.46327669
   5.28500       4.46326420
   5.29000       4.46325129
