 0.00000  6.71273276e+02
 0.00500  6.62787436e+02
 0.01000  6.54407328e+02
 0.01500  6.46131651e+02
 0.02000  6.37959119e+02
 0.02500  6.29888462e+02
 0.03000  6.21918425e+02
 0.03500  6.14047769e+02
 0.04000  6.06275270e+02
 0.04500  5.98599720e+02
 0.05000  5.91019924e+02
 0.05500  5.83534703e+02
 0.06000  5.76142892e+02
 0.06500  5.68843339e+02
 0.07000  5.61634908e+02
 0.07500  5.54516476e+02
 0.08000  5.47486935e+02
 0.08500  5.40545188e+02
 0.09000  5.33690154e+02
 0.09500  5.26920764e+02
 0.10000  5.20235961e+02
 0.10500  5.13634704e+02
 0.11000  5.07115962e+02
 0.11500  5.00678717e+02
 0.12000  4.94321966e+02
 0.12500  4.88044714e+02
 0.13000  4.81845983e+02
 0.13500  4.75724802e+02
 0.14000  4.69680216e+02
 0.14500  4.63711280e+02
 0.15000  4.57817060e+02
 0.15500  4.51996634e+02
 0.16000  4.46249093e+02
 0.16500  4.40573535e+02
 0.17000  4.34969074e+02
 0.17500  4.29434831e+02
 0.18000  4.23969940e+02
 0.18500  4.18573545e+02
 0.19000  4.13244800e+02
 0.19500  4.07982869e+02
 0.20000  4.02786927e+02
 0.20500  3.97656161e+02
 0.21000  3.92589764e+02
 0.21500  3.87586942e+02
 0.22000  3.82646909e+02
 0.22500  3.77768889e+02
 0.23000  3.72952117e+02
 0.23500  3.68195836e+02
 0.24000  3.63499297e+02
 0.24500  3.58861763e+02
 0.25000  3.54282505e+02
 0.25500  3.49760802e+02
 0.26000  3.45295942e+02
 0.26500  3.40887222e+02
 0.27000  3.36533950e+02
 0.27500  3.32235438e+02
 0.28000  3.27991009e+02
 0.28500  3.23799996e+02
 0.29000  3.19661736e+02
 0.29500  3.15575577e+02
 0.30000  3.11540875e+02
 0.30500  3.07556993e+02
 0.31000  3.03623302e+02
 0.31500  2.99739181e+02
 0.32000  2.95904015e+02
 0.32500  2.92117200e+02
 0.33000  2.88378137e+02
 0.33500  2.84686234e+02
 0.34000  2.81040907e+02
 0.34500  2.77441580e+02
 0.35000  2.73887682e+02
 0.35500  2.70378652e+02
 0.36000  2.66913932e+02
 0.36500  2.63492975e+02
 0.37000  2.60115237e+02
 0.37500  2.56780184e+02
 0.38000  2.53487286e+02
 0.38500  2.50236020e+02
 0.39000  2.47025871e+02
 0.39500  2.43856328e+02
 0.40000  2.40726889e+02
 0.40500  2.37637055e+02
 0.41000  2.34586336e+02
 0.41500  2.31574246e+02
 0.42000  2.28600307e+02
 0.42500  2.25664044e+02
 0.43000  2.22764990e+02
 0.43500  2.19902683e+02
 0.44000  2.17076668e+02
 0.44500  2.14286493e+02
 0.45000  2.11531715e+02
 0.45500  2.08811892e+02
 0.46000  2.06126592e+02
 0.46500  2.03475385e+02
 0.47000  2.00857847e+02
 0.47500  1.98273561e+02
 0.48000  1.95722114e+02
 0.48500  1.93203097e+02
 0.49000  1.90716107e+02
 0.49500  1.88260746e+02
 0.50000  1.85836621e+02
 0.50500  1.83443344e+02
 0.51000  1.81080531e+02
 0.51500  1.78747803e+02
 0.52000  1.76444785e+02
 0.52500  1.74171109e+02
 0.53000  1.71926409e+02
 0.53500  1.69710324e+02
 0.54000  1.67522499e+02
 0.54500  1.65362582e+02
 0.55000  1.63230225e+02
 0.55500  1.61125085e+02
 0.56000  1.59046823e+02
 0.56500  1.56995104e+02
 0.57000  1.54969599e+02
 0.57500  1.52969979e+02
 0.58000  1.50995923e+02
 0.58500  1.49047112e+02
 0.59000  1.47123232e+02
 0.59500  1.45223971e+02
 0.60000  1.43349023e+02
 0.60500  1.41498084e+02
 0.61000  1.39670856e+02
 0.61500  1.37867041e+02
 0.62000  1.36086349e+02
 0.62500  1.34328490e+02
 0.63000  1.32593181e+02
 0.63500  1.30880138e+02
 0.64000  1.29189085e+02
 0.64500  1.27519746e+02
 0.65000  1.25871851e+02
 0.65500  1.24245132e+02
 0.66000  1.22639324e+02
 0.66500  1.21054166e+02
 0.67000  1.19489399e+02
 0.67500  1.17944770e+02
 0.68000  1.16420026e+02
 0.68500  1.14914919e+02
 0.69000  1.13429203e+02
 0.69500  1.11962635e+02
 0.70000  1.10514977e+02
 0.70500  1.09085991e+02
 0.71000  1.07675444e+02
 0.71500  1.06283105e+02
 0.72000  1.04908746e+02
 0.72500  1.03552142e+02
 0.73000  1.02213070e+02
 0.73500  1.00891312e+02
 0.74000  9.95866499e+01
 0.74500  9.82988698e+01
 0.75000  9.70277601e+01
 0.75500  9.57731119e+01
 0.76000  9.45347187e+01
 0.76500  9.33123768e+01
 0.77000  9.21058848e+01
 0.77500  9.09150439e+01
 0.78000  8.97396578e+01
 0.78500  8.85795325e+01
 0.79000  8.74344765e+01
 0.79500  8.63043006e+01
 0.80000  8.51888179e+01
 0.80500  8.40878439e+01
 0.81000  8.30011965e+01
 0.81500  8.19286954e+01
 0.82000  8.08701631e+01
 0.82500  7.98254239e+01
 0.83000  7.87943043e+01
 0.83500  7.77766333e+01
 0.84000  7.67722415e+01
 0.84500  7.57809620e+01
 0.85000  7.48026297e+01
 0.85500  7.38370818e+01
 0.86000  7.28841572e+01
 0.86500  7.19436971e+01
 0.87000  7.10155444e+01
 0.87500  7.00995442e+01
 0.88000  6.91955434e+01
 0.88500  6.83033906e+01
 0.89000  6.74229366e+01
 0.89500  6.65540339e+01
 0.90000  6.56965368e+01
 0.90500  6.48503014e+01
 0.91000  6.40151857e+01
 0.91500  6.31910493e+01
 0.92000  6.23777536e+01
 0.92500  6.15751618e+01
 0.93000  6.07831388e+01
 0.93500  6.00015509e+01
 0.94000  5.92302663e+01
 0.94500  5.84691549e+01
 0.95000  5.77180881e+01
 0.95500  5.69769387e+01
 0.96000  5.62455815e+01
 0.96500  5.55238926e+01
 0.97000  5.48117495e+01
 0.97500  5.41090315e+01
 0.98000  5.34156193e+01
 0.98500  5.27313950e+01
 0.99000  5.20562422e+01
 0.99500  5.13900461e+01
 1.00000  5.07326930e+01
 1.00500  5.00840710e+01
 1.01000  4.94440692e+01
 1.01500  4.88125784e+01
 1.02000  4.81894905e+01
 1.02500  4.75746990e+01
 1.03000  4.69680986e+01
 1.03500  4.63695851e+01
 1.04000  4.57790560e+01
 1.04500  4.51964098e+01
 1.05000  4.46215463e+01
 1.05500  4.40543665e+01
 1.06000  4.34947728e+01
 1.06500  4.29426687e+01
 1.07000  4.23979590e+01
 1.07500  4.18605494e+01
 1.08000  4.13303471e+01
 1.08500  4.08072603e+01
 1.09000  4.02911983e+01
 1.09500  3.97820717e+01
 1.10000  3.92797921e+01
 1.10500  3.87842721e+01
 1.11000  3.82954256e+01
 1.11500  3.78131675e+01
 1.12000  3.73374136e+01
 1.12500  3.68680809e+01
 1.13000  3.64050875e+01
 1.13500  3.59483523e+01
 1.14000  3.54977955e+01
 1.14500  3.50533379e+01
 1.15000  3.46149018e+01
 1.15500  3.41824100e+01
 1.16000  3.37557865e+01
 1.16500  3.33349561e+01
 1.17000  3.29198448e+01
 1.17500  3.25103793e+01
 1.18000  3.21064873e+01
 1.18500  3.17080973e+01
 1.19000  3.13151388e+01
 1.19500  3.09275421e+01
 1.20000  3.05452385e+01
 1.20500  3.01681601e+01
 1.21000  2.97962397e+01
 1.21500  2.94294111e+01
 1.22000  2.90676089e+01
 1.22500  2.87107685e+01
 1.23000  2.83588262e+01
 1.23500  2.80117188e+01
 1.24000  2.76693843e+01
 1.24500  2.73317612e+01
 1.25000  2.69987888e+01
 1.25500  2.66704073e+01
 1.26000  2.63465574e+01
 1.26500  2.60271808e+01
 1.27000  2.57122198e+01
 1.27500  2.54016174e+01
 1.28000  2.50953173e+01
 1.28500  2.47932642e+01
 1.29000  2.44954030e+01
 1.29500  2.42016796e+01
 1.30000  2.39120406e+01
 1.30500  2.36264331e+01
 1.31000  2.33448050e+01
 1.31500  2.30671047e+01
 1.32000  2.27932815e+01
 1.32500  2.25232852e+01
 1.33000  2.22570660e+01
 1.33500  2.19945751e+01
 1.34000  2.17357641e+01
 1.34500  2.14805853e+01
 1.35000  2.12289916e+01
 1.35500  2.09809363e+01
 1.36000  2.07363735e+01
 1.36500  2.04952579e+01
 1.37000  2.02575445e+01
 1.37500  2.00231892e+01
 1.38000  1.97921482e+01
 1.38500  1.95643784e+01
 1.39000  1.93398372e+01
 1.39500  1.91184825e+01
 1.40000  1.89002727e+01
 1.40500  1.86851669e+01
 1.41000  1.84731245e+01
 1.41500  1.82641055e+01
 1.42000  1.80580704e+01
 1.42500  1.78549803e+01
 1.43000  1.76547966e+01
 1.43500  1.74574814e+01
 1.44000  1.72629970e+01
 1.44500  1.70713063e+01
 1.45000  1.68823729e+01
 1.45500  1.66961605e+01
 1.46000  1.65126335e+01
 1.46500  1.63317566e+01
 1.47000  1.61534951e+01
 1.47500  1.59778145e+01
 1.48000  1.58046810e+01
 1.48500  1.56340611e+01
 1.49000  1.54659216e+01
 1.49500  1.53002301e+01
 1.50000  1.51369541e+01
 1.50500  1.49760619e+01
 1.51000  1.48175221e+01
 1.51500  1.46613036e+01
 1.52000  1.45073758e+01
 1.52500  1.43557084e+01
 1.53000  1.42062716e+01
 1.53500  1.40590359e+01
 1.54000  1.39139721e+01
 1.54500  1.37710515e+01
 1.55000  1.36302457e+01
 1.55500  1.34915267e+01
 1.56000  1.33548669e+01
 1.56500  1.32202388e+01
 1.57000  1.30876156e+01
 1.57500  1.29569705e+01
 1.58000  1.28282774e+01
 1.58500  1.27015102e+01
 1.59000  1.25766432e+01
 1.59500  1.24536513e+01
 1.60000  1.23325094e+01
 1.60500  1.22131929e+01
 1.61000  1.20956773e+01
 1.61500  1.19799387e+01
 1.62000  1.18659533e+01
 1.62500  1.17536976e+01
 1.63000  1.16431486e+01
 1.63500  1.15342833e+01
 1.64000  1.14270793e+01
 1.64500  1.13215142e+01
 1.65000  1.12175661e+01
 1.65500  1.11152133e+01
 1.66000  1.10144343e+01
 1.66500  1.09152081e+01
 1.67000  1.08175136e+01
 1.67500  1.07213303e+01
 1.68000  1.06266378e+01
 1.68500  1.05334160e+01
 1.69000  1.04416452e+01
     1.69500000  1.03502000e+01
     1.70000000  1.02628210e+01
     1.70500000  1.01764911e+01
     1.71000000  1.00912191e+01
     1.71500000  1.00070141e+01
     1.72000000  9.92388509e+00
     1.72500000  9.84184108e+00
     1.73000000  9.76089110e+00
     1.73500000  9.68104415e+00
     1.74000000  9.60230926e+00
     1.74500000  9.52469543e+00
     1.75000000  9.44821167e+00
     1.75500000  9.37286701e+00
     1.76000000  9.29867046e+00
     1.76500000  9.22563102e+00
     1.77000000  9.15375772e+00
     1.77500000  9.08305957e+00
     1.78000000  9.01354558e+00
     1.78500000  8.94522476e+00
     1.79000000  8.87810614e+00
     1.79500000  8.81219872e+00
     1.80000000  8.74751149e+00
     1.80500000  8.68404407e+00
     1.81000000  8.62177292e+00
     1.81500000  8.56067099e+00
     1.82000000  8.50071125e+00
     1.82500000  8.44186665e+00
     1.83000000  8.38411014e+00
     1.83500000  8.32741467e+00
     1.84000000  8.27175321e+00
     1.84500000  8.21709870e+00
     1.85000000  8.16342410e+00
     1.85500000  8.11070237e+00
     1.86000000  8.05890646e+00
     1.86500000  8.00800932e+00
     1.87000000  7.95798391e+00
     1.87500000  7.90880318e+00
     1.88000000  7.86044010e+00
     1.88500000  7.81286761e+00
     1.89000000  7.76605866e+00
     1.89500000  7.71998622e+00
     1.90000000  7.67462324e+00
     1.90500000  7.62994267e+00
     1.91000000  7.58592066e+00
     1.91500000  7.54254625e+00
     1.92000000  7.49981169e+00
     1.92500000  7.45770926e+00
     1.93000000  7.41623122e+00
     1.93500000  7.37536983e+00
     1.94000000  7.33511735e+00
     1.94500000  7.29546605e+00
     1.95000000  7.25640820e+00
     1.95500000  7.21793607e+00
     1.96000000  7.18004190e+00
     1.96500000  7.14271798e+00
     1.97000000  7.10595656e+00
     1.97500000  7.06974990e+00
     1.98000000  7.03409029e+00
     1.98500000  6.99896997e+00
     1.99000000  6.96438121e+00
     1.99500000  6.93031628e+00
     2.00000000  6.89676744e+00
     2.00500000  6.86372696e+00
     2.01000000  6.83118711e+00
     2.01500000  6.79914012e+00
     2.02000000  6.76757819e+00
     2.02500000  6.73649345e+00
     2.03000000  6.70587805e+00
     2.03500000  6.67572413e+00
     2.04000000  6.64602384e+00
     2.04500000  6.61676932e+00
     2.05000000  6.58795271e+00
     2.05500000  6.55956617e+00
     2.06000000  6.53160182e+00
     2.06500000  6.50405182e+00
     2.07000000  6.47690831e+00
     2.07500000  6.45016344e+00
     2.08000000  6.42380934e+00
     2.08500000  6.39783817e+00
     2.09000000  6.37224206e+00
     2.09500000  6.34701317e+00
     2.10000000  6.32214362e+00
     2.10500000  6.29762558e+00
     2.11000000  6.27345118e+00
     2.11500000  6.24961256e+00
     2.12000000  6.22610207e+00
     2.12500000  6.20291429e+00
     2.13000000  6.18004529e+00
     2.13500000  6.15749114e+00
     2.14000000  6.13524794e+00
     2.14500000  6.11331176e+00
     2.15000000  6.09167869e+00
     2.15500000  6.07034482e+00
     2.16000000  6.04930622e+00
     2.16500000  6.02855899e+00
     2.17000000  6.00809920e+00
     2.17500000  5.98792294e+00
     2.18000000  5.96802629e+00
     2.18500000  5.94840534e+00
     2.19000000  5.92905618e+00
     2.19500000  5.90997488e+00
     2.20000000  5.89115752e+00
     2.20500000  5.87260020e+00
     2.21000000  5.85429900e+00
     2.21500000  5.83625000e+00
     2.22000000  5.81844928e+00
     2.22500000  5.80089293e+00
     2.23000000  5.78357704e+00
     2.23500000  5.76649768e+00
     2.24000000  5.74965094e+00
     2.24500000  5.73303291e+00
     2.25000000  5.71663966e+00
     2.25500000  5.70046729e+00
     2.26000000  5.68451187e+00
     2.26500000  5.66876950e+00
     2.27000000  5.65323624e+00
     2.27500000  5.63790820e+00
     2.28000000  5.62278145e+00
     2.28500000  5.60785207e+00
     2.29000000  5.59311615e+00
     2.29500000  5.57856978e+00
     2.30000000  5.56420903e+00
     2.30500000  5.55003000e+00
     2.31000000  5.53602876e+00
     2.31500000  5.52220140e+00
     2.32000000  5.50854401e+00
     2.32500000  5.49505266e+00
     2.33000000  5.48172345e+00
     2.33500000  5.46855326e+00
     2.34000000  5.45554015e+00
     2.34500000  5.44268229e+00
     2.35000000  5.42997786e+00
     2.35500000  5.41742505e+00
     2.36000000  5.40502201e+00
     2.36500000  5.39276693e+00
     2.37000000  5.38065799e+00
     2.37500000  5.36869336e+00
     2.38000000  5.35687121e+00
     2.38500000  5.34518973e+00
     2.39000000  5.33364708e+00
     2.39500000  5.32224144e+00
     2.40000000  5.31097099e+00
     2.40500000  5.29983390e+00
     2.41000000  5.28882836e+00
     2.41500000  5.27795252e+00
     2.42000000  5.26720458e+00
     2.42500000  5.25658270e+00
     2.43000000  5.24608506e+00
     2.43500000  5.23570984e+00
     2.44000000  5.22545521e+00
     2.44500000  5.21531934e+00
     2.45000000  5.20530042e+00
     2.45500000  5.19539670e+00
     2.46000000  5.18560671e+00
     2.46500000  5.17592908e+00
     2.47000000  5.16636245e+00
     2.47500000  5.15690544e+00
     2.48000000  5.14755668e+00
     2.48500000  5.13831478e+00
     2.49000000  5.12917839e+00
     2.49500000  5.12014612e+00
     2.50000000  5.11121660e+00
     2.50500000  5.10238847e+00
     2.51000000  5.09366033e+00
     2.51500000  5.08503083e+00
     2.52000000  5.07649859e+00
     2.52500000  5.06806223e+00
     2.53000000  5.05972038e+00
     2.53500000  5.05147167e+00
     2.54000000  5.04331473e+00
     2.54500000  5.03524823e+00
     2.55000000  5.02727111e+00
     2.55500000  5.01938236e+00
     2.56000000  5.01158097e+00
     2.56500000  5.00386592e+00
     2.57000000  4.99623621e+00
     2.57500000  4.98869082e+00
     2.58000000  4.98122875e+00
     2.58500000  4.97384897e+00
     2.59000000  4.96655049e+00
     2.59500000  4.95933229e+00
     2.60000000  4.95219335e+00
     2.60500000  4.94513268e+00
     2.61000000  4.93814925e+00
     2.61500000  4.93124206e+00
     2.62000000  4.92441010e+00
     2.62500000  4.91765235e+00
     2.63000000  4.91096780e+00
     2.63500000  4.90435545e+00
     2.64000000  4.89781427e+00
     2.64500000  4.89134327e+00
     2.65000000  4.88494143e+00
     2.65500000  4.87860779e+00
     2.66000000  4.87234180e+00
     2.66500000  4.86614310e+00
     2.67000000  4.86001134e+00
     2.67500000  4.85394618e+00
     2.68000000  4.84794724e+00
     2.68500000  4.84201419e+00
     2.69000000  4.83614668e+00
     2.69500000  4.83034434e+00
     2.70000000  4.82460682e+00
     2.70500000  4.81893378e+00
     2.71000000  4.81332486e+00
     2.71500000  4.80777971e+00
     2.72000000  4.80229798e+00
     2.72500000  4.79687930e+00
     2.73000000  4.79152334e+00
     2.73500000  4.78622974e+00
     2.74000000  4.78099813e+00
     2.74500000  4.77582819e+00
     2.75000000  4.77071954e+00
     2.75500000  4.76567182e+00
     2.76000000  4.76068446e+00
     2.76500000  4.75575677e+00
     2.77000000  4.75088804e+00
     2.77500000  4.74607756e+00
     2.78000000  4.74132465e+00
     2.78500000  4.73662860e+00
     2.79000000  4.73198870e+00
     2.79500000  4.72740426e+00
     2.80000000  4.72287457e+00
     2.80500000  4.71839894e+00
     2.81000000  4.71397666e+00
     2.81500000  4.70960703e+00
     2.82000000  4.70528936e+00
     2.82500000  4.70102294e+00
     2.83000000  4.69680706e+00
     2.83500000  4.69264103e+00
     2.84000000  4.68852415e+00
     2.84500000  4.68445572e+00
     2.85000000  4.68043503e+00
     2.85500000  4.67646140e+00
     2.86000000  4.67253431e+00
     2.86500000  4.66865339e+00
     2.87000000  4.66481830e+00
     2.87500000  4.66102866e+00
     2.88000000  4.65728414e+00
     2.88500000  4.65358436e+00
     2.89000000  4.64992898e+00
     2.89500000  4.64631764e+00
     2.90000000  4.64274997e+00
     2.90500000  4.63922563e+00
     2.91000000  4.63574426e+00
     2.91500000  4.63230549e+00
     2.92000000  4.62890898e+00
     2.92500000  4.62555437e+00
     2.93000000  4.62224129e+00
     2.93500000  4.61896940e+00
     2.94000000  4.61573833e+00
     2.94500000  4.61254773e+00
     2.95000000  4.60939725e+00
     2.95500000  4.60628652e+00
     2.96000000  4.60321519e+00
     2.96500000  4.60018290e+00
     2.97000000  4.59718928e+00
     2.97500000  4.59423396e+00
     2.98000000  4.59131654e+00
     2.98500000  4.58843663e+00
     2.99000000  4.58559386e+00
     2.99500000  4.58278783e+00
     3.00000000  4.58001816e+00
     3.00500000  4.57728446e+00
     3.01000000  4.57458634e+00
     3.01500000  4.57192343e+00
     3.02000000  4.56929532e+00
     3.02500000  4.56670165e+00
     3.03000000  4.56414201e+00
     3.03500000  4.56161603e+00
     3.04000000  4.55912332e+00
     3.04500000  4.55666348e+00
     3.05000000  4.55423615e+00
     3.05500000  4.55184095e+00
     3.06000000  4.54947758e+00
     3.06500000  4.54714573e+00
     3.07000000  4.54484509e+00
     3.07500000  4.54257533e+00
     3.08000000  4.54033617e+00
     3.08500000  4.53812727e+00
     3.09000000  4.53594833e+00
     3.09500000  4.53379905e+00
     3.10000000  4.53167910e+00
     3.10500000  4.52958818e+00
     3.11000000  4.52752597e+00
     3.11500000  4.52549217e+00
     3.12000000  4.52348647e+00
     3.12500000  4.52150855e+00
     3.13000000  4.51955810e+00
     3.13500000  4.51763481e+00
     3.14000000  4.51573837e+00
     3.14500000  4.51386847e+00
     3.15000000  4.51202479e+00
     3.15500000  4.51020703e+00
     3.16000000  4.50841488e+00
     3.16500000  4.50664802e+00
     3.17000000  4.50490614e+00
     3.17500000  4.50318894e+00
     3.18000000  4.50149611e+00
     3.18500000  4.49982739e+00
     3.19000000  4.49818255e+00
     3.19500000  4.49656133e+00
     3.20000000  4.49496351e+00
     3.20500000  4.49338882e+00
     3.21000000  4.49183704e+00
     3.21500000  4.49030791e+00
     3.22000000  4.48880120e+00
     3.22500000  4.48731665e+00
     3.23000000  4.48585403e+00
     3.23500000  4.48441309e+00
     3.24000000  4.48299359e+00
     3.24500000  4.48159529e+00
     3.25000000  4.48021793e+00
     3.25500000  4.47886129e+00
     3.26000000  4.47752511e+00
     3.26500000  4.47620915e+00
     3.27000000  4.47491317e+00
     3.27500000  4.47363692e+00
     3.28000000  4.47238017e+00
     3.28500000  4.47114266e+00
     3.29000000  4.46992416e+00
     3.29500000  4.46872442e+00
     3.30000000  4.46754319e+00
     3.30500000  4.46638024e+00
     3.31000000  4.46523531e+00
     3.31500000  4.46410818e+00
     3.32000000  4.46299859e+00
     3.32500000  4.46190629e+00
     3.33000000  4.46083106e+00
     3.33500000  4.45977264e+00
     3.34000000  4.45873078e+00
     3.34500000  4.45770525e+00
     3.35000000  4.45669581e+00
     3.35500000  4.45570220e+00
     3.36000000  4.45472419e+00
     3.36500000  4.45376153e+00
     3.37000000  4.45281398e+00
     3.37500000  4.45188130e+00
     3.38000000  4.45096323e+00
     3.38500000  4.45005955e+00
     3.39000000  4.44917000e+00
     3.39500000  4.44829442e+00
     3.40000000  4.44743266e+00
     3.40500000  4.44658458e+00
     3.41000000  4.44575005e+00
     3.41500000  4.44492893e+00
     3.42000000  4.44412108e+00
     3.42500000  4.44332636e+00
     3.43000000  4.44254463e+00
     3.43500000  4.44177576e+00
     3.44000000  4.44101961e+00
     3.44500000  4.44027603e+00
     3.45000000  4.43954490e+00
     3.45500000  4.43882607e+00
     3.46000000  4.43811941e+00
     3.46500000  4.43742477e+00
     3.47000000  4.43674202e+00
     3.47500000  4.43607102e+00
     3.48000000  4.43541164e+00
     3.48500000  4.43476372e+00
     3.49000000  4.43412715e+00
     3.49500000  4.43350177e+00
     3.50000000  4.43288745e+00
     3.50500000  4.43228405e+00
     3.51000000  4.43169143e+00
     3.51500000  4.43110946e+00
     3.52000000  4.43053800e+00
     3.52500000  4.42997690e+00
     3.53000000  4.42942604e+00
     3.53500000  4.42888527e+00
     3.54000000  4.42835445e+00
     3.54500000  4.42783345e+00
     3.55000000  4.42732212e+00
     3.55500000  4.42682034e+00
     3.56000000  4.42632796e+00
     3.56500000  4.42584484e+00
     3.57000000  4.42537084e+00
     3.57500000  4.42490584e+00
     3.58000000  4.42444968e+00
     3.58500000  4.42400223e+00
     3.59000000  4.42356336e+00
     3.59500000  4.42313292e+00
     3.60000000  4.42271077e+00
     3.60500000  4.42229679e+00
     3.61000000  4.42189082e+00
     3.61500000  4.42149273e+00
     3.62000000  4.42110239e+00
     3.62500000  4.42071966e+00
     3.63000000  4.42034439e+00
     3.63500000  4.41997645e+00
     3.64000000  4.41961570e+00
     3.64500000  4.41926201e+00
     3.65000000  4.41891522e+00
     3.65500000  4.41857522e+00
     3.66000000  4.41824185e+00
     3.66500000  4.41791499e+00
     3.67000000  4.41759448e+00
     3.67500000  4.41728020e+00
     3.68000000  4.41697201e+00
     3.68500000  4.41666976e+00
     3.69000000  4.41637332e+00
     3.69500000  4.41608255e+00
     3.70000000  4.41579732e+00
     3.70500000  4.41551748e+00
     3.71000000  4.41524292e+00
     3.71500000  4.41497358e+00
     3.72000000  4.41470941e+00
     3.72500000  4.41445036e+00
     3.73000000  4.41419638e+00
     3.73500000  4.41394743e+00
     3.74000000  4.41370345e+00
     3.74500000  4.41346438e+00
     3.75000000  4.41323019e+00
     3.75500000  4.41300082e+00
     3.76000000  4.41277623e+00
     3.76500000  4.41255635e+00
     3.77000000  4.41234115e+00
     3.77500000  4.41213056e+00
     3.78000000  4.41192455e+00
     3.78500000  4.41172306e+00
     3.79000000  4.41152605e+00
     3.79500000  4.41133345e+00
     3.80000000  4.41114523e+00
     3.80500000  4.41096133e+00
     3.81000000  4.41078170e+00
     3.81500000  4.41060629e+00
     3.82000000  4.41043506e+00
     3.82500000  4.41026795e+00
     3.83000000  4.41010491e+00
     3.83500000  4.40994589e+00
     3.84000000  4.40979085e+00
     3.84500000  4.40963973e+00
     3.85000000  4.40949248e+00
     3.85500000  4.40934905e+00
     3.86000000  4.40920940e+00
     3.86500000  4.40907347e+00
     3.87000000  4.40894122e+00
     3.87500000  4.40881258e+00
     3.88000000  4.40868752e+00
     3.88500000  4.40856599e+00
     3.89000000  4.40844792e+00
     3.89500000  4.40833328e+00
     3.90000000  4.40822202e+00
     3.90500000  4.40811407e+00
     3.91000000  4.40800940e+00
     3.91500000  4.40790796e+00
     3.92000000  4.40780969e+00
     3.92500000  4.40771454e+00
     3.93000000  4.40762246e+00
     3.93500000  4.40753341e+00
     3.94000000  4.40744734e+00
     3.94500000  4.40736419e+00
     3.95000000  4.40728391e+00
     3.95500000  4.40720645e+00
     3.96000000  4.40713177e+00
     3.96500000  4.40705982e+00
     3.97000000  4.40699054e+00
     3.97500000  4.40692388e+00
     3.98000000  4.40685980e+00
     3.98500000  4.40679824e+00
     3.99000000  4.40673916e+00
     3.99500000  4.40668250e+00
     4.00000000  4.40662822e+00
     4.00500000  4.40657626e+00
     4.01000000  4.40652658e+00
     4.01500000  4.40647912e+00
     4.02000000  4.40643383e+00
     4.02500000  4.40639068e+00
     4.03000000  4.40634959e+00
     4.03500000  4.40631054e+00
     4.04000000  4.40627345e+00
     4.04500000  4.40623830e+00
     4.05000000  4.40620502e+00
     4.05500000  4.40617356e+00
     4.06000000  4.40614388e+00
     4.06500000  4.40611593e+00
     4.07000000  4.40608965e+00
     4.07500000  4.40606500e+00
     4.08000000  4.40604192e+00
     4.08500000  4.40602037e+00
     4.09000000  4.40600029e+00
     4.09500000  4.40598164e+00
     4.10000000  4.40596437e+00
     4.10500000  4.40594843e+00
     4.11000000  4.40593376e+00
     4.11500000  4.40592031e+00
     4.12000000  4.40590804e+00
     4.12500000  4.40589690e+00
     4.13000000  4.40588684e+00
     4.13500000  4.40587782e+00
     4.14000000  4.40586983e+00
     4.14500000  4.40586286e+00
     4.15000000  4.40585689e+00
     4.15500000  4.40585190e+00
     4.16000000  4.40584789e+00
     4.16500000  4.40584484e+00
     4.17000000  4.40584273e+00
     4.17500000  4.40584154e+00
     4.18000000  4.40584128e+00
     4.18500000  4.40584191e+00
     4.19000000  4.40584343e+00
     4.19500000  4.40584582e+00
     4.20000000  4.40584907e+00
     4.20500000  4.40585317e+00
     4.21000000  4.40585809e+00
     4.21500000  4.40586383e+00
     4.22000000  4.40587036e+00
     4.22500000  4.40587768e+00
     4.23000000  4.40588578e+00
     4.23500000  4.40589463e+00
     4.24000000  4.40590422e+00
     4.24500000  4.40591454e+00
     4.25000000  4.40592558e+00
     4.25500000  4.40593732e+00
     4.26000000  4.40594974e+00
     4.26500000  4.40596283e+00
     4.27000000  4.40597658e+00
     4.27500000  4.40599097e+00
     4.28000000  4.40600598e+00
     4.28500000  4.40602161e+00
     4.29000000  4.40603785e+00
     4.29500000  4.40605466e+00
     4.30000000  4.40607205e+00
     4.30500000  4.40608999e+00
     4.31000000  4.40610847e+00
     4.31500000  4.40612748e+00
     4.32000000  4.40614701e+00
     4.32500000  4.40616703e+00
     4.33000000  4.40618753e+00
     4.33500000  4.40620851e+00
     4.34000000  4.40622994e+00
     4.34500000  4.40625182e+00
     4.35000000  4.40627413e+00
     4.35500000  4.40629688e+00
     4.36000000  4.40632006e+00
     4.36500000  4.40634366e+00
     4.37000000  4.40636769e+00
     4.37500000  4.40639213e+00
     4.38000000  4.40641699e+00
     4.38500000  4.40644225e+00
     4.39000000  4.40646792e+00
     4.39500000  4.40649399e+00
     4.40000000  4.40652045e+00
     4.40500000  4.40654731e+00
     4.41000000  4.40657456e+00
     4.41500000  4.40660218e+00
     4.42000000  4.40663019e+00
     4.42500000  4.40665857e+00
     4.43000000  4.40668732e+00
     4.43500000  4.40671644e+00
     4.44000000  4.40674592e+00
     4.44500000  4.40677575e+00
     4.45000000  4.40680594e+00
     4.45500000  4.40683648e+00
     4.46000000  4.40686737e+00
     4.46500000  4.40689859e+00
     4.47000000  4.40693015e+00
     4.47500000  4.40696205e+00
     4.48000000  4.40699427e+00
     4.48500000  4.40702681e+00
     4.49000000  4.40705967e+00
     4.49500000  4.40709285e+00
     4.50000000  4.40712634e+00
     4.50500000  4.40716014e+00
     4.51000000  4.40719423e+00
     4.51500000  4.40722863e+00
     4.52000000  4.40726332e+00
     4.52500000  4.40729830e+00
     4.53000000  4.40733356e+00
     4.53500000  4.40736911e+00
     4.54000000  4.40740493e+00
     4.54500000  4.40744102e+00
     4.55000000  4.40747739e+00
     4.55500000  4.40751401e+00
     4.56000000  4.40755090e+00
     4.56500000  4.40758804e+00
     4.57000000  4.40762543e+00
     4.57500000  4.40766307e+00
     4.58000000  4.40770095e+00
     4.58500000  4.40773907e+00
     4.59000000  4.40777743e+00
     4.59500000  4.40781601e+00
     4.60000000  4.40785482e+00
     4.60500000  4.40789385e+00
     4.61000000  4.40793310e+00
     4.61500000  4.40797256e+00
     4.62000000  4.40801223e+00
     4.62500000  4.40805210e+00
     4.63000000  4.40809217e+00
     4.63500000  4.40813244e+00
     4.64000000  4.40817290e+00
     4.64500000  4.40821355e+00
     4.65000000  4.40825438e+00
     4.65500000  4.40829539e+00
     4.66000000  4.40833657e+00
     4.66500000  4.40837792e+00
     4.67000000  4.40841941e+00
     4.67500000  4.40846104e+00
     4.68000000  4.40850280e+00
     4.68500000  4.40854465e+00
     4.69000000  4.40858661e+00
     4.69500000  4.40862864e+00
     4.70000000  4.40867073e+00
     4.70500000  4.40871287e+00
     4.71000000  4.40875505e+00
     4.71500000  4.40879725e+00
     4.72000000  4.40883946e+00
     4.72500000  4.40888166e+00
     4.73000000  4.40892384e+00
     4.73500000  4.40896599e+00
     4.74000000  4.40900808e+00
     4.74500000  4.40905011e+00
     4.75000000  4.40909207e+00
     4.75500000  4.40913393e+00
     4.76000000  4.40917568e+00
     4.76500000  4.40921732e+00
     4.77000000  4.40925882e+00
     4.77500000  4.40930017e+00
     4.78000000  4.40934135e+00
     4.78500000  4.40938236e+00
     4.79000000  4.40942318e+00
     4.79500000  4.40946379e+00
     4.80000000  4.40950418e+00
     4.80500000  4.40954434e+00
     4.81000000  4.40958425e+00
     4.81500000  4.40962390e+00
     4.82000000  4.40966327e+00
     4.82500000  4.40970235e+00
     4.83000000  4.40974112e+00
     4.83500000  4.40977957e+00
     4.84000000  4.40981769e+00
     4.84500000  4.40985546e+00
     4.85000000  4.40989287e+00
     4.85500000  4.40992991e+00
     4.86000000  4.40996655e+00
     4.86500000  4.41000279e+00
     4.87000000  4.41003860e+00
     4.87500000  4.41007399e+00
     4.88000000  4.41010893e+00
     4.88500000  4.41014340e+00
     4.89000000  4.41017740e+00
     4.89500000  4.41021091e+00
     4.90000000  4.41024392e+00
     4.90500000  4.41027641e+00
     4.91000000  4.41030836e+00
     4.91500000  4.41033977e+00
     4.92000000  4.41037062e+00
     4.92500000  4.41040089e+00
     4.93000000  4.41043057e+00
     4.93500000  4.41045965e+00
     4.94000000  4.41048811e+00
     4.94500000  4.41051593e+00
     4.95000000  4.41054312e+00
     4.95500000  4.41056964e+00
     4.96000000  4.41059548e+00
     4.96500000  4.41062064e+00
     4.97000000  4.41064509e+00
     4.97500000  4.41066883e+00
     4.98000000  4.41069184e+00
     4.98500000  4.41071412e+00
     4.99000000  4.41073569e+00
     4.99500000  4.41075654e+00
     5.00000000  4.41077668e+00
     5.00500000  4.41079612e+00
     5.01000000  4.41081486e+00
     5.01500000  4.41083290e+00
     5.02000000  4.41085025e+00
     5.02500000  4.41086692e+00
     5.03000000  4.41088290e+00
     5.03500000  4.41089821e+00
     5.04000000  4.41091284e+00
     5.04500000  4.41092681e+00
     5.05000000  4.41094011e+00
     5.05500000  4.41095276e+00
     5.06000000  4.41096476e+00
     5.06500000  4.41097611e+00
     5.07000000  4.41098681e+00
     5.07500000  4.41099687e+00
     5.08000000  4.41100631e+00
     5.08500000  4.41101511e+00
     5.09000000  4.41102329e+00
     5.09500000  4.41103084e+00
     5.10000000  4.41103779e+00
     5.10500000  4.41104412e+00
     5.11000000  4.41104985e+00
     5.11500000  4.41105497e+00
     5.12000000  4.41105950e+00
     5.12500000  4.41106344e+00
     5.13000000  4.41106680e+00
     5.13500000  4.41106957e+00
     5.14000000  4.41107176e+00
     5.14500000  4.41107338e+00
     5.15000000  4.41107444e+00
     5.15500000  4.41107493e+00
     5.16000000  4.41107486e+00
     5.16500000  4.41107424e+00
     5.17000000  4.41107307e+00
     5.17500000  4.41107136e+00
     5.18000000  4.41106911e+00
     5.18500000  4.41106632e+00
     5.19000000  4.41106300e+00
     5.19500000  4.41105916e+00
     5.20000000  4.41105480e+00
     5.20500000  4.41104992e+00
     5.21000000  4.41104454e+00
     5.21500000  4.41103864e+00
     5.22000000  4.41103225e+00
     5.22500000  4.41102536e+00
     5.23000000  4.41101797e+00
     5.23500000  4.41101010e+00
     5.24000000  4.41100175e+00
     5.24500000  4.41099292e+00
     5.25000000  4.41098362e+00
     5.25500000  4.41097385e+00
     5.26000000  4.41096361e+00
     5.26500000  4.41095292e+00
     5.27000000  4.41094177e+00
     5.27500000  4.41093018e+00
     5.28000000  4.41091814e+00
     5.28500000  4.41090565e+00
     5.29000000  4.41089274e+00
