# 2.17000000(Re)  5.55957747(De)  3.94675323(Te)  1.51175233(beta) B3S-1w.dat
 0.00000  7.414169385433993e+02
 0.00500  7.322498853678601e+02
 0.01000  7.230828321923209e+02
 0.01500  7.140265572115853e+02
 0.02000  7.050797508575346e+02
 0.02500  6.962411188811678e+02
 0.03000  6.875093821743235e+02
 0.03500  6.788832765934699e+02
 0.04000  6.703615527855399e+02
 0.04500  6.619429760157878e+02
 0.05000  6.536263259976465e+02
 0.05500  6.454103967245567e+02
 0.06000  6.372939963037506e+02
 0.06500  6.292759467919645e+02
 0.07000  6.213550840330586e+02
 0.07500  6.135302574975223e+02
 0.08000  6.058003301238416e+02
 0.08500  5.981641781617102e+02
 0.09000  5.906206910170603e+02
 0.09500  5.831687710988889e+02
 0.10000  5.758073336678702e+02
 0.10500  5.685353066867179e+02
 0.11000  5.613516306722903e+02
 0.11500  5.542552585494092e+02
 0.12000  5.472451555063780e+02
 0.12500  5.403202988521762e+02
 0.13000  5.334796778753140e+02
 0.13500  5.267222937043242e+02
 0.14000  5.200471591698732e+02
 0.14500  5.134532986684766e+02
 0.15000  5.069397480277930e+02
 0.15500  5.005055543734858e+02
 0.16000  4.941497759976291e+02
 0.16500  4.878714822286418e+02
 0.17000  4.816697533027335e+02
 0.17500  4.755436802368418e+02
 0.18000  4.694923647030456e+02
 0.18500  4.635149189044386e+02
 0.19000  4.576104654524414e+02
 0.19500  4.517781372455407e+02
 0.20000  4.460170773494372e+02
 0.20500  4.403264388785828e+02
 0.21000  4.347053848790972e+02
 0.21500  4.291530882130418e+02
 0.22000  4.236687314440390e+02
 0.22500  4.182515067242199e+02
 0.23000  4.129006156824848e+02
 0.23500  4.076152693140618e+02
 0.24000  4.023946878713492e+02
 0.24500  3.972381007560243e+02
 0.25000  3.921447464124063e+02
 0.25500  3.871138722220585e+02
 0.26000  3.821447343996145e+02
 0.26500  3.772365978898135e+02
 0.27000  3.723887362657341e+02
 0.27500  3.676004316282076e+02
 0.28000  3.628709745064029e+02
 0.28500  3.581996637595639e+02
 0.29000  3.535858064798891e+02
 0.29500  3.490287178965418e+02
 0.30000  3.445277212807718e+02
 0.30500  3.400821478521424e+02
 0.31000  3.356913366858465e+02
 0.31500  3.313546346210979e+02
 0.32000  3.270713961705899e+02
 0.32500  3.228409834310032e+02
 0.33000  3.186627659945560e+02
 0.33500  3.145361208615799e+02
 0.34000  3.104604323541136e+02
 0.34500  3.064350920304993e+02
 0.35000  3.024594986009724e+02
 0.35500  2.985330578442324e+02
 0.36000  2.946551825249812e+02
 0.36500  2.908252923124239e+02
 0.37000  2.870428136997124e+02
 0.37500  2.833071799243288e+02
 0.38000  2.796178308893909e+02
 0.38500  2.759742130858758e+02
 0.39000  2.723757795157447e+02
 0.39500  2.688219896159629e+02
 0.40000  2.653123091834017e+02
 0.40500  2.618462103006153e+02
 0.41000  2.584231712624777e+02
 0.41500  2.550426765036749e+02
 0.42000  2.517042165270387e+02
 0.42500  2.484072878327138e+02
 0.43000  2.451513928481484e+02
 0.43500  2.419360398588994e+02
 0.44000  2.387607429402405e+02
 0.44500  2.356250218895672e+02
 0.45000  2.325284021595865e+02
 0.45500  2.294704147922838e+02
 0.46000  2.264505963536576e+02
 0.46500  2.234684888692132e+02
 0.47000  2.205236397602058e+02
 0.47500  2.176156017806258e+02
 0.48000  2.147439329549166e+02
 0.48500  2.119081965164161e+02
 0.49000  2.091079608465150e+02
 0.49500  2.063427994145217e+02
 0.50000  2.036122907182271e+02
 0.50500  2.009160182251607e+02
 0.51000  1.982535703145296e+02
 0.51500  1.956245402198325e+02
 0.52000  1.930285259721419e+02
 0.52500  1.904651303440456e+02
 0.53000  1.879339607942397e+02
 0.53500  1.854346294127672e+02
 0.54000  1.829667528668926e+02
 0.54500  1.805299523476064e+02
 0.55000  1.781238535167524e+02
 0.55500  1.757480864547689e+02
 0.56000  1.734022856090390e+02
 0.56500  1.710860897428414e+02
 0.57000  1.687991418848948e+02
 0.57500  1.665410892794891e+02
 0.58000  1.643115833371983e+02
 0.58500  1.621102795861646e+02
 0.59000  1.599368376239511e+02
 0.59500  1.577909210699541e+02
 0.60000  1.556721975183686e+02
 0.60500  1.535803384917025e+02
 0.61000  1.515150193948297e+02
 0.61500  1.494759194695801e+02
 0.62000  1.474627217498562e+02
 0.62500  1.454751130172733e+02
 0.63000  1.435127837573149e+02
 0.63500  1.415754281159995e+02
 0.64000  1.396627438570509e+02
 0.64500  1.377744323195671e+02
 0.65000  1.359101983761823e+02
 0.65500  1.340697503917154e+02
 0.66000  1.322528001823003e+02
 0.66500  1.304590629749916e+02
 0.67000  1.286882573678405e+02
 0.67500  1.269401052904358e+02
 0.68000  1.252143319649038e+02
 0.68500  1.235106658673628e+02
 0.69000  1.218288386898256e+02
 0.69500  1.201685853025464e+02
 0.70000  1.185296437168053e+02
 0.70500  1.169117550481269e+02
 0.71000  1.153146634799265e+02
 0.71500  1.137381162275798e+02
 0.72000  1.121818635029113e+02
 0.72500  1.106456584790958e+02
 0.73000  1.091292572559691e+02
 0.73500  1.076324188257418e+02
 0.74000  1.061549050391138e+02
 0.74500  1.046964805717822e+02
 0.75000  1.032569128913396e+02
 0.75500  1.018359722245583e+02
 0.76000  1.004334315250556e+02
 0.76500  9.904906644133476e+01
 0.77000  9.768265528519983e+01
 0.77500  9.633397900053674e+01
 0.78000  9.500282113245937e+01
 0.78500  9.368896779681440e+01
 0.79000  9.239220765004154e+01
 0.79500  9.111233185938511e+01
 0.80000  8.984913407345232e+01
 0.80500  8.860241039311506e+01
 0.81000  8.737195934275027e+01
 0.81500  8.615758184181581e+01
 0.82000  8.495908117675722e+01
 0.82500  8.377626297324203e+01
 0.83000  8.260893516871786e+01
 0.83500  8.145690798528989e+01
 0.84000  8.031999390291463e+01
 0.84500  7.919800763290627e+01
 0.85000  7.809076609175150e+01
 0.85500  7.699808837522997e+01
 0.86000  7.591979573283589e+01
 0.86500  7.485571154249831e+01
 0.87000  7.380566128559569e+01
 0.87500  7.276947252226206e+01
 0.88000  7.174697486698071e+01
 0.88500  7.073799996446279e+01
 0.89000  6.974238146580699e+01
 0.89500  6.875995500493707e+01
 0.90000  6.779055817531439e+01
 0.90500  6.683403050692169e+01
 0.91000  6.589021344351558e+01
 0.91500  6.495895032014397e+01
 0.92000  6.404008634092601e+01
 0.92500  6.313346855709102e+01
 0.93000  6.223894584527341e+01
 0.93500  6.135636888606109e+01
 0.94000  6.048559014279382e+01
 0.94500  5.962646384060898e+01
 0.95000  5.877884594573172e+01
 0.95500  5.794259414500683e+01
 0.96000  5.711756782566923e+01
 0.96500  5.630362805535061e+01
 0.97000  5.550063756231915e+01
 0.97500  5.470846071595002e+01
 0.98000  5.392696350742367e+01
 0.98500  5.315601353064923e+01
 0.99000  5.239547996341071e+01
 0.99500  5.164523354873305e+01
 1.00000  5.090514657646584e+01
 1.00500  5.017509286508171e+01
 1.01000  4.945494774368736e+01
 1.01500  4.874458803424455e+01
 1.02000  4.804389203399850e+01
 1.02500  4.735273949811153e+01
 1.03000  4.667101162249921e+01
 1.03500  4.599859102686735e+01
 1.04000  4.533536173794640e+01
 1.04500  4.468120917292220e+01
 1.05000  4.403602012305966e+01
 1.05500  4.339968273751818e+01
 1.06000  4.277208650735552e+01
 1.06500  4.215312224971903e+01
 1.07000  4.154268209222091e+01
 1.07500  4.094065945749654e+01
 1.08000  4.034694904794268e+01
 1.08500  3.976144683063419e+01
 1.09000  3.918405002241690e+01
 1.09500  3.861465707517453e+01
 1.10000  3.805316766126777e+01
 1.10500  3.749948265914356e+01
 1.11000  3.695350413911228e+01
 1.11500  3.641513534929140e+01
 1.12000  3.588428070171303e+01
 1.12500  3.536084575859422e+01
 1.13000  3.484473721876729e+01
 1.13500  3.433586290426899e+01
 1.14000  3.383413174708636e+01
 1.14500  3.333945377605741e+01
 1.15000  3.285174010392499e+01
 1.15500  3.237090291454197e+01
 1.16000  3.189685545022597e+01
 1.16500  3.142951199926185e+01
 1.17000  3.096878788355059e+01
 1.17500  3.051459944640203e+01
 1.18000  3.006686404047105e+01
 1.18500  2.962550001583410e+01
 1.19000  2.919042670820577e+01
 1.19500  2.876156442729268e+01
 1.20000  2.833883444528384e+01
 1.20500  2.792215898547565e+01
 1.21000  2.751146121102968e+01
 1.21500  2.710666521386227e+01
 1.22000  2.670769600366391e+01
 1.22500  2.631447949704705e+01
 1.23000  2.592694250682104e+01
 1.23500  2.554501273139241e+01
 1.24000  2.516861874428919e+01
 1.24500  2.479768998380791e+01
 1.25000  2.443215674278157e+01
 1.25500  2.407195015846758e+01
 1.26000  2.371700220255384e+01
 1.26500  2.336724567128193e+01
 1.27000  2.302261417568586e+01
 1.27500  2.268304213194508e+01
 1.28000  2.234846475185039e+01
 1.28500  2.201881803338158e+01
 1.29000  2.169403875139524e+01
 1.29500  2.137406444842180e+01
 1.30000  2.105883342557002e+01
 1.30500  2.074828473353843e+01
 1.31000  2.044235816373157e+01
 1.31500  2.014099423948071e+01
 1.32000  1.984413420736699e+01
 1.32500  1.955172002864661e+01
 1.33000  1.926369437077606e+01
 1.33500  1.898000059903703e+01
 1.34000  1.870058276825907e+01
 1.34500  1.842538561463957e+01
 1.35000  1.815435454765931e+01
 1.35500  1.788743564209297e+01
 1.36000  1.762457563011312e+01
 1.36500  1.736572189348685e+01
 1.37000  1.711082245586378e+01
 1.37500  1.685982597515458e+01
 1.38000  1.661268173599866e+01
 1.38500  1.636933964232043e+01
 1.39000  1.612975020997255e+01
 1.39500  1.589386455946564e+01
 1.40000  1.566163440878314e+01
 1.40500  1.543301206628053e+01
 1.41000  1.520795042366767e+01
 1.41500  1.498640294907364e+01
 1.42000  1.476832368019279e+01
 1.42500  1.455366721751124e+01
 1.43000  1.434238871761286e+01
 1.43500  1.413444388656376e+01
 1.44000  1.392978897337443e+01
 1.44500  1.372838076353853e+01
 1.45000  1.353017657264766e+01
 1.45500  1.333513424008087e+01
 1.46000  1.314321212276839e+01
 1.46500  1.295436908902850e+01
 1.47000  1.276856451247677e+01
 1.47500  1.258575826600675e+01
 1.48000  1.240591071584147e+01
 1.48500  1.222898271565458e+01
 1.49000  1.205493560076080e+01
 1.49500  1.188373118237426e+01
 1.50000  1.171533174193465e+01
 1.50500  1.154970002549965e+01
 1.51000  1.138679923820357e+01
 1.51500  1.122659303878078e+01
 1.52000  1.106904553415376e+01
 1.52500  1.091412127408454e+01
 1.53000  1.076178524588910e+01
 1.53500  1.061200286921384e+01
 1.54000  1.046473999087349e+01
 1.54500  1.031996287974962e+01
 1.55000  1.017763822174919e+01
 1.55500  1.003773311482239e+01
 1.56000  9.900215064038926e+00
 1.56500  9.765051976722392e+00
 1.57000  9.632212157641650e+00
 1.57500  9.501664304258995e+00
 1.58000  9.373377502033970e+00
 1.58500  9.247321219782638e+00
 1.59000  9.123465305091287e+00
 1.59500  9.001779979784192e+00
 1.60000  8.882235835444654e+00
 1.60500  8.764803828988780e+00
 1.61000  8.649455278291313e+00
 1.61500  8.536161857862995e+00
 1.62000  8.424895594578754e+00
 1.62500  8.315628863456244e+00
 1.63000  8.208334383484019e+00
 1.63500  8.102985213498895e+00
 1.64000  7.999554748111782e+00
 1.64500  7.898016713681593e+00
 1.65000  7.798345164336458e+00
 1.65500  7.700514478041920e+00
 1.66000  7.604499352715353e+00
 1.66500  7.510274802386243e+00
 1.67000  7.417816153401624e+00
 1.67500  7.327099040676305e+00
 1.68000  7.238099403987264e+00
 1.68500  7.150793484311689e+00
 1.69000  7.065157820208241e+00
 1.69500  6.981169244240927e+00
 1.70000  6.898804879445172e+00
 1.70500  6.818042135835541e+00
 1.71000  6.738858706954671e+00
 1.71500  6.657038995402864e+00
 1.72000  6.576780165749420e+00
 1.72500  6.498087944712267e+00
 1.73000  6.420967146952355e+00
 1.73500  6.345421724237020e+00
 1.74000  6.271454812947520e+00
 1.74500  6.199068779976052e+00
 1.75000  6.128265267056736e+00
 1.75500  6.059045233573714e+00
 1.76000  5.991408997888711e+00
 1.76500  5.925356277229078e+00
 1.77000  5.860886226176628e+00
 1.77500  5.797997473796306e+00
 1.78000  5.736688159443001e+00
 1.78500  5.676955967283680e+00
 1.79000  5.618798159571240e+00
 1.79500  5.562211608705454e+00
 1.80000  5.507192797454934e+00
 1.80500  5.453727176913837e+00
 1.81000  5.401774317198336e+00
 1.81500  5.351291376392299e+00
 1.82000  5.302237114633266e+00
 1.82500  5.254571798199977e+00
 1.83000  5.208257107043090e+00
 1.83500  5.163256045661247e+00
 1.84000  5.119532857226941e+00
 1.84500  5.077052940869076e+00
 1.85000  5.035782772021503e+00
 1.85500  4.995689825748954e+00
 1.86000  4.956742502964175e+00
 1.86500  4.918910059452117e+00
 1.87000  4.882162537619197e+00
 1.87500  4.846470700887803e+00
 1.88000  4.811805970658029e+00
 1.88500  4.778140365760930e+00
 1.89000  4.745446444329133e+00
 1.89500  4.713697248012888e+00
 1.90000  4.682866248471250e+00
 1.90500  4.652927296069972e+00
 1.91000  4.623856818522574e+00
 1.91500  4.595640415841664e+00
 1.92000  4.568265787868525e+00
 1.92500  4.541720410375187e+00
 1.93000  4.515991527738138e+00
 1.93500  4.491066146150335e+00
 1.94000  4.466931027352192e+00
 1.94500  4.443572682862700e+00
 1.95000  4.420977368692513e+00
 1.95500  4.399131080521169e+00
 1.96000  4.378019549321293e+00
 1.96500  4.357628237412982e+00
 1.97000  4.337942334932137e+00
 1.97500  4.318946756696934e+00
 1.98000  4.300626139457070e+00
 1.98500  4.282964839510938e+00
 1.99000  4.265946930676193e+00
 1.99500  4.249556202599718e+00
 2.00000  4.233776159393324e+00
 2.00500  4.218590018581954e+00
 2.01000  4.203980710351567e+00
 2.01500  4.189932008311756e+00
 2.02000  4.176434941862490e+00
 2.02500  4.163483201275672e+00
 2.03000  4.151070010603783e+00
 2.03500  4.139188141145536e+00
 2.04000  4.127829933992341e+00
 2.04500  4.116987321905686e+00
 2.05000  4.106651850541824e+00
 2.05500  4.096814699039838e+00
 2.06000  4.087466699988824e+00
 2.06500  4.078598358789512e+00
 2.07000  4.070199872425380e+00
 2.07500  4.062261147657914e+00
 2.08000  4.054771818660408e+00
 2.08500  4.047721264104276e+00
 2.09000  4.041098623711673e+00
 2.09500  4.034892814287741e+00
 2.10000  4.029092545245691e+00
 2.10500  4.023686333637436e+00
 2.11000  4.018662518702373e+00
 2.11500  4.014009275946508e+00
 2.12000  4.009714928608509e+00
 2.12500  4.005771153522880e+00
 2.13000  4.002171754001854e+00
 2.13500  3.998910440770110e+00
 2.14000  3.995980813210355e+00
 2.14500  3.993376378502111e+00
 2.15000  3.991090570030404e+00
 2.15500  3.989116765084854e+00
 2.16000  3.987448301869214e+00
 2.16500  3.986078495840900e+00
 2.17000  3.985000655399578e+00
 2.17500  3.984208096943402e+00
 2.18000  3.983694159311044e+00
 2.18500  3.983452217627241e+00
 2.19000  3.983475696569070e+00
 2.19500  3.983758083069831e+00
 2.20000  3.984292938476922e+00
 2.20500  3.985073910179747e+00
 2.21000  3.986094742723238e+00
 2.21500  3.987349288422238e+00
 2.22000  3.988831517491574e+00
 2.22500  3.990535527706293e+00
 2.23000  3.992455553606181e+00
 2.23500  3.994585975258301e+00
 2.24000  3.996921326590958e+00
 2.24500  3.999456303312179e+00
 2.25000  4.002185770425418e+00
 2.25500  4.005104769354906e+00
 2.26000  4.008208524692765e+00
 2.26500  4.011492450579629e+00
 2.27000  4.014952156730305e+00
 2.27500  4.018583454115631e+00
 2.28000  4.022382360311457e+00
 2.28500  4.026345104525345e+00
 2.29000  4.030468132311368e+00
 2.29500  4.034748109983056e+00
 2.30000  4.039181928734322e+00
 2.30500  4.043766708477923e+00
 2.31000  4.048499801410767e+00
 2.31500  4.053378795315129e+00
 2.32000  4.058401516604607e+00
 2.32500  4.063566033123406e+00
 2.33000  4.068870630595056e+00
 2.33500  4.074312231850861e+00
 2.34000  4.079885469277233e+00
 2.34500  4.085584962611304e+00
 2.35000  4.091405536701960e+00
 2.35500  4.097342221173142e+00
 2.36000  4.103390250003681e+00
 2.36500  4.109545061026960e+00
 2.37000  4.115802295353672e+00
 2.37500  4.122157796720805e+00
 2.38000  4.128607610769908e+00
 2.38500  4.135147984257624e+00
 2.39000  4.141775364201360e+00
 2.39500  4.148486396962912e+00
 2.40000  4.155277927272751e+00
 2.40500  4.162146997197650e+00
 2.41000  4.169090845054164e+00
 2.41500  4.176106904270522e+00
 2.42000  4.183192802199305e+00
 2.42500  4.190346358883276e+00
 2.43000  4.197565585776648e+00
 2.43500  4.204848684423999e+00
 2.44000  4.212194045098980e+00
 2.44500  4.219600245404893e+00
 2.45000  4.227066048839186e+00
 2.45500  4.234589982451376e+00
 2.46000  4.242169000469859e+00
 2.46500  4.249799756587424e+00
 2.47000  4.257479051458898e+00
 2.47500  4.265203830675153e+00
 2.48000  4.272971182749660e+00
 2.48500  4.280778337118589e+00
 2.49000  4.288622662154740e+00
 2.49500  4.296501663195540e+00
 2.50000  4.304412980585353e+00
 2.50500  4.312354387732305e+00
 2.51000  4.320323789179868e+00
 2.51500  4.328319218693352e+00
 2.52000  4.336338837361532e+00
 2.52500  4.344380931713547e+00
 2.53000  4.352443911851268e+00
 2.53500  4.360526309597237e+00
 2.54000  4.368626776658353e+00
 2.54500  4.376743905228593e+00
 2.55000  4.384875680406571e+00
 2.55500  4.393020007479343e+00
 2.56000  4.401174890837942e+00
 2.56500  4.409338432163977e+00
 2.57000  4.417508828642890e+00
 2.57500  4.425684371203567e+00
 2.58000  4.433863442784004e+00
 2.58500  4.442044516622710e+00
 2.59000  4.450226154575534e+00
 2.59500  4.458407005457632e+00
 2.60000  4.466585803410240e+00
 2.60500  4.474761366291989e+00
 2.61000  4.482932594094444e+00
 2.61500  4.491098467381560e+00
 2.62000  4.499258045752801e+00
 2.62500  4.507410466329590e+00
 2.63000  4.515554942264822e+00
 2.63500  4.523690761275162e+00
 2.64000  4.531817284195827e+00
 2.64500  4.539933943557575e+00
 2.65000  4.548040242185643e+00
 2.65500  4.556135626618619e+00
 2.66000  4.564218593179207e+00
 2.66500  4.572287196968479e+00
 2.67000  4.580339535422230e+00
 2.67500  4.588373750276647e+00
 2.68000  4.596388026347572e+00
 2.68500  4.604380590338355e+00
 2.69000  4.612349709675717e+00
 2.69500  4.620293691372988e+00
 2.70000  4.628210880920134e+00
 2.70500  4.636099661200002e+00
 2.71000  4.643958451430204e+00
 2.71500  4.651785706130078e+00
 2.72000  4.659579914112192e+00
 2.72500  4.667339597497845e+00
 2.73000  4.675063310756057e+00
 2.73500  4.682749639765513e+00
 2.74000  4.690397200898970e+00
 2.74500  4.698004640129648e+00
 2.75000  4.705570632159096e+00
 2.75500  4.713093919589249e+00
 2.76000  4.720573743584433e+00
 2.76500  4.728009684006268e+00
 2.77000  4.735401360203640e+00
 2.77500  4.742748425014299e+00
 2.78000  4.750050563954489e+00
 2.78500  4.757307494424525e+00
 2.79000  4.764518964930066e+00
 2.79500  4.771684754318761e+00
 2.80000  4.778804671032017e+00
 2.80500  4.785878552371607e+00
 2.81000  4.792906263780847e+00
 2.81500  4.799887698140082e+00
 2.82000  4.806822775076212e+00
 2.82500  4.813711440286014e+00
 2.83000  4.820553664873007e+00
 2.83500  4.827349444697601e+00
 2.84000  4.834098799740312e+00
 2.84500  4.840801773477770e+00
 2.85000  4.847458432271329e+00
 2.85500  4.854068850244421e+00
 2.86000  4.860632859979680e+00
 2.86500  4.867150083434892e+00
 2.87000  4.873620150614786e+00
 2.87500  4.880042706622671e+00
 2.88000  4.886417411164769e+00
 2.88500  4.892743938066375e+00
 2.89000  4.899021974799598e+00
 2.89500  4.905251222022402e+00
 2.90000  4.911431393128735e+00
 2.90500  4.917562213809509e+00
 2.91000  4.923643421624171e+00
 2.91500  4.929674765582684e+00
 2.92000  4.935656005737642e+00
 2.92500  4.941586912786352e+00
 2.93000  4.947467267682624e+00
 2.93500  4.953296861258100e+00
 2.94000  4.959075493852888e+00
 2.94500  4.964802974955306e+00
 2.95000  4.970479122850555e+00
 2.95500  4.976103764278104e+00
 2.96000  4.981676734097615e+00
 2.96500  4.987197876442830e+00
 2.97000  4.992667134075597e+00
 2.97500  4.998084600539399e+00
 2.98000  5.003450390681744e+00
 2.98500  5.008764627980481e+00
 2.99000  5.014027444234036e+00
 2.99500  5.019238979258840e+00
 3.00000  5.024399380593803e+00
 3.00500  5.029508803211690e+00
 3.01000  5.034567409237233e+00
 3.01500  5.039575367671886e+00
 3.02000  5.044532854125055e+00
 3.02500  5.049440050551679e+00
 3.03000  5.054297144996030e+00
 3.03500  5.059104331341613e+00
 3.04000  5.063861809067033e+00
 3.04500  5.068569783007697e+00
 3.05000  5.073228463617084e+00
 3.05500  5.077838085946341e+00
 3.06000  5.082398915781378e+00
 3.06500  5.086911225475410e+00
 3.07000  5.091375291984785e+00
 3.07500  5.095791396658911e+00
 3.08000  5.100159825035210e+00
 3.08500  5.104480866639018e+00
 3.09000  5.108754814788338e+00
 3.09500  5.112981966403340e+00
 3.10000  5.117162621820484e+00
 3.10500  5.121297084611225e+00
 3.11000  5.125385661405151e+00
 3.11500  5.129428661717503e+00
 3.12000  5.133426397780958e+00
 3.12500  5.137379184381608e+00
 3.13000  5.141287338699029e+00
 3.13500  5.145151180150377e+00
 3.14000  5.148971030238409e+00
 3.14500  5.152747212403344e+00
 3.15000  5.156480051878522e+00
 3.15500  5.160169875549713e+00
 3.16000  5.163817011818078e+00
 3.16500  5.167421790466642e+00
 3.17000  5.170984542530243e+00
 3.17500  5.174505600168863e+00
 3.18000  5.177985303762720e+00
 3.18500  5.181424023888364e+00
 3.19000  5.184822139534390e+00
 3.19500  5.188180030613761e+00
 3.20000  5.191498077849272e+00
 3.20500  5.194776662662004e+00
 3.21000  5.198016167062710e+00
 3.21500  5.201216973546090e+00
 3.22000  5.204379464987860e+00
 3.22500  5.207504024544594e+00
 3.23000  5.210591035556251e+00
 3.23500  5.213640881451342e+00
 3.24000  5.216653945654691e+00
 3.24500  5.219630611497716e+00
 3.25000  5.222571262131187e+00
 3.25500  5.225476280440410e+00
 3.26000  5.228346048962788e+00
 3.26500  5.231180949807681e+00
 3.27000  5.233981364578574e+00
 3.27500  5.236747674297431e+00
 3.28000  5.239480259331252e+00
 3.28500  5.242179499320732e+00
 3.29000  5.244845773111035e+00
 3.29500  5.247479458684575e+00
 3.30000  5.250080933095813e+00
 3.30500  5.252650572407984e+00
 3.31000  5.255188751631751e+00
 3.31500  5.257695844665714e+00
 3.32000  5.260172224238747e+00
 3.32500  5.262618261854120e+00
 3.33000  5.265034327735367e+00
 3.33500  5.267420790773869e+00
 3.34000  5.269778018478095e+00
 3.34500  5.272106376924482e+00
 3.35000  5.274406230709915e+00
 3.35500  5.276677942905769e+00
 3.36000  5.278921875013469e+00
 3.36500  5.281138386921553e+00
 3.37000  5.283327836864185e+00
 3.37500  5.285490581381107e+00
 3.38000  5.287626975278968e+00
 3.38500  5.289737371594038e+00
 3.39000  5.291822119319492e+00
 3.39500  5.293881539118531e+00
 3.40000  5.295915932329001e+00
 3.40500  5.297925597871542e+00
 3.41000  5.299910832519310e+00
 3.41500  5.301871930871495e+00
 3.42000  5.303809185327967e+00
 3.42500  5.305722886065035e+00
 3.43000  5.307613321012274e+00
 3.43500  5.309480775830409e+00
 3.44000  5.311325533890227e+00
 3.44500  5.313147876252489e+00
 3.45000  5.314948081648809e+00
 3.45500  5.316726426463512e+00
 3.46000  5.318483184716390e+00
 3.46500  5.320218628046396e+00
 3.47000  5.321933025696195e+00
 3.47500  5.323626644497601e+00
 3.48000  5.325299748857834e+00
 3.48500  5.326952600746622e+00
 3.49000  5.328585459684076e+00
 3.49500  5.330198582729367e+00
 3.50000  5.331792224470146e+00
 3.50500  5.333366637012719e+00
 3.51000  5.334922069972927e+00
 3.51500  5.336458770467743e+00
 3.52000  5.337976983107551e+00
 3.52500  5.339476949989086e+00
 3.53000  5.340958910689026e+00
 3.53500  5.342423102258218e+00
 3.54000  5.343869759216526e+00
 3.54500  5.345299113548262e+00
 3.55000  5.346711394698218e+00
 3.55500  5.348106829568257e+00
 3.56000  5.349485642514455e+00
 3.56500  5.350848055344792e+00
 3.57000  5.352194287317347e+00
 3.57500  5.353524555139020e+00
 3.58000  5.354839072964742e+00
 3.58500  5.356138052397163e+00
 3.59000  5.357421702486807e+00
 3.59500  5.358690229732694e+00
 3.60000  5.359943838083383e+00
 3.60500  5.361182728938460e+00
 3.61000  5.362407101150437e+00
 3.61500  5.363617151027058e+00
 3.62000  5.364813072333988e+00
 3.62500  5.365995056297907e+00
 3.63000  5.367163291609940e+00
 3.63500  5.368317964429473e+00
 3.64000  5.369459258388312e+00
 3.64500  5.370587354595172e+00
 3.65000  5.371702431640494e+00
 3.65500  5.372804665601593e+00
 3.66000  5.373894230048092e+00
 3.66500  5.374971296047677e+00
 3.67000  5.376036032172117e+00
 3.67500  5.377088604503589e+00
 3.68000  5.378129176641243e+00
 3.68500  5.379157909708061e+00
 3.69000  5.380174962357937e+00
 3.69500  5.381180490783033e+00
 3.70000  5.382174648721342e+00
 3.70500  5.383157587479495e+00
 3.71000  5.384129461403050e+00
 3.71500  5.385090436039492e+00
 3.72000  5.386040676649810e+00
 3.72500  5.386980346142297e+00
 3.73000  5.387909605080372e+00
 3.73500  5.388828611690574e+00
 3.74000  5.389737521870767e+00
 3.74500  5.390636489198507e+00
 3.75000  5.391525664939603e+00
 3.75500  5.392405198056824e+00
 3.76000  5.393275235218800e+00
 3.76500  5.394135920809046e+00
 3.77000  5.394987396935156e+00
 3.77500  5.395829803438150e+00
 3.78000  5.396663277901930e+00
 3.78500  5.397487955662901e+00
 3.79000  5.398303969819700e+00
 3.79500  5.399111451243065e+00
 3.80000  5.399910528585792e+00
 3.80500  5.400701328292845e+00
 3.81000  5.401483974611533e+00
 3.81500  5.402258589601824e+00
 3.82000  5.403025293146733e+00
 3.82500  5.403784202962816e+00
 3.83000  5.404535434610743e+00
 3.83500  5.405279101505972e+00
 3.84000  5.406015314929481e+00
 3.84500  5.406744184038598e+00
 3.85000  5.407465815877886e+00
 3.85500  5.408180315390106e+00
 3.86000  5.408887785427238e+00
 3.86500  5.409588326761569e+00
 3.87000  5.410282038096835e+00
 3.87500  5.410969016079409e+00
 3.88000  5.411649355309549e+00
 3.88500  5.412323148352693e+00
 3.89000  5.412990485750779e+00
 3.89500  5.413651456033634e+00
 3.90000  5.414306145730366e+00
 3.90500  5.414954639380824e+00
 3.91000  5.415597019547055e+00
 3.91500  5.416233366824818e+00
 3.92000  5.416863759855101e+00
 3.92500  5.417488275335669e+00
 3.93000  5.418106988032638e+00
 3.93500  5.418719970792046e+00
 3.94000  5.419327294551465e+00
 3.94500  5.419929028351590e+00
 3.95000  5.420525239347882e+00
 3.95500  5.421115992822171e+00
 3.96000  5.421701352194294e+00
 3.96500  5.422281379033732e+00
 3.97000  5.422856133071233e+00
 3.97500  5.423425672210448e+00
 3.98000  5.423990052539554e+00
 3.98500  5.424549328342875e+00
 3.99000  5.425103552112494e+00
 3.99500  5.425652774559858e+00
 4.00000  5.426197044627362e+00
 4.00500  5.426736409499939e+00
 4.01000  5.427270914616607e+00
 4.01500  5.427800603682031e+00
 4.02000  5.428325518678036e+00
 4.02500  5.428845699875125e+00
 4.03000  5.429361185843960e+00
 4.03500  5.429872013466830e+00
 4.04000  5.430378217949085e+00
 4.04500  5.430879832830549e+00
 4.05000  5.431376889996918e+00
 4.05500  5.431869419691101e+00
 4.06000  5.432357450524564e+00
 4.06500  5.432841009488618e+00
 4.07000  5.433320121965689e+00
 4.07500  5.433794811740549e+00
 4.08000  5.434265101011521e+00
 4.08500  5.434731010401627e+00
 4.09000  5.435192558969741e+00
 4.09500  5.435649764221650e+00
 4.10000  5.436102642121125e+00
 4.10500  5.436551207100932e+00
 4.11000  5.436995472073792e+00
 4.11500  5.437435448443329e+00
 4.12000  5.437871146114951e+00
 4.12500  5.438302573506699e+00
 4.13000  5.438729738720692e+00
 4.13500  5.439152675867935e+00
 4.14000  5.439571445565536e+00
 4.14500  5.439986108321031e+00
 4.15000  5.440396723294628e+00
 4.15500  5.440803348308230e+00
 4.16000  5.441206039854442e+00
 4.16500  5.441604853105531e+00
 4.17000  5.441999841922389e+00
 4.17500  5.442391058863427e+00
 4.18000  5.442778555193480e+00
 4.18500  5.443162380892655e+00
 4.19000  5.443542584665154e+00
 4.19500  5.443919213948077e+00
 4.20000  5.444292314920176e+00
 4.20500  5.444661932510590e+00
 4.21000  5.445028110407543e+00
 4.21500  5.445390891067001e+00
 4.22000  5.445750315721309e+00
 4.22500  5.446106424387774e+00
 4.23000  5.446459255877238e+00
 4.23500  5.446808847802592e+00
 4.24000  5.447155236587267e+00
 4.24500  5.447498457473679e+00
 4.25000  5.447838544531654e+00
 4.25500  5.448175530666794e+00
 4.26000  5.448509447628824e+00
 4.26500  5.448840326019883e+00
 4.27000  5.449168195302794e+00
 4.27500  5.449493083809289e+00
 4.28000  5.449815018748182e+00
 4.28500  5.450134026213530e+00
 4.29000  5.450450131192726e+00
 4.29500  5.450763357574567e+00
 4.30000  5.451073728157281e+00
 4.30500  5.451381264656517e+00
 4.31000  5.451685987713272e+00
 4.31500  5.451987916901817e+00
 4.32000  5.452287070737544e+00
 4.32500  5.452583466684784e+00
 4.33000  5.452877121164598e+00
 4.33500  5.453168049562513e+00
 4.34000  5.453456266263673e+00
 4.34500  5.453741794662611e+00
 4.35000  5.454024682074121e+00
 4.35500  5.454304978652015e+00
 4.36000  5.454582733595025e+00
 4.36500  5.454857995153507e+00
 4.37000  5.455130810636131e+00
 4.37500  5.455401226416527e+00
 4.38000  5.455669287939900e+00
 4.38500  5.455935039729618e+00
 4.39000  5.456198525393762e+00
 4.39500  5.456459787631654e+00
 4.40000  5.456718868240332e+00
 4.40500  5.456975808121009e+00
 4.41000  5.457230647285498e+00
 4.41500  5.457483424862596e+00
 4.42000  5.457734179104437e+00
 4.42500  5.457982947392817e+00
 4.43000  5.458229766245475e+00
 4.43500  5.458474671322358e+00
 4.44000  5.458717697431825e+00
 4.44500  5.458958878536849e+00
 4.45000  5.459198247761156e+00
 4.45500  5.459435837395357e+00
 4.46000  5.459671678903014e+00
 4.46500  5.459905802926711e+00
 4.47000  5.460138239294057e+00
 4.47500  5.460369017023667e+00
 4.48000  5.460598164331120e+00
 4.48500  5.460825708634864e+00
 4.49000  5.461051676562095e+00
 4.49500  5.461276093954610e+00
 4.50000  5.461498985874611e+00
 4.50500  5.461720376610485e+00
 4.51000  5.461940289682548e+00
 4.51500  5.462158747848743e+00
 4.52000  5.462375773110331e+00
 4.52500  5.462591386717521e+00
 4.53000  5.462805609175070e+00
 4.53500  5.463018460247871e+00
 4.54000  5.463229958966475e+00
 4.54500  5.463440123632607e+00
 4.55000  5.463648971824622e+00
 4.55500  5.463856520402953e+00
 4.56000  5.464062785515512e+00
 4.56500  5.464267782603042e+00
 4.57000  5.464471526404478e+00
 4.57500  5.464674030962217e+00
 4.58000  5.464875309627413e+00
 4.58500  5.465075375065188e+00
 4.59000  5.465274239259848e+00
 4.59500  5.465471913520034e+00
 4.60000  5.465668408483867e+00
 4.60500  5.465863734124044e+00
 4.61000  5.466057899752902e+00
 4.61500  5.466250914027448e+00
 4.62000  5.466442784954372e+00
 4.62500  5.466633519895000e+00
 4.63000  5.466823125570233e+00
 4.63500  5.467011608065455e+00
 4.64000  5.467198972835392e+00
 4.64500  5.467385224708959e+00
 4.65000  5.467570367894053e+00
 4.65500  5.467754405982332e+00
 4.66000  5.467937341647358e+00
 4.66500  5.468119173303202e+00
 4.67000  5.468299896359929e+00
 4.67500  5.468479505583850e+00
 4.68000  5.468657995144127e+00
 4.68500  5.468835358617428e+00
 4.69000  5.469011588992561e+00
 4.69500  5.469186678675059e+00
 4.70000  5.469360619491753e+00
 4.70500  5.469533402695297e+00
 4.71000  5.469705018968659e+00
 4.71500  5.469875458429604e+00
 4.72000  5.470044710635115e+00
 4.72500  5.470212764585800e+00
 4.73000  5.470379608730262e+00
 4.73500  5.470545230969444e+00
 4.74000  5.470709618660931e+00
 4.74500  5.470872758623230e+00
 4.75000  5.471034637140023e+00
 4.75500  5.471195239964374e+00
 4.76000  5.471354552322921e+00
 4.76500  5.471512558920030e+00
 4.77000  5.471669243941913e+00
 4.77500  5.471824591060737e+00
 4.78000  5.471978583438679e+00
 4.78500  5.472131203731963e+00
 4.79000  5.472282434094861e+00
 4.79500  5.472432256183684e+00
 4.80000  5.472580651160706e+00
 4.80500  5.472727599698106e+00
 4.81000  5.472873081981838e+00
 4.81500  5.473017077715505e+00
 4.82000  5.473159566124170e+00
 4.82500  5.473300525958184e+00
 4.83000  5.473439935496939e+00
 4.83500  5.473577772552630e+00
 4.84000  5.473714014473963e+00
 4.84500  5.473848638149842e+00
 4.85000  5.473981620013046e+00
 4.85500  5.474112936043852e+00
 4.86000  5.474242561773646e+00
 4.86500  5.474370472288499e+00
 4.87000  5.474496642232732e+00
 4.87500  5.474621045812428e+00
 4.88000  5.474743656798943e+00
 4.88500  5.474864448532372e+00
 4.89000  5.474983393924997e+00
 4.89500  5.475100465464713e+00
 4.90000  5.475215635218410e+00
 4.90500  5.475328874835355e+00
 4.91000  5.475440155550530e+00
 4.91500  5.475549448187941e+00
 4.92000  5.475656723163923e+00
 4.92500  5.475761950490399e+00
 4.93000  5.475865099778114e+00
 4.93500  5.475966140239868e+00
 4.94000  5.476065040693695e+00
 4.94500  5.476161769566033e+00
 4.95000  5.476256294894868e+00
 4.95500  5.476348584332848e+00
 4.96000  5.476438605150380e+00
 4.96500  5.476526324238702e+00
 4.97000  5.476611708112921e+00
 4.97500  5.476694722987307e+00
 4.98000  5.476775361956150e+00
 4.98500  5.476853685845235e+00
 4.99000  5.476929765616230e+00
 4.99500  5.477003671913861e+00
 5.00000  5.477075475068006e+00
 5.00500  5.477145245095754e+00
 5.01000  5.477213051703465e+00
 5.01500  5.477278964288822e+00
 5.02000  5.477343051942868e+00
 5.02500  5.477405383452030e+00
 5.03000  5.477466027300139e+00
 5.03500  5.477525051670430e+00
 5.04000  5.477582524447542e+00
 5.04500  5.477638513219506e+00
 5.05000  5.477693085279705e+00
 5.05500  5.477746307628858e+00
 5.06000  5.477798246976953e+00
 5.06500  5.477848969745200e+00
 5.07000  5.477898542067965e+00
 5.07500  5.477947029794685e+00
 5.08000  5.477994498491781e+00
 5.08500  5.478041013444557e+00
 5.09000  5.478086639659096e+00
 5.09500  5.478131441864132e+00
 5.10000  5.478175484512925e+00
 5.10500  5.478218831785119e+00
 5.11000  5.478261547588582e+00
 5.11500  5.478303695561259e+00
 5.12000  5.478345339072992e+00
 5.12500  5.478386541227329e+00
 5.13000  5.478427364863350e+00
 5.13500  5.478467872557451e+00
 5.14000  5.478508126625132e+00
 5.14500  5.478548189122777e+00
 5.15000  5.478588121849418e+00
 5.15500  5.478627986348493e+00
 5.16000  5.478667843909596e+00
 5.16500  5.478707755570202e+00
 5.17000  5.478747782117402e+00
 5.17500  5.478787984089622e+00
 5.18000  5.478828421778323e+00
 5.18500  5.478869155229692e+00
 5.19000  5.478910244246343e+00
 5.19500  5.478951748388980e+00
 5.20000  5.478993726978072e+00
 5.20500  5.479035664785601e+00
 5.21000  5.479077561890305e+00
 5.21500  5.479119418370693e+00
 5.22000  5.479161234305047e+00
 5.22500  5.479203009771425e+00
 5.23000  5.479244744847661e+00
 5.23500  5.479286439611363e+00
 5.24000  5.479328094139915e+00
 5.24500  5.479369708510484e+00
 5.25000  5.479411282800009e+00
 5.25500  5.479452817085212e+00
 5.26000  5.479494311442596e+00
 5.26500  5.479535765948442e+00
 5.27000  5.479577180678818e+00
 5.27500  5.479618555709568e+00
 5.28000  5.479659891116328e+00
 5.28500  5.479701186974510e+00
 5.29000  5.479742443359317e+00
 5.29500  5.479783660345736e+00
 5.30000  5.479824838008541e+00
 5.30500  5.479865976422293e+00
 5.31000  5.479907075661345e+00
 5.31500  5.479948135799837e+00
 5.32000  5.479989156911694e+00
 5.32500  5.480030139070641e+00
 5.33000  5.480071082350189e+00
 5.33500  5.480111986823644e+00
 5.34000  5.480152852564103e+00
 5.34500  5.480193679644459e+00
 5.35000  5.480234468137398e+00
 5.35500  5.480275218115404e+00
 5.36000  5.480315929650754e+00
 5.36500  5.480356602815526e+00
 5.37000  5.480397237681591e+00
 5.37500  5.480437834320623e+00
 5.38000  5.480478392804095e+00
 5.38500  5.480518913203278e+00
 5.39000  5.480559395589244e+00
 5.39500  5.480599840032867e+00
 5.40000  5.480640246604826e+00
 5.40500  5.480680615375598e+00
 5.41000  5.480720946415468e+00
 5.41500  5.480761239794523e+00
 5.42000  5.480801495582657e+00
 5.42500  5.480841713849570e+00
 5.43000  5.480881894664766e+00
 5.43500  5.480922038097559e+00
 5.44000  5.480962144217072e+00
 5.44500  5.481002213092233e+00
 5.45000  5.481042244791782e+00
 5.45500  5.481082239384269e+00
 5.46000  5.481122196938055e+00
 5.46500  5.481162117521314e+00
 5.47000  5.481202001202028e+00
 5.47500  5.481241848047996e+00
 5.48000  5.481281658126830e+00
 5.48500  5.481321431505954e+00
 5.49000  5.481361168252611e+00
 5.49500  5.481400868433856e+00
 5.50000  5.481440532116561e+00
 5.50500  5.481480159367417e+00
 5.51000  5.481519750252933e+00
 5.51500  5.481559304839432e+00
 5.52000  5.481598823193061e+00
 5.52500  5.481638305379783e+00
 5.53000  5.481677751465384e+00
 5.53500  5.481717161515473e+00
 5.54000  5.481756535595472e+00
 5.54500  5.481795873770634e+00
 5.55000  5.481835176106033e+00
 5.55500  5.481874442666564e+00
 5.56000  5.481913673516946e+00
 5.56500  5.481952868721728e+00
 5.57000  5.481992028345278e+00
 5.57500  5.482031152451795e+00
 5.58000  5.482070241105301e+00
 5.58500  5.482109294369651e+00
 5.59000  5.482148312308519e+00
 5.59500  5.482187294985416e+00
 5.60000  5.482226242463678e+00
 5.60500  5.482265154806472e+00
 5.61000  5.482304032076796e+00
 5.61500  5.482342874337474e+00
 5.62000  5.482381681651172e+00
 5.62500  5.482420454080377e+00
 5.63000  5.482459191687418e+00
 5.63500  5.482497894534450e+00
 5.64000  5.482536562683467e+00
 5.64500  5.482575196196294e+00
 5.65000  5.482613795134594e+00
 5.65500  5.482652359559867e+00
 5.66000  5.482690889533445e+00
 5.66500  5.482729385116500e+00
 5.67000  5.482767846370041e+00
 5.67500  5.482806273354912e+00
 5.68000  5.482844666131801e+00
 5.68500  5.482883024761235e+00
 5.69000  5.482921349303574e+00
 5.69500  5.482959639819025e+00
 5.70000  5.482997896367634e+00
 5.70500  5.483036119009287e+00
 5.71000  5.483074307803713e+00
 5.71500  5.483112462810486e+00
 5.72000  5.483150584089020e+00
 5.72500  5.483188671698573e+00
 5.73000  5.483226725698248e+00
 5.73500  5.483264746146995e+00
 5.74000  5.483302733103605e+00
 5.74500  5.483340686626716e+00
 5.75000  5.483378606774816e+00
 5.75500  5.483416493606237e+00
 5.76000  5.483454347179156e+00
 5.76500  5.483492167551604e+00
 5.77000  5.483529954781456e+00
 5.77500  5.483567708926437e+00
 5.78000  5.483605430044124e+00
 5.78500  5.483643118191938e+00
 5.79000  5.483680773427159e+00
 5.79500  5.483718395806912e+00
 5.80000  5.483755985388176e+00
 5.80500  5.483793542227781e+00
 5.81000  5.483831066382413e+00
 5.81500  5.483868557908604e+00
 5.82000  5.483906016862748e+00
 5.82500  5.483943443301087e+00
 5.83000  5.483980837279723e+00
 5.83500  5.484018198854610e+00
 5.84000  5.484055528081555e+00
 5.84500  5.484092825016228e+00
 5.85000  5.484130089714149e+00
 5.85500  5.484167322230700e+00
 5.86000  5.484204522621120e+00
 5.86500  5.484241690940501e+00
 5.87000  5.484278827243802e+00
 5.87500  5.484315931585834e+00
 5.88000  5.484353004021272e+00
 5.88500  5.484390044604647e+00
 5.89000  5.484427053390355e+00
 5.89500  5.484464030432654e+00
 5.90000  5.484500975785653e+00
 5.90500  5.484537889503338e+00
 5.91000  5.484574771639545e+00
 5.91500  5.484611622247981e+00
 5.92000  5.484648441382211e+00
 5.92500  5.484685229095668e+00
 5.93000  5.484721985441646e+00
 5.93500  5.484758710473305e+00
 5.94000  5.484795404243672e+00
 5.94500  5.484832066805637e+00
 5.95000  5.484868698211959e+00
 5.95500  5.484905298515259e+00
 5.96000  5.484941867768028e+00
 5.96500  5.484978406022626e+00
 5.97000  5.485014913331279e+00
 5.97500  5.485051389746080e+00
 5.98000  5.485087835318993e+00
 5.98500  5.485124250101852e+00
 5.99000  5.485160634146357e+00
 5.99500  5.485196987504082e+00
 6.00000  5.485233310226469e+00
 6.00500  5.485269602364832e+00
 6.01000  5.485305863970357e+00
 6.01500  5.485342095094102e+00
 6.02000  5.485378295786994e+00
 6.02500  5.485414466099837e+00
 6.03000  5.485450606083303e+00
 6.03500  5.485486715787947e+00
 6.04000  5.485522795264185e+00
 6.04500  5.485558844562319e+00
 6.05000  5.485594863732519e+00
 6.05500  5.485630852824832e+00
 6.06000  5.485666811889180e+00
 6.06500  5.485702740975364e+00
 6.07000  5.485738640133058e+00
 6.07500  5.485774509411814e+00
 6.08000  5.485810348861061e+00
 6.08500  5.485846158530106e+00
 6.09000  5.485881938468136e+00
 6.09500  5.485917688724212e+00
 6.10000  5.485953409347278e+00
 6.10500  5.485989100386155e+00
 6.11000  5.486024761889543e+00
 6.11500  5.486060393906026e+00
 6.12000  5.486095996484065e+00
 6.12500  5.486131569672001e+00
 6.13000  5.486167113518061e+00
 6.13500  5.486202628070347e+00
 6.14000  5.486238113376849e+00
 6.14500  5.486273569485436e+00
 6.15000  5.486308996443862e+00
 6.15500  5.486344394299760e+00
 6.16000  5.486379763100652e+00
 6.16500  5.486415102893941e+00
 6.17000  5.486450413726913e+00
 6.17500  5.486485695646742e+00
 6.18000  5.486520948700485e+00
 6.18500  5.486556172935083e+00
 6.19000  5.486591368397367e+00
 6.19500  5.486626535134050e+00
 6.20000  5.486661673191734e+00
 6.20500  5.486696782616907e+00
 6.21000  5.486731863455945e+00
 6.21500  5.486766915755109e+00
 6.22000  5.486801939560553e+00
 6.22500  5.486836934918313e+00
 6.23000  5.486871901874318e+00
 6.23500  5.486906840474387e+00
 6.24000  5.486941750764224e+00
 6.24500  5.486976632789428e+00
 6.25000  5.487011486595483e+00
 6.25500  5.487046312227767e+00
 6.26000  5.487081109731547e+00
 6.26500  5.487115879151983e+00
 6.27000  5.487150620534126e+00
 6.27500  5.487185333922914e+00
 6.28000  5.487220019363187e+00
 6.28500  5.487254676899671e+00
 6.29000  5.487289306576984e+00
 6.29500  5.487323908439640e+00
 6.30000  5.487358482532045e+00
 6.30500  5.487393028898502e+00
 6.31000  5.487427547583205e+00
 6.31500  5.487462038630245e+00
 6.32000  5.487496502083603e+00
 6.32500  5.487530937987161e+00
 6.33000  5.487565346384696e+00
 6.33500  5.487599727319877e+00
 6.34000  5.487634080836274e+00
 6.34500  5.487668406977348e+00
 6.35000  5.487702705786464e+00
 6.35500  5.487736977306877e+00
 6.36000  5.487771221581747e+00
 6.36500  5.487805438654124e+00
 6.37000  5.487839628566961e+00
 6.37500  5.487873791363109e+00
 6.38000  5.487907927085319e+00
 6.38500  5.487942035776238e+00
 6.39000  5.487976117478414e+00
 6.39500  5.488010172234295e+00
 6.40000  5.488044200086232e+00
 6.40500  5.488078201076468e+00
 6.41000  5.488112175247157e+00
 6.41500  5.488146122640347e+00
 6.42000  5.488180043297989e+00
 6.42500  5.488213937261939e+00
 6.43000  5.488247804573950e+00
 6.43500  5.488281645275681e+00
 6.44000  5.488315459408690e+00
 6.44500  5.488349247014440e+00
 6.45000  5.488383008134302e+00
 6.45500  5.488416742809540e+00
 6.46000  5.488450451081331e+00
 6.46500  5.488484132990751e+00
 6.47000  5.488517788578781e+00
 6.47500  5.488551417886310e+00
 6.48000  5.488585020954128e+00
 6.48500  5.488618597822932e+00
 6.49000  5.488652148533326e+00
 6.49500  5.488685673125817e+00
 6.50000  5.488719171640819e+00
 6.50500  5.488752644118654e+00
 6.51000  5.488786090599548e+00
 6.51500  5.488819511123639e+00
 6.52000  5.488852905730966e+00
 6.52500  5.488886274461478e+00
 6.53000  5.488919617355034e+00
 6.53500  5.488952934451399e+00
 6.54000  5.488986225790248e+00
 6.54500  5.489019491411162e+00
 6.55000  5.489052731353634e+00
 6.55500  5.489085945657063e+00
 6.56000  5.489119134360761e+00
 6.56500  5.489152297503948e+00
 6.57000  5.489185435125756e+00
 6.57500  5.489218547265223e+00
 6.58000  5.489251633961300e+00
 6.58500  5.489284695252853e+00
 6.59000  5.489317731178653e+00
 6.59500  5.489350741777384e+00
 6.60000  5.489383727087646e+00
 6.60500  5.489416687147946e+00
 6.61000  5.489449621996703e+00
 6.61500  5.489482531672254e+00
 6.62000  5.489515416212843e+00
 6.62500  5.489548275656628e+00
 6.63000  5.489581110041686e+00
 6.63500  5.489613919406001e+00
 6.64000  5.489646703787471e+00
 6.64500  5.489679463223914e+00
 6.65000  5.489712197753056e+00
 6.65500  5.489744907412541e+00
 6.66000  5.489777592239927e+00
 6.66500  5.489810252272687e+00
 6.67000  5.489842887548210e+00
 6.67500  5.489875498103800e+00
 6.68000  5.489908083976678e+00
 6.68500  5.489940645203979e+00
 6.69000  5.489973181822756e+00
 6.69500  5.490005693869978e+00
 6.70000  5.490038181382534e+00
 6.70500  5.490070644397224e+00
 6.71000  5.490103082950770e+00
 6.71500  5.490135497079812e+00
 6.72000  5.490167886820903e+00
 6.72500  5.490200252210520e+00
 6.73000  5.490232593285056e+00
 6.73500  5.490264910080821e+00
 6.74000  5.490297202634046e+00
 6.74500  5.490329470980881e+00
 6.75000  5.490361715157395e+00
 6.75500  5.490393935199576e+00
 6.76000  5.490426131143330e+00
 6.76500  5.490458303024489e+00
 6.77000  5.490490450878801e+00
 6.77500  5.490522574741934e+00
 6.78000  5.490554674649475e+00
 6.78500  5.490586750636941e+00
 6.79000  5.490618802739760e+00
 6.79500  5.490650830993286e+00
 6.80000  5.490682835432795e+00
 6.80500  5.490714816093487e+00
 6.81000  5.490746773010476e+00
 6.81500  5.490778706218807e+00
 6.82000  5.490810615753445e+00
 6.82500  5.490842501649276e+00
 6.83000  5.490874363941109e+00
 6.83500  5.490906202663680e+00
 6.84000  5.490938017851647e+00
 6.84500  5.490969809539588e+00
 6.85000  5.491001577762010e+00
 6.85500  5.491033322553342e+00
 6.86000  5.491065043947936e+00
 6.86500  5.491096741980073e+00
 6.87000  5.491128416683952e+00
 6.87500  5.491160068093704e+00
 6.88000  5.491191696243384e+00
 6.88500  5.491223301166966e+00
 6.89000  5.491254882898359e+00
 6.89500  5.491286441471391e+00
 6.90000  5.491317976919819e+00
 6.90500  5.491349489277329e+00
 6.91000  5.491380978577528e+00
 6.91500  5.491412444853952e+00
 6.92000  5.491443888140067e+00
 6.92500  5.491475308469262e+00
 6.93000  5.491506705874857e+00
 6.93500  5.491538080390095e+00
 6.94000  5.491569432048152e+00
 6.94500  5.491600760882129e+00
 6.95000  5.491632066925058e+00
 6.95500  5.491663350209894e+00
 6.96000  5.491694610769526e+00
 6.96500  5.491725848636769e+00
 6.97000  5.491757063844373e+00
 6.97500  5.491788256425006e+00
 6.98000  5.491819426411277e+00
 6.98500  5.491850573835716e+00
 6.99000  5.491881698730790e+00
 6.99500  5.491912801128890e+00
 7.00000  5.491943881062342e+00
 7.00500  5.491974938563398e+00
 7.01000  5.492005973664247e+00
 7.01500  5.492036986397002e+00
 7.02000  5.492067976793713e+00
 7.02500  5.492098944886356e+00
 7.03000  5.492129890706842e+00
 7.03500  5.492160814287014e+00
 7.04000  5.492191715658644e+00
 7.04500  5.492222594853438e+00
 7.05000  5.492253451903037e+00
 7.05500  5.492284286839006e+00
 7.06000  5.492315099692853e+00
 7.06500  5.492345890496011e+00
 7.07000  5.492376659279850e+00
 7.07500  5.492407406075672e+00
 7.08000  5.492438130914715e+00
 7.08500  5.492468833828145e+00
 7.09000  5.492499514847067e+00
 7.09500  5.492530174002518e+00
 7.10000  5.492560811325467e+00
 7.10500  5.492591426846822e+00
 7.11000  5.492622020597423e+00
 7.11500  5.492652592608044e+00
 7.12000  5.492683142909396e+00
 7.12500  5.492713671532123e+00
 7.13000  5.492744178506803e+00
 7.13500  5.492774663863957e+00
 7.14000  5.492805127634030e+00
 7.14500  5.492835569847413e+00
 7.15000  5.492865990534427e+00
 7.15500  5.492896389725334e+00
 7.16000  5.492926767450327e+00
 7.16500  5.492957123739539e+00
 7.17000  5.492987458623039e+00
 7.17500  5.493017772130832e+00
 7.18000  5.493048064292861e+00
 7.18500  5.493078335139008e+00
 7.19000  5.493108584699087e+00
 7.19500  5.493138813002854e+00
 7.20000  5.493169020080004e+00
 7.20500  5.493199205960167e+00
 7.21000  5.493229370672911e+00
 7.21500  5.493259514247741e+00
 7.22000  5.493289636714106e+00
 7.22500  5.493319738101389e+00
 7.23000  5.493349818438914e+00
 7.23500  5.493379877755942e+00
 7.24000  5.493409916081673e+00
 7.24500  5.493439933445250e+00
 7.25000  5.493469929875750e+00
 7.25500  5.493499905402194e+00
 7.26000  5.493529860053543e+00
 7.26500  5.493559793858692e+00
 7.27000  5.493589706846485e+00
 7.27500  5.493619599045698e+00
 7.28000  5.493649470485054e+00
 7.28500  5.493679321193213e+00
 7.29000  5.493709151198776e+00
 7.29500  5.493738960530286e+00
 7.30000  5.493768749216227e+00
 7.30500  5.493798517285023e+00
 7.31000  5.493828264765042e+00
 7.31500  5.493857991684590e+00
 7.32000  5.493887698071918e+00
 7.32500  5.493917383955218e+00
 7.33000  5.493947049362623e+00
 7.33500  5.493976694322209e+00
 7.34000  5.494006318861996e+00
 7.34500  5.494035923009942e+00
 7.35000  5.494065506793954e+00
 7.35500  5.494095070241878e+00
 7.36000  5.494124613381501e+00
 7.36500  5.494154136240558e+00
 7.37000  5.494183638846724e+00
 7.37500  5.494213121227620e+00
 7.38000  5.494242583410809e+00
 7.38500  5.494272025423796e+00
 7.39000  5.494301447294033e+00
 7.39500  5.494330849048916e+00
 7.40000  5.494360230715785e+00
 7.40500  5.494389592321920e+00
 7.41000  5.494418933894553e+00
 7.41500  5.494448255460855e+00
 7.42000  5.494477557047945e+00
 7.42500  5.494506838682886e+00
 7.43000  5.494536100392684e+00
 7.43500  5.494565342204294e+00
 7.44000  5.494594564144615e+00
 7.44500  5.494623766240490e+00
 7.45000  5.494652948518709e+00
 7.45500  5.494682111006009e+00
 7.46000  5.494711253729071e+00
 7.46500  5.494740376714525e+00
 7.47000  5.494769479988943e+00
 7.47500  5.494798563578848e+00
 7.48000  5.494827627510706e+00
 7.48500  5.494856671810930e+00
 7.49000  5.494885696505884e+00
 7.49500  5.494914701621876e+00
 7.50000  5.494943687185159e+00
 7.50500  5.494972653221939e+00
 7.51000  5.495001599758363e+00
 7.51500  5.495030526820530e+00
 7.52000  5.495059434434486e+00
 7.52500  5.495088322626224e+00
 7.53000  5.495117191421685e+00
 7.53500  5.495146040846759e+00
 7.54000  5.495174870927284e+00
 7.54500  5.495203681689045e+00
 7.55000  5.495232473157778e+00
 7.55500  5.495261245359167e+00
 7.56000  5.495289998318841e+00
 7.56500  5.495318732062386e+00
 7.57000  5.495347446615331e+00
 7.57500  5.495376142003154e+00
 7.58000  5.495404818251285e+00
 7.58500  5.495433475385104e+00
 7.59000  5.495462113429936e+00
 7.59500  5.495490732411063e+00
 7.60000  5.495519332353710e+00
 7.60500  5.495547913283055e+00
 7.61000  5.495576475224229e+00
 7.61500  5.495605018202307e+00
 7.62000  5.495633542242319e+00
 7.62500  5.495662047369246e+00
 7.63000  5.495690533608016e+00
 7.63500  5.495719000983512e+00
 7.64000  5.495747449520564e+00
 7.64500  5.495775879243957e+00
 7.65000  5.495804290178425e+00
 7.65500  5.495832682348651e+00
 7.66000  5.495861055779274e+00
 7.66500  5.495889410494883e+00
 7.67000  5.495917746520019e+00
 7.67500  5.495946063879172e+00
 7.68000  5.495974362596789e+00
 7.68500  5.496002642697262e+00
 7.69000  5.496030904204944e+00
 7.69500  5.496059147144135e+00
 7.70000  5.496087371539086e+00
 7.70500  5.496115577414005e+00
 7.71000  5.496143764793049e+00
 7.71500  5.496171933700332e+00
 7.72000  5.496200084159916e+00
 7.72500  5.496228216195821e+00
 7.73000  5.496256329832016e+00
 7.73500  5.496284425092425e+00
 7.74000  5.496312502000927e+00
 7.74500  5.496340560581351e+00
 7.75000  5.496368600857485e+00
 7.75500  5.496396622853065e+00
 7.76000  5.496424626591785e+00
 7.76500  5.496452612097291e+00
 7.77000  5.496480579393183e+00
 7.77500  5.496508528503018e+00
 7.78000  5.496536459450303e+00
 7.78500  5.496564372258506e+00
 7.79000  5.496592266951041e+00
 7.79500  5.496620143551285e+00
 7.80000  5.496648002082565e+00
 7.80500  5.496675842568163e+00
 7.81000  5.496703665031320e+00
 7.81500  5.496731469495227e+00
 7.82000  5.496759255983035e+00
 7.82500  5.496787024517848e+00
 7.83000  5.496814775122725e+00
 7.83500  5.496842507820682e+00
 7.84000  5.496870222634691e+00
 7.84500  5.496897919587679e+00
 7.85000  5.496925598702530e+00
 7.85500  5.496953260002083e+00
 7.86000  5.496980903509133e+00
 7.86500  5.497008529246433e+00
 7.87000  5.497036137236692e+00
 7.87500  5.497063727502574e+00
 7.88000  5.497091300066701e+00
 7.88500  5.497118854951652e+00
 7.89000  5.497146392179962e+00
 7.89500  5.497173911774125e+00
 7.90000  5.497201413756589e+00
 7.90500  5.497228898149762e+00
 7.91000  5.497256364976007e+00
 7.91500  5.497283814257647e+00
 7.92000  5.497311246016960e+00
 7.92500  5.497338660276185e+00
 7.93000  5.497366057057515e+00
 7.93500  5.497393436383102e+00
 7.94000  5.497420798275058e+00
 7.94500  5.497448142755450e+00
 7.95000  5.497475469846307e+00
 7.95500  5.497502779569614e+00
 7.96000  5.497530071947311e+00
 7.96500  5.497557347001305e+00
 7.97000  5.497584604753454e+00
 7.97500  5.497611845225578e+00
 7.98000  5.497639068439454e+00
 7.98500  5.497666274416821e+00
 7.99000  5.497693463179374e+00
 7.99500  5.497720634748769e+00
 8.00000  5.497747789146619e+00
 8.00500  5.497774926394500e+00
 8.01000  5.497802046513945e+00
 8.01500  5.497829149526446e+00
 8.02000  5.497856235453456e+00
 8.02500  5.497883304316386e+00
 8.03000  5.497910356136611e+00
 8.03500  5.497937390935460e+00
 8.04000  5.497964408734227e+00
 8.04500  5.497991409554165e+00
 8.05000  5.498018393416483e+00
 8.05500  5.498045360342357e+00
 8.06000  5.498072310352920e+00
 8.06500  5.498099243469264e+00
 8.07000  5.498126159712446e+00
 8.07500  5.498153059103479e+00
 8.08000  5.498179941663339e+00
 8.08500  5.498206807412965e+00
 8.09000  5.498233656373253e+00
 8.09500  5.498260488565064e+00
 8.10000  5.498287304009217e+00
 8.10500  5.498314102726494e+00
 8.11000  5.498340884737638e+00
 8.11500  5.498367650063352e+00
 8.12000  5.498394398724305e+00
 8.12500  5.498421130741124e+00
 8.13000  5.498447846134398e+00
 8.13500  5.498474544924678e+00
 8.14000  5.498501227132479e+00
 8.14500  5.498527892778275e+00
 8.15000  5.498554541882508e+00
 8.15500  5.498581174465571e+00
 8.16000  5.498607790547832e+00
 8.16500  5.498634390149613e+00
 8.17000  5.498660973291203e+00
 8.17500  5.498687539992852e+00
 8.18000  5.498714090274771e+00
 8.18500  5.498740624157137e+00
 8.19000  5.498767141660088e+00
 8.19500  5.498793642803725e+00
 8.20000  5.498820127608114e+00
 8.20500  5.498846596093282e+00
 8.21000  5.498873048279218e+00
 8.21500  5.498899484185880e+00
 8.22000  5.498925903833181e+00
 8.22500  5.498952307241007e+00
 8.23000  5.498978694429200e+00
 8.23500  5.499005065417570e+00
 8.24000  5.499031420225889e+00
 8.24500  5.499057758873893e+00
 8.25000  5.499084081381284e+00
 8.25500  5.499110387767723e+00
 8.26000  5.499136678052841e+00
 8.26500  5.499162952256230e+00
 8.27000  5.499189210397447e+00
 8.27500  5.499215452496014e+00
 8.28000  5.499241678571418e+00
 8.28500  5.499267888643106e+00
 8.29000  5.499294082730497e+00
 8.29500  5.499320260852969e+00
 8.30000  5.499346423029867e+00
 8.30500  5.499372569280500e+00
 8.31000  5.499398699624146e+00
 8.31500  5.499424814080041e+00
 8.32000  5.499450912667392e+00
 8.32500  5.499476995405368e+00
 8.33000  5.499503062313107e+00
 8.33500  5.499529113409707e+00
 8.34000  5.499555148714236e+00
 8.34500  5.499581168245728e+00
 8.35000  5.499607172023178e+00
 8.35500  5.499633160065549e+00
 8.36000  5.499659132391775e+00
 8.36500  5.499685089020746e+00
 8.37000  5.499711029971328e+00
 8.37500  5.499736955262344e+00
 8.38000  5.499762864912592e+00
 8.38500  5.499788758940828e+00
 8.39000  5.499814637365781e+00
 8.39500  5.499840500206141e+00
 8.40000  5.499866347480570e+00
 8.40500  5.499892179207691e+00
 8.41000  5.499917995406099e+00
 8.41500  5.499943796094351e+00
 8.42000  5.499969581290974e+00
 8.42500  5.499995351014459e+00
 8.43000  5.500021105283269e+00
 8.43500  5.500046844115825e+00
 8.44000  5.500072567530529e+00
 8.44500  5.500098275545735e+00
 8.45000  5.500123968179774e+00
 8.45500  5.500149645450942e+00
 8.46000  5.500175307377501e+00
 8.46500  5.500200953977684e+00
 8.47000  5.500226585269686e+00
 8.47500  5.500252201271676e+00
 8.48000  5.500277802001785e+00
 8.48500  5.500303387478117e+00
 8.49000  5.500328957718740e+00
 8.49500  5.500354512741691e+00
 8.50000  5.500380052564975e+00
 8.50500  5.500405577206567e+00
 8.51000  5.500431086684407e+00
 8.51500  5.500456581016406e+00
 8.52000  5.500482060220444e+00
 8.52500  5.500507524314363e+00
 8.53000  5.500532973315984e+00
 8.53500  5.500558407243087e+00
 8.54000  5.500583826113425e+00
 8.54500  5.500609229944720e+00
 8.55000  5.500634618754662e+00
 8.55500  5.500659992560909e+00
 8.56000  5.500685351381087e+00
 8.56500  5.500710695232796e+00
 8.57000  5.500736024133603e+00
 8.57500  5.500761338101037e+00
 8.58000  5.500786637152607e+00
 8.58500  5.500811921305785e+00
 8.59000  5.500837190578014e+00
 8.59500  5.500862444986707e+00
 8.60000  5.500887684549244e+00
 8.60500  5.500912909282979e+00
 8.61000  5.500938119205232e+00
 8.61500  5.500963314333291e+00
 8.62000  5.500988494684421e+00
 8.62500  5.501013660275850e+00
 8.63000  5.501038811124779e+00
 8.63500  5.501063947248378e+00
 8.64000  5.501089068663787e+00
 8.64500  5.501114175388118e+00
 8.65000  5.501139267438450e+00
 8.65500  5.501164344831835e+00
 8.66000  5.501189407585296e+00
 8.66500  5.501214455715822e+00
 8.67000  5.501239489240378e+00
 8.67500  5.501264508175894e+00
 8.68000  5.501289512539276e+00
 8.68500  5.501314502347397e+00
 8.69000  5.501339477617103e+00
 8.69500  5.501364438365208e+00
 8.70000  5.501389384608500e+00
 8.70500  5.501414316363737e+00
 8.71000  5.501439233647648e+00
 8.71500  5.501464136476931e+00
 8.72000  5.501489024868257e+00
 8.72500  5.501513898838271e+00
 8.73000  5.501538758403582e+00
 8.73500  5.501563603580778e+00
 8.74000  5.501588434386416e+00
 8.74500  5.501613250837022e+00
 8.75000  5.501638052949094e+00
 8.75500  5.501662840739105e+00
 8.76000  5.501687614223498e+00
 8.76500  5.501712373418686e+00
 8.77000  5.501737118341055e+00
 8.77500  5.501761849006964e+00
 8.78000  5.501786565432743e+00
 8.78500  5.501811267634693e+00
 8.79000  5.501835955629090e+00
 8.79500  5.501860629432178e+00
 8.80000  5.501885289060177e+00
 8.80500  5.501909934529277e+00
 8.81000  5.501934565855639e+00
 8.81500  5.501959183055403e+00
 8.82000  5.501983786144673e+00
 8.82500  5.502008375139531e+00
 8.83000  5.502032950056031e+00
 8.83500  5.502057510910195e+00
 8.84000  5.502082057718023e+00
 8.84500  5.502106590495488e+00
 8.85000  5.502131109258531e+00
 8.85500  5.502155614023073e+00
 8.86000  5.502180104804997e+00
 8.86500  5.502204581620171e+00
 8.87000  5.502229044484429e+00
 8.87500  5.502253493413581e+00
 8.88000  5.502277928423407e+00
 8.88500  5.502302349529664e+00
 8.89000  5.502326756748081e+00
 8.89500  5.502351150094358e+00
 8.90000  5.502375529584174e+00
 8.90500  5.502399895233173e+00
 8.91000  5.502424247056982e+00
 8.91500  5.502448585071194e+00
 8.92000  5.502472909291382e+00
 8.92500  5.502497219733087e+00
 8.93000  5.502521516411827e+00
 8.93500  5.502545799343093e+00
 8.94000  5.502570068542350e+00
 8.94500  5.502594324025038e+00
 8.95000  5.502618565806568e+00
 8.95500  5.502642793902329e+00
 8.96000  5.502667008327683e+00
 8.96500  5.502691209097963e+00
 8.97000  5.502715396228481e+00
 8.97500  5.502739569734520e+00
 8.98000  5.502763729631337e+00
 8.98500  5.502787875934168e+00
 8.99000  5.502812008658218e+00
 8.99500  5.502836127818670e+00
 9.00000  5.502860233430679e+00
 9.00500  5.502884325509379e+00
 9.01000  5.502908404069873e+00
 9.01500  5.502932469127243e+00
 9.02000  5.502956520696543e+00
 9.02500  5.502980558792805e+00
 9.03000  5.503004583431035e+00
 9.03500  5.503028594626210e+00
 9.04000  5.503052592393287e+00
 9.04500  5.503076576747198e+00
 9.05000  5.503100547702845e+00
 9.05500  5.503124505275112e+00
 9.06000  5.503148449478855e+00
 9.06500  5.503172380328903e+00
 9.07000  5.503196297840065e+00
 9.07500  5.503220202027122e+00
 9.08000  5.503244092904830e+00
 9.08500  5.503267970487925e+00
 9.09000  5.503291834791115e+00
 9.09500  5.503315685829085e+00
 9.10000  5.503339523616493e+00
 9.10500  5.503363348167976e+00
 9.11000  5.503387159498145e+00
 9.11500  5.503410957621591e+00
 9.12000  5.503434742552873e+00
 9.12500  5.503458514306533e+00
 9.13000  5.503482272897084e+00
 9.13500  5.503506018339022e+00
 9.14000  5.503529750646810e+00
 9.14500  5.503553469834894e+00
 9.15000  5.503577175917695e+00
 9.15500  5.503600868909606e+00
 9.16000  5.503624548825004e+00
 9.16500  5.503648215678234e+00
 9.17000  5.503671869483624e+00
 9.17500  5.503695510255474e+00
 9.18000  5.503719138008065e+00
 9.18500  5.503742752755651e+00
 9.19000  5.503766354512463e+00
 9.19500  5.503789943292711e+00
 9.20000  5.503813519110579e+00
 9.20500  5.503837081980229e+00
 9.21000  5.503860631915799e+00
 9.21500  5.503884168931408e+00
 9.22000  5.503907693041146e+00
 9.22500  5.503931204259082e+00
 9.23000  5.503954702599264e+00
 9.23500  5.503978188075718e+00
 9.24000  5.504001660702441e+00
 9.24500  5.504025120493412e+00
 9.25000  5.504048567462587e+00
 9.25500  5.504072001623900e+00
 9.26000  5.504095422991261e+00
 9.26500  5.504118831578555e+00
 9.27000  5.504142227399647e+00
 9.27500  5.504165610468382e+00
 9.28000  5.504188980798579e+00
 9.28500  5.504212338404035e+00
 9.29000  5.504235683298525e+00
 9.29500  5.504259015495800e+00
 9.30000  5.504282335009593e+00
 9.30500  5.504305641853613e+00
 9.31000  5.504328936041544e+00
 9.31500  5.504352217587051e+00
 9.32000  5.504375486503776e+00
 9.32500  5.504398742805338e+00
 9.33000  5.504421986505338e+00
 9.33500  5.504445217617347e+00
 9.34000  5.504468436154923e+00
 9.34500  5.504491642131597e+00
 9.35000  5.504514835560880e+00
 9.35500  5.504538016456258e+00
 9.36000  5.504561184831203e+00
 9.36500  5.504584340699155e+00
 9.37000  5.504607484073543e+00
 9.37500  5.504630614967765e+00
 9.38000  5.504653733395204e+00
 9.38500  5.504676839369218e+00
 9.39000  5.504699932903145e+00
 9.39500  5.504723014010303e+00
 9.40000  5.504746082703985e+00
 9.40500  5.504769138997466e+00
 9.41000  5.504792182903997e+00
 9.41500  5.504815214436812e+00
 9.42000  5.504838233609119e+00
 9.42500  5.504861240434107e+00
 9.43000  5.504884234924948e+00
 9.43500  5.504907217094782e+00
 9.44000  5.504930186956742e+00
 9.44500  5.504953144523929e+00
 9.45000  5.504976089809428e+00
 9.45500  5.504999022826302e+00
 9.46000  5.505021943587598e+00
 9.46500  5.505044852106330e+00
 9.47000  5.505067748395506e+00
 9.47500  5.505090632468103e+00
 9.48000  5.505113504337081e+00
 9.48500  5.505136364015382e+00
 9.49000  5.505159211515922e+00
 9.49500  5.505182046851600e+00
 9.50000  5.505204870035294e+00
 9.50500  5.505227681079861e+00
 9.51000  5.505250479998140e+00
 9.51500  5.505273266802945e+00
 9.52000  5.505296041507075e+00
 9.52500  5.505318804123304e+00
 9.53000  5.505341554664390e+00
 9.53500  5.505364293143067e+00
 9.54000  5.505387019572053e+00
 9.54500  5.505409733964042e+00
 9.55000  5.505432436331711e+00
 9.55500  5.505455126687715e+00
 9.56000  5.505477805044690e+00
 9.56500  5.505500471415252e+00
 9.57000  5.505523125811997e+00
 9.57500  5.505545768247502e+00
 9.58000  5.505568398734321e+00
 9.58500  5.505591017284995e+00
 9.59000  5.505613623912037e+00
 9.59500  5.505636218627948e+00
 9.60000  5.505658801445203e+00
 9.60500  5.505681372376261e+00
 9.61000  5.505703931433563e+00
 9.61500  5.505726478629525e+00
 9.62000  5.505749013976549e+00
 9.62500  5.505771537487014e+00
 9.63000  5.505794049173283e+00
 9.63500  5.505816549047696e+00
 9.64000  5.505839037122578e+00
 9.64500  5.505861513410228e+00
 9.65000  5.505883977922934e+00
 9.65500  5.505906430672959e+00
 9.66000  5.505928871672549e+00
 9.66500  5.505951300933932e+00
 9.67000  5.505973718469314e+00
 9.67500  5.505996124290884e+00
 9.68000  5.506018518410813e+00
 9.68500  5.506040900841250e+00
 9.69000  5.506063271594329e+00
 9.69500  5.506085630682160e+00
 9.70000  5.506107978116840e+00
 9.70500  5.506130313910443e+00
 9.71000  5.506152638075027e+00
 9.71500  5.506174950622629e+00
 9.72000  5.506197251565269e+00
 9.72500  5.506219540914948e+00
 9.73000  5.506241818683647e+00
 9.73500  5.506264084883332e+00
 9.74000  5.506286339525945e+00
 9.74500  5.506308582623417e+00
 9.75000  5.506330814187653e+00
 9.75500  5.506353034230543e+00
 9.76000  5.506375242763960e+00
 9.76500  5.506397439799757e+00
 9.77000  5.506419625349770e+00
 9.77500  5.506441799425812e+00
 9.78000  5.506463962039687e+00
 9.78500  5.506486113203172e+00
 9.79000  5.506508252928030e+00
 9.79500  5.506530381226006e+00
 9.80000  5.506552498108825e+00
 9.80500  5.506574603588195e+00
 9.81000  5.506596697675809e+00
 9.81500  5.506618780383336e+00
 9.82000  5.506640851722432e+00
 9.82500  5.506662911704733e+00
 9.83000  5.506684960341858e+00
 9.83500  5.506706997645408e+00
 9.84000  5.506729023626967e+00
 9.84500  5.506751038298099e+00
 9.85000  5.506773041670352e+00
 9.85500  5.506795033755257e+00
 9.86000  5.506817014564325e+00
 9.86500  5.506838984109052e+00
 9.87000  5.506860942400917e+00
 9.87500  5.506882889451377e+00
 9.88000  5.506904825271875e+00
 9.88500  5.506926749873837e+00
 9.89000  5.506948663268671e+00
 9.89500  5.506970565467766e+00
 9.90000  5.506992456482497e+00
 9.90500  5.507014336324216e+00
 9.91000  5.507036205004265e+00
 9.91500  5.507058062533963e+00
 9.92000  5.507079908924616e+00
 9.92500  5.507101744187507e+00
 9.93000  5.507123568333911e+00
 9.93500  5.507145381375077e+00
 9.94000  5.507167183322240e+00
 9.94500  5.507188974186621e+00
 9.95000  5.507210753979421e+00
 9.95500  5.507232522711824e+00
 9.96000  5.507254280394998e+00
 9.96500  5.507276027040095e+00
 9.97000  5.507297762658247e+00
 9.97500  5.507319487260573e+00
 9.98000  5.507341200858171e+00
 9.98500  5.507362903462128e+00
 9.99000  5.507384595083509e+00
 9.99500  5.507406275733365e+00
10.00000  5.507427945422728e+00
