1.69334 45130.5 47995.0 94237.9 83715.8 127638
1.79918 32171.1 34740.9 80910.4 70638.3 104642
1.90501 24815.5 27134.2 71391.9 61538.9 87111.9
2.01085 21119.7 23229.1 64362.7 55053.0 73850.3
2.11668 19790.6 21730.8 59029.3 50342.5 63848.7
2.32835 21018.1 22735.2 51664.4 44248.4 50731.0
2.45006 22820.1 24473.1 48794.9 41982.6 46041.9
2.54002 24310.9 25941.0 47151.3 40676.8 43487.1
2.65114 26144.7 27763.8 45598.4 39388.0 41126.8
2.75168 27686.5 29305.7 43510.1 38464.7 39553.7
2.85223 29051.2 30642.4 41524.7 37735.9 38399.6
2.96335 30323.2 31840.2 39833.5 37111.0 37476.2
3.04802 31126.2 32551.8 38830.0 36740.1 36959.4
3.17502 32086.1 33332.0 37685.0 36320.6 36406.0
3.38669 33165.1 34083.1 36464.2 35889.7 35878.0
3.70419 34009.9 34561.3 35575.6 35613.9 35573.9
4.12753 34459.3 34789.5 35166.7 35535.9 35507.4
4.33919 34559.1 34843.1 35092.6 35538.6 35517.2
4.65670 34642.2 34891.8 35041.3 35555.4 35541.9
4.97420 34686.1 34921.8 35021.2 35574.4 35566.1
5.29170 34698.4 34931.8 34999.4 35576.2 35576.7
