   4.059972296099674
   4.111832134771804
   4.162840000000000
   4.213022799837002
   4.262407442335551
   4.311020835548384
   4.358889887528244
   4.406041506327870
   4.452502600000000
   4.498290924198485
   4.543387624981608
   4.587764696008762
   4.631394130939341
   4.674247923432739
   4.716298067148347
   4.757516555745560
   4.797875382883771
   4.837346542222373
   4.875902027420757
   4.913513832138319
   4.950153950034451
   4.985794374768548
   5.020407100000000
   5.053962309703467
   5.086422949114662
   5.117750153784566
   5.147905059264159
   5.176848801104418
   5.204542514856324
   5.230947336070856
   5.256024400298993
   5.279734843091715
   5.302039800000000
   5.322910435145516
   5.342358026932684
   5.360403882336610
   5.377069308332398
   5.392375611895160
   5.406344100000000
   5.418998171226053
   5.430369590568560
   5.440492214626786
   5.449399900000000
   5.457166370324424
   5.464024817384093
   5.470248300000000
   5.475802688595074
   5.479425100000000
   5.482076100000000
   5.490213800000000
   5.497689900000000
   5.505840400000000
