 32047.33925000      0.22417881
 32473.17675000      0.22320481
 32894.71625001      0.22208281
 33312.30575001      0.21956581
 33726.29325001      0.21440681
 34137.02675001      0.20535881
 34544.85425001      0.19117481
 34950.12375001      0.17060781
 35353.18325000      0.14241081
 35754.38074998      0.10533682
 36154.06424996      0.05813882
 36552.58174993     -0.00043018
 36950.28124990     -0.07161718
 37347.51074985     -0.15666918
 37744.61824979     -0.25683318
 38141.95174973     -0.37335618
 38539.85924965     -0.50748517
 38938.68874955     -0.66046717
 39338.78824945     -0.83354917
 39740.50574933     -1.02797816
 40144.18924919     -1.24500116
 40550.18674903     -1.48586515
 40958.84624886     -1.75181715
 41370.51574867     -2.04410414
 41785.54324846     -2.36397314
 42204.27674823     -2.71267113
 42627.06424797     -3.09144513
 43054.25374770     -3.50154212
 43486.19324740     -3.94420911
 43923.23074707     -4.42069310
 44365.71424673     -4.93224109
 44813.99174635     -5.48010008
 45268.41124595     -6.06551707
 45729.32074551     -6.68973906
 46197.06824505     -7.35401305
 46672.00174456     -8.05958604
 47154.46924404     -8.80770503
 47644.81874348     -9.59961701
 48143.39824290    -10.43656900
 48650.55574227    -11.31980798
 49166.63924162    -12.25058097
 49691.99674092    -13.23013495
 50226.97624019    -14.25971693
 50771.92573943    -15.34057391
 51327.19323862    -16.47395289
 51893.12673777    -17.66110087
 52470.07423689    -18.90326485
 53058.38373596    -20.20169183
 53658.40323499    -21.55762881
 54270.48073397    -22.97232278
 54894.96423291    -24.44702076
