#command:  cse -o junk 
# -M S32 
# -P B3S-1w.dat 
# -E 4.1417754_4.458407_5.0295088_5.3018719_5.4037842_5.4468088_5.4673852_5.4777463_5.4811621_5.4843159_5.4872547_5.4900057_5.4925914_5.4950305_5.4973387_5.4995291_5.5016133_5.5036009_5.5055005_5.5073195 e 0 
#-----------------------------------------------------
#Voo 
#v        Gv         Bv           Dvx10^5   J
2  33575.55670      0.21448202      0.24250487 0
8  35911.84253      0.20385477      0.25947057 0
22  40492.29911      0.17332979      0.38413096 0
32  42763.81963      0.13938509      0.70437735 0
38  43605.08995      0.11095675      1.09977567 0
42  43952.35794      0.09013472      1.49924441 0
45  44120.51201      0.07422067      1.75751516 0
47  44194.52776      0.05797115      4.81927358 0
48  44215.90979      0.05179070      1.42310364 0
48  44234.99642      0.04792725      2.38245451 0
48  44251.80974      0.04531944      1.96519342 0
49  44281.54484      0.04033849      1.47686403 0
49  44307.59023      0.03677916      1.33186829 0
49  44319.55514      0.03519815      1.14409948 0
50  44341.84305      0.03242828      1.04251673 0
50  44352.27584      0.03123882      1.00802061 0
50  44371.93767      0.02911475      0.86366103 0
50  44390.23370      0.02726562      0.71858671 0
51  44407.58174      0.02621418      0.07602906 0
