# X3?g?  A'3?u B3?u?  11?u B''3?u
1.69334 7564.10 47011.1 56641.5 56520.5 52818.1
1.79918 1486.58 33889.3 44490.4 47408.8 43243.8
1.90501 0.0 26402.4 37527.9 41829.5 37423.8
2.01085 1249.64 22605.5 33887.8 38481.2 34011.5
2.11668 4048.02 21204.3 32363.2 36592.9 32196.9
2.32835 11535.3 22372.9 32803.4 35315.3 31431.9
2.45006 16005.9 24188.3 34094.3 35286.7 31932.1
2.54002 19137.7 25706.6 35235.6 35345.2 32485.5
2.65114 22677.9 27584.4 36697.3 35389.0 33209.2
2.75168 25495.3 29162.2 37973.4 35356.2 33771.6
2.85223 27897.8 30537.4 39121.2 35278.9 34192.6
2.96335 30037.8 31775.5 40209.8 35159.5 34471.1
3.04802 31302.0 32516.6 40903.5 35062.6 34581.3
3.17502 32657.2 33337.5 41735.3 34928.4 34650.3
3.38669 33875.6 34142.4 42670.3 34763.6 34673.2
3.70419 34573.8 34669.4 43416.8 34649.0 34711.0
4.12753 34880.9 34921.7 43864.6 34631.7 34812.7
4.33919 34949.6 34978.6 43984.7 34644.3 34864.5
4.65670 35009.0 35028.4 44100.9 34668.4 34930.6
4.97420 35040.4 35056.8 44172.4 34691.3 34981.5
5.29170 35057.6 35060.1 44198.5 34699.4 35009.3
&
#c1?u?  A3?u?  23?u?  15?u?  15?u
1.69334 45130.5 47995.0 94237.9 83715.8 127638
1.79918 32171.1 34740.9 80910.4 70638.3 104642
1.90501 24815.5 27134.2 71391.9 61538.9 87111.9
2.01085 21119.7 23229.1 64362.7 55053.0 73850.3
2.11668 19790.6 21730.8 59029.3 50342.5 63848.7
2.32835 21018.1 22735.2 51664.4 44248.4 50731.0
2.45006 22820.1 24473.1 48794.9 41982.6 46041.9
2.54002 24310.9 25941.0 47151.3 40676.8 43487.1
2.65114 26144.7 27763.8 45598.4 39388.0 41126.8
2.75168 27686.5 29305.7 43510.1 38464.7 39553.7
2.85223 29051.2 30642.4 41524.7 37735.9 38399.6
2.96335 30323.2 31840.2 39833.5 37111.0 37476.2
3.04802 31126.2 32551.8 38830.0 36740.1 36959.4
3.17502 32086.1 33332.0 37685.0 36320.6 36406.0
3.38669 33165.1 34083.1 36464.2 35889.7 35878.0
3.70419 34009.9 34561.3 35575.6 35613.9 35573.9
4.12753 34459.3 34789.5 35166.7 35535.9 35507.4
4.33919 34559.1 34843.1 35092.6 35538.6 35517.2
4.65670 34642.2 34891.8 35041.3 35555.4 35541.9
4.97420 34686.1 34921.8 35021.2 35574.4 35566.1
5.29170 34698.4 34931.8 34999.4 35576.2 35576.7

# S2 B3?u? state RKR turning points derived from procedure outlined in chapter 4.4.1.
 
R / Å E / cm-1 R / Å E / cm-1 R / Å E / cm-1
1.864 7284.99
1.867 6951.29
2.409 1905.54
1.866 7118.84
1.871 6612.07
2.441 2313.83
1.869 6782.37
1.876 6267.32
2.472 2716.60
1.873 6440.38
1.881 5917.04
2.501 3113.85
1.878 6092.87
1.886 5561.24
2.530 3505.56
1.883 5739.83
1.892 5199.91
2.559 3891.75
1.889 5381.27
1.899 4833.06
2.586 4272.42
1.895 5017.17
1.907 4460.68
2.615 4647.56
1.902 4647.56
1.915 4082.78
2.642 5017.18
1.911 4272.42
1.924 3699.35
2.670 5381.27
1.919 3891.76
1.934 3310.39
2.697 5739.83
1.929 3505.56
1.946 2915.91
2.725 6092.87
1.940 3113.84
1.959 2515.90
2.753 6440.38
1.952 2716.60
1.974 2110.38
2.781 6782.37
1.966 2313.83
1.991 1699.32
2.810 7118.84
1.982 1905.53
2.011 1282.74
2.393 1699.32
2.000 1491.72
2.036 860.63
2.426 2110.38
2.022 1072.37
2.045 732.92
2.457 2515.91
2.039 818.11
2.058 561.87
2.487 2915.91
2.051 647.50
2.075 389.93
2.516 3310.39
2.066 476.01
2.096 217.11
2.545 3699.35
2.084 303.63
2.132 43.40
2.573 4082.78
2.110 130.36
2.194 43.40
2.601 4460.68
2.162 0.00
2.235 217.11
2.628 4833.06
2.218 130.36
2.262 389.93
2.656 5199.91
2.250 303.63
2.284 561.87
2.684 5561.24
2.274 476.01
2.304 732.92
2.711 5917.04
2.294 647.50
2.317 860.63
2.739 6267.32
2.313 818.11
2.357 1282.74
2.767 6612.07
2.337 1072.37
2.375 1491.72
2.796 6951.29
