1.69334 7564.10 47011.1 56641.5 56520.5 52818.1
1.79918 1486.58 33889.3 44490.4 47408.8 43243.8
1.90501 0.0     26402.4 37527.9 41829.5 37423.8
2.01085 1249.64 22605.5 33887.8 38481.2 34011.5
2.11668 4048.02 21204.3 32363.2 36592.9 32196.9
2.32835 11535.3 22372.9 32803.4 35315.3 31431.9
2.45006 16005.9 24188.3 34094.3 35286.7 31932.1
2.54002 19137.7 25706.6 35235.6 35345.2 32485.5
2.65114 22677.9 27584.4 36697.3 35389.0 33209.2
2.75168 25495.3 29162.2 37973.4 35356.2 33771.6
2.85223 27897.8 30537.4 39121.2 35278.9 34192.6
2.96335 30037.8 31775.5 40209.8 35159.5 34471.1
3.04802 31302.0 32516.6 40903.5 35062.6 34581.3
3.17502 32657.2 33337.5 41735.3 34928.4 34650.3
3.38669 33875.6 34142.4 42670.3 34763.6 34673.2
3.70419 34573.8 34669.4 43416.8 34649.0 34711.0
4.12753 34880.9 34921.7 43864.6 34631.7 34812.7
4.33919 34949.6 34978.6 43984.7 34644.3 34864.5
4.65670 35009.0 35028.4 44100.9 34668.4 34930.6
4.97420 35040.4 35056.8 44172.4 34691.3 34981.5
5.29170 35057.6 35060.1 44198.5 34699.4 35009.3
