# 1.88920000(Re)  4.41408704(De)  0.00000000(Te)  1.64040845(beta) X3S-1w.dat
 0.00000  6.557108902138455e+03
 0.00500  6.429921589509998e+03
 0.01000  6.302734276881541e+03
 0.01500  6.178031000719844e+03
 0.02000  6.055763562715009e+03
 0.02500  5.935884696736026e+03
 0.03000  5.818348050831063e+03
 0.03500  5.703108169575078e+03
 0.04000  5.590120476757945e+03
 0.04500  5.479341258406660e+03
 0.05000  5.370727646135076e+03
 0.05500  5.264237600814927e+03
 0.06000  5.159829896561866e+03
 0.06500  5.057464105030549e+03
 0.07000  4.957100580012663e+03
 0.07500  4.858700442332214e+03
 0.08000  4.762225565032199e+03
 0.08500  4.667638558847140e+03
 0.09000  4.574902757955942e+03
 0.09500  4.483982206009604e+03
 0.10000  4.394841642428592e+03
 0.10500  4.307446488964594e+03
 0.11000  4.221762836521596e+03
 0.11500  4.137757432231223e+03
 0.12000  4.055397666777544e+03
 0.12500  3.974651561966400e+03
 0.13000  3.895487758534653e+03
 0.13500  3.817875504194663e+03
 0.14000  3.741784641909463e+03
 0.14500  3.667185598394225e+03
 0.15000  3.594049372839577e+03
 0.15500  3.522347525852569e+03
 0.16000  3.452052168611043e+03
 0.16500  3.383135952227306e+03
 0.17000  3.315572057317076e+03
 0.17500  3.249334183769705e+03
 0.18000  3.184396540715860e+03
 0.18500  3.120733836688793e+03
 0.19000  3.058321269975504e+03
 0.19500  2.997134519154106e+03
 0.20000  2.937149733813847e+03
 0.20500  2.878343525454183e+03
 0.21000  2.820692958559554e+03
 0.21500  2.764175541846377e+03
 0.22000  2.708769219679003e+03
 0.22500  2.654452363651344e+03
 0.23000  2.601203764330972e+03
 0.23500  2.549002623162582e+03
 0.24000  2.497828544527724e+03
 0.24500  2.447661527957786e+03
 0.25000  2.398481960497301e+03
 0.25500  2.350270609214641e+03
 0.26000  2.303008613857269e+03
 0.26500  2.256677479648783e+03
 0.27000  2.211259070224980e+03
 0.27500  2.166735600706280e+03
 0.28000  2.123089630903885e+03
 0.28500  2.080304058657063e+03
 0.29000  2.038362113299062e+03
 0.29500  1.997247349249164e+03
 0.30000  1.956943639728419e+03
 0.30500  1.917435170596713e+03
 0.31000  1.878706434308808e+03
 0.31500  1.840742223987047e+03
 0.32000  1.803527627608501e+03
 0.32500  1.767048022304336e+03
 0.33000  1.731289068769228e+03
 0.33500  1.696236705778723e+03
 0.34000  1.661877144812433e+03
 0.34500  1.628196864781046e+03
 0.35000  1.595182606855148e+03
 0.35500  1.562821369393884e+03
 0.36000  1.531100402971517e+03
 0.36500  1.500007205500048e+03
 0.37000  1.469529517445975e+03
 0.37500  1.439655317139427e+03
 0.38000  1.410372816173870e+03
 0.38500  1.381670454894644e+03
 0.39000  1.353536897974597e+03
 0.39500  1.325961030075176e+03
 0.40000  1.298931951591283e+03
 0.40500  1.272438974478308e+03
 0.41000  1.246471618159748e+03
 0.41500  1.221019605513839e+03
 0.42000  1.196072858937708e+03
 0.42500  1.171621496487521e+03
 0.43000  1.147655828093181e+03
 0.43500  1.124166351846118e+03
 0.44000  1.101143750358783e+03
 0.44500  1.078578887194442e+03
 0.45000  1.056462803365926e+03
 0.45500  1.034786713902001e+03
 0.46000  1.013542004480058e+03
 0.46500  9.927202281238434e+02
 0.47000  9.723131019649552e+02
 0.47500  9.523125040669114e+02
 0.48000  9.327104703105528e+02
 0.48500  9.134991913396059e+02
 0.49000  8.946710095652483e+02
 0.49500  8.762184162285379e+02
 0.50000  8.581340485195783e+02
 0.50500  8.404106867523435e+02
 0.51000  8.230412515940728e+02
 0.51500  8.060188013481900e+02
 0.52000  7.893365292897156e+02
 0.52500  7.729877610521468e+02
 0.53000  7.569659520648302e+02
 0.53500  7.412646850398406e+02
 0.54000  7.258776675074105e+02
 0.54500  7.107987293989815e+02
 0.55000  6.960218206769481e+02
 0.55500  6.815410090102009e+02
 0.56000  6.673504774945827e+02
 0.56500  6.534445224173876e+02
 0.57000  6.398175510650608e+02
 0.57500  6.264640795732532e+02
 0.58000  6.133787308184264e+02
 0.58500  6.005562323501981e+02
 0.59000  5.879914143636427e+02
 0.59500  5.756792077107791e+02
 0.60000  5.636146419504839e+02
 0.60500  5.517928434360964e+02
 0.61000  5.402090334399761e+02
 0.61500  5.288585263143136e+02
 0.62000  5.177367276874821e+02
 0.62500  5.068391326952529e+02
 0.63000  4.961613242461974e+02
 0.63500  4.856989713206139e+02
 0.64000  4.754478273023392e+02
 0.64500  4.654037283428020e+02
 0.65000  4.555625917567010e+02
 0.65500  4.459204144486968e+02
 0.66000  4.364732713705142e+02
 0.66500  4.272173140078747e+02
 0.67000  4.181487688966789e+02
 0.67500  4.092639361678742e+02
 0.68000  4.005591881204584e+02
 0.68500  3.920309678220665e+02
 0.69000  3.836757877366213e+02
 0.69500  3.754902283785135e+02
 0.70000  3.674709369928053e+02
 0.70500  3.596146262609566e+02
 0.71000  3.519180730315710e+02
 0.71500  3.443781170756944e+02
 0.72000  3.369916598661771e+02
 0.72500  3.297556633806433e+02
 0.73000  3.226671489276104e+02
 0.73500  3.157231959953100e+02
 0.74000  3.089209411227741e+02
 0.74500  3.022575767927524e+02
 0.75000  2.957303503460465e+02
 0.75500  2.893365629168394e+02
 0.76000  2.830735683886209e+02
 0.76500  2.769387723703088e+02
 0.77000  2.709296311921738e+02
 0.77500  2.650436509211905e+02
 0.78000  2.592783863954356e+02
 0.78500  2.536314402771659e+02
 0.79000  2.481004621242186e+02
 0.79500  2.426831474793737e+02
 0.80000  2.373772369773385e+02
 0.80500  2.321805154690096e+02
 0.81000  2.270908111626798e+02
 0.81500  2.221059947818637e+02
 0.82000  2.172239787394182e+02
 0.82500  2.124427163276464e+02
 0.83000  2.077602009240751e+02
 0.83500  2.031744652126017e+02
 0.84000  1.986835804197153e+02
 0.84500  1.942856555655006e+02
 0.85000  1.899788367291390e+02
 0.85500  1.857613063286254e+02
 0.86000  1.816312824144285e+02
 0.86500  1.775870179768235e+02
 0.87000  1.736268002666348e+02
 0.87500  1.697489501291262e+02
 0.88000  1.659518213507897e+02
 0.88500  1.622338000187781e+02
 0.89000  1.585933038927427e+02
 0.89500  1.550287817888320e+02
 0.90000  1.515387129756181e+02
 0.90500  1.481216065817212e+02
 0.91000  1.447760010149052e+02
 0.91500  1.415004633924223e+02
 0.92000  1.382935889823908e+02
 0.92500  1.351540006559909e+02
 0.93000  1.320803483502721e+02
 0.93500  1.290713085413637e+02
 0.94000  1.261255837278913e+02
 0.94500  1.232419019243982e+02
 0.95000  1.204190161645814e+02
 0.95500  1.176557040141514e+02
 0.96000  1.149507670931290e+02
 0.96500  1.123030306073982e+02
 0.97000  1.097113428893349e+02
 0.97500  1.071745749473378e+02
 0.98000  1.046916200240873e+02
 0.98500  1.022613931633652e+02
 0.99000  9.988283078526938e+01
 0.99500  9.755489026966082e+01
 1.00000  9.527654954768418e+01
 1.00500  9.304680670120634e+01
 1.01000  9.086467957001854e+01
 1.01500  8.872920536665318e+01
 1.02000  8.663944029866806e+01
 1.02500  8.459445919825257e+01
 1.03000  8.259335515901583e+01
 1.03500  8.063523917981706e+01
 1.04000  7.871923981550158e+01
 1.04500  7.684450283441015e+01
 1.05000  7.501019088252966e+01
 1.05500  7.321548315415744e+01
 1.06000  7.145957506895228e+01
 1.06500  6.974167795525057e+01
 1.07000  6.806101873952338e+01
 1.07500  6.641683964185950e+01
 1.08000  6.480839787735412e+01
 1.08500  6.323496536329218e+01
 1.09000  6.169582843201179e+01
 1.09500  6.019028754933983e+01
 1.10000  5.871765703849049e+01
 1.10500  5.727726480932213e+01
 1.11000  5.586845209284787e+01
 1.11500  5.449057318089972e+01
 1.12000  5.314299517084446e+01
 1.12500  5.182509771525602e+01
 1.13000  5.053627277644597e+01
 1.13500  4.927592438576048e+01
 1.14000  4.804346840754973e+01
 1.14500  4.683833230772049e+01
 1.15000  4.565995492678237e+01
 1.15500  4.450778625730185e+01
 1.16000  4.338128722567761e+01
 1.16500  4.227992947815426e+01
 1.17000  4.120319517099277e+01
 1.17500  4.015057676471608e+01
 1.18000  3.912157682235206e+01
 1.18500  3.811570781159594e+01
 1.19000  3.713249191081662e+01
 1.19500  3.617146081883205e+01
 1.20000  3.523215556838162e+01
 1.20500  3.431412634322251e+01
 1.21000  3.341693229878185e+01
 1.21500  3.254014138629363e+01
 1.22000  3.168333018035505e+01
 1.22500  3.084608370983451e+01
 1.23000  3.002799529206715e+01
 1.23500  2.922866637027409e+01
 1.24000  2.844770635414304e+01
 1.24500  2.768473246350886e+01
 1.25000  2.693936957507441e+01
 1.25500  2.621125007211235e+01
 1.26000  2.550001369709081e+01
 1.26500  2.480530740716537e+01
 1.27000  2.412678523248310e+01
 1.27500  2.346410813724280e+01
 1.28000  2.281694388345938e+01
 1.28500  2.218496689737898e+01
 1.29000  2.156785813849400e+01
 1.29500  2.096530497110791e+01
 1.30000  2.037700103839945e+01
 1.30500  1.980264613893925e+01
 1.31000  1.924194610560993e+01
 1.31500  1.869461268688431e+01
 1.32000  1.816036343041504e+01
 1.32500  1.763892156889173e+01
 1.33000  1.713001590812101e+01
 1.33500  1.663338071728676e+01
 1.34000  1.614875562134818e+01
 1.34500  1.567588549553439e+01
 1.35000  1.521452036189454e+01
 1.35500  1.476441528786429e+01
 1.36000  1.432533028680867e+01
 1.36500  1.389703022050398e+01
 1.37000  1.347928470352033e+01
 1.37500  1.307186800946846e+01
 1.38000  1.267455897907452e+01
 1.38500  1.228714093004744e+01
 1.39000  1.190940156870396e+01
 1.39500  1.154113290331763e+01
 1.40000  1.118213115915780e+01
 1.40500  1.083219669518640e+01
 1.41000  1.049113392237986e+01
 1.41500  1.015875122364506e+01
 1.42000  9.834860875298103e+00
 1.42500  9.519278970075733e+00
 1.43000  9.211825341649703e+00
 1.43500  8.912323490614762e+00
 1.44000  8.620600511921943e+00
 1.44500  8.336487023728793e+00
 1.45000  8.059817097639394e+00
 1.45500  7.790428190306859e+00
 1.46000  7.528161076372209e+00
 1.46500  7.272859782713355e+00
 1.47000  7.024371523979138e+00
 1.47500  6.782546639383052e+00
 1.48000  6.547238530732654e+00
 1.48500  6.318303601670221e+00
 1.49000  6.095601198101623e+00
 1.49500  5.878993549789833e+00
 1.50000  5.668345713090954e+00
 1.50500  5.463525514810145e+00
 1.51000  5.264403497156072e+00
 1.51500  5.070852863772235e+00
 1.52000  4.882749426824547e+00
 1.52500  4.699971555124347e+00
 1.53000  4.522400123267058e+00
 1.53500  4.349918461766463e+00
 1.54000  4.182412308165488e+00
 1.54500  4.019769759104356e+00
 1.55000  3.861881223327638e+00
 1.55500  3.708639375611881e+00
 1.56000  3.559939111595898e+00
 1.56500  3.415677503496325e+00
 1.57000  3.275753756691002e+00
 1.57500  3.140069167153593e+00
 1.58000  3.008527079722624e+00
 1.58500  2.881032847188939e+00
 1.59000  2.757493790185488e+00
 1.59500  2.637819157864014e+00
 1.60000  2.521920089343157e+00
 1.60500  2.409709575913167e+00
 1.61000  2.301102423982314e+00
 1.61500  2.196015218750753e+00
 1.62000  2.094366288597535e+00
 1.62500  1.996075670167028e+00
 1.63000  1.901065074141017e+00
 1.63500  1.809257851683257e+00
 1.64000  1.720578961543284e+00
 1.64500  1.634954937806759e+00
 1.65000  1.552313858279663e+00
 1.65500  1.472585313494102e+00
 1.66000  1.395700376323524e+00
 1.66500  1.321591572195587e+00
 1.67000  1.250192849890932e+00
 1.67500  1.181439552916550e+00
 1.68000  1.115268391442511e+00
 1.68500  1.051617414791041e+00
 1.69000  9.904259844672999e-01
 1.69500  9.316347477211684e-01
 1.70000  8.751856116298345e-01
 1.70500  8.210217176909170e-01
 1.71000  7.690874169162712e-01
 1.71500  7.225840541209034e-01
 1.72000  6.779125438357904e-01
 1.72500  6.350302956632424e-01
 1.73000  5.938959388146041e-01
 1.73500  5.544692950113390e-01
 1.74000  5.167113519198954e-01
 1.74500  4.805842371106692e-01
 1.75000  4.460511925316847e-01
 1.75500  4.130765494876292e-01
 1.76000  3.816257041151629e-01
 1.76500  3.516650933454807e-01
 1.77000  3.231621713453081e-01
 1.77500  2.960853864276264e-01
 1.78000  2.704041584236157e-01
 1.78500  2.460888565073711e-01
 1.79000  2.231107774651812e-01
 1.79500  2.014421244012240e-01
 1.80000  1.810559811341531e-01
 1.80500  1.619246263484865e-01
 1.81000  1.440170868114286e-01
 1.81500  1.273026467474071e-01
 1.82000  1.117514460572375e-01
 1.82500  9.733445004012166e-02
 1.83000  8.402342002623549e-02
 1.83500  7.179088489557878e-02
 1.84000  6.061011345935272e-02
 1.84500  5.045508768074326e-02
 1.85000  4.130047671250351e-02
 1.85500  3.312161172935476e-02
 1.86000  2.589446153372008e-02
 1.86500  1.959560891385766e-02
 1.87000  1.420222773397751e-02
 1.87500  9.692060736439660e-03
 1.88000  6.043398036614345e-03
 1.88500  3.235056291482100e-03
 1.89000  1.246358523517146e-03
 1.89500  5.711458185826216e-05
 1.90000  -3.523977767608844e-04
 1.90500  -1.451204448495117e-06
 1.91000  1.091107126927476e-03
 1.91500  2.906819039722966e-03
 1.92000  5.427617888053740e-03
 1.92500  8.635818897261631e-03
 1.93000  1.251410357679420e-02
 1.93500  1.704550464396668e-02
 1.94000  2.221339144425513e-02
 1.94500  2.800145585410267e-02
 1.95000  3.439369865260030e-02
 1.95500  4.137441634874754e-02
 1.96000  4.892818845131974e-02
 1.96500  5.703986516873753e-02
 1.97000  6.569455552661965e-02
 1.97500  7.487761589104593e-02
 1.98000  8.457463888584185e-02
 1.98500  9.477144269252236e-02
 1.99000  1.054540607218078e-01
 1.99500  1.166087316459132e-01
 2.00000  1.282218897811140e-01
 2.00500  1.402801558103208e-01
 2.01000  1.527703278357272e-01
 2.01500  1.656795218763446e-01
 2.02000  1.789960201616436e-01
 2.02500  1.927086835797906e-01
 2.03000  2.068065355752628e-01
 2.03500  2.212787543575468e-01
 2.04000  2.361146666072932e-01
 2.04500  2.513037413952890e-01
 2.05000  2.668355843081445e-01
 2.05500  2.826999317747199e-01
 2.06000  2.988866455874453e-01
 2.06500  3.153857076128935e-01
 2.07000  3.321872146860589e-01
 2.07500  3.492813736829885e-01
 2.08000  3.666584967664893e-01
 2.08500  3.843089967998741e-01
 2.09000  4.022233829237064e-01
 2.09500  4.203922562907610e-01
 2.10000  4.388063059544642e-01
 2.10500  4.574563049062458e-01
 2.11000  4.763331062573323e-01
 2.11500  4.954276395606278e-01
 2.12000  5.147310246447256e-01
 2.12500  5.342358345940357e-01
 2.13000  5.539356293204472e-01
 2.13500  5.738240789181871e-01
 2.14000  5.938949461085302e-01
 2.14500  6.141420839080745e-01
 2.15000  6.345594333588677e-01
 2.15500  6.551410213188552e-01
 2.16000  6.758809583110367e-01
 2.16500  6.967734364298745e-01
 2.17000  7.178127273034198e-01
 2.17500  7.389931801097643e-01
 2.18000  7.603092196463542e-01
 2.18500  7.817553444508719e-01
 2.19000  8.033261249722619e-01
 2.19500  8.250162017906562e-01
 2.20000  8.468202838849022e-01
 2.20500  8.687331469464490e-01
 2.21000  8.907496317384023e-01
 2.21500  9.128646424985341e-01
 2.22000  9.350731453851249e-01
 2.22500  9.573701669644930e-01
 2.23000  9.797507927391484e-01
 2.23500  1.002210165715454e+00
 2.24000  1.024743485009804e+00
 2.24500  1.047346004492258e+00
 2.25000  1.070013031466692e+00
 2.25500  1.092739925386452e+00
 2.26000  1.115522096604595e+00
 2.26500  1.138355005157790e+00
 2.27000  1.161234159583013e+00
 2.27500  1.184155115766119e+00
 2.28000  1.207113475821468e+00
 2.28500  1.230104887001776e+00
 2.29000  1.253125040637383e+00
 2.29500  1.276169671104141e+00
 2.30000  1.299234554819171e+00
 2.30500  1.322315509263720e+00
 2.31000  1.345408392032407e+00
 2.31500  1.368509099908160e+00
 2.32000  1.391613567962101e+00
 2.32500  1.414717768677769e+00
 2.33000  1.437817718243813e+00
 2.33500  1.460909909257135e+00
 2.34000  1.483991566255574e+00
 2.34500  1.507060022945563e+00
 2.35000  1.530112661802232e+00
 2.35500  1.553146913284258e+00
 2.36000  1.576160255060483e+00
 2.36500  1.599150211248164e+00
 2.37000  1.622114351662651e+00
 2.37500  1.645050291078374e+00
 2.38000  1.667955688500891e+00
 2.38500  1.690828246449936e+00
 2.39000  1.713665710253194e+00
 2.39500  1.736465867350756e+00
 2.40000  1.759226546609996e+00
 2.40500  1.781945617650798e+00
 2.41000  1.804620990180903e+00
 2.41500  1.827250613341319e+00
 2.42000  1.849832475061545e+00
 2.42500  1.872364601424551e+00
 2.43000  1.894845056041297e+00
 2.43500  1.917271939434729e+00
 2.44000  1.939643388433029e+00
 2.44500  1.961957575572050e+00
 2.45000  1.984212708506758e+00
 2.45500  2.006407002657501e+00
 2.46000  2.028538595765498e+00
 2.46500  2.050605628466321e+00
 2.47000  2.072606272357369e+00
 2.47500  2.094538729467272e+00
 2.48000  2.116401231734048e+00
 2.48500  2.138192040491905e+00
 2.49000  2.159909445966534e+00
 2.49500  2.181551766778747e+00
 2.50000  2.203117349456332e+00
 2.50500  2.224604567953965e+00
 2.51000  2.246011823181048e+00
 2.51500  2.267337542537340e+00
 2.52000  2.288580179456253e+00
 2.52500  2.309738212955655e+00
 2.53000  2.330810147196098e+00
 2.53500  2.351794511046289e+00
 2.54000  2.372689857655732e+00
 2.54500  2.393494785901181e+00
 2.55000  2.414208007080977e+00
 2.55500  2.434828279173276e+00
 2.56000  2.455354384140010e+00
 2.56500  2.475785127519484e+00
 2.57000  2.496119338025231e+00
 2.57500  2.516355867151007e+00
 2.58000  2.536493588781836e+00
 2.58500  2.556531398811022e+00
 2.59000  2.576468214763027e+00
 2.59500  2.596302975422137e+00
 2.60000  2.616034640466818e+00
 2.60500  2.635662190109695e+00
 2.61000  2.655184624743059e+00
 2.61500  2.674600964589805e+00
 2.62000  2.693910249359751e+00
 2.62500  2.713111537911242e+00
 2.63000  2.732203907917947e+00
 2.63500  2.751186455540791e+00
 2.64000  2.770058295104935e+00
 2.64500  2.788818558781747e+00
 2.65000  2.807466396275653e+00
 2.65500  2.826000971175102e+00
 2.66000  2.844421436863653e+00
 2.66500  2.862726949921730e+00
 2.67000  2.880916682793824e+00
 2.67500  2.898989823589429e+00
 2.68000  2.916945575802644e+00
 2.68500  2.934783158036189e+00
 2.69000  2.952501803729767e+00
 2.69500  2.970100760892742e+00
 2.70000  2.987579291841018e+00
 2.70500  3.004936672938089e+00
 2.71000  3.022172194340188e+00
 2.71500  3.039285159745458e+00
 2.72000  3.056274886147093e+00
 2.72500  3.073140703590394e+00
 2.73000  3.089881954933672e+00
 2.73500  3.106497995612928e+00
 2.74000  3.122988193410275e+00
 2.74500  3.139351928226027e+00
 2.75000  3.155588591854403e+00
 2.75500  3.171697590433628e+00
 2.76000  3.187678372988672e+00
 2.76500  3.203530420492220e+00
 2.77000  3.219253225703876e+00
 2.77500  3.234846292611884e+00
 2.78000  3.250309136223586e+00
 2.78500  3.265641282359117e+00
 2.79000  3.280842267448329e+00
 2.79500  3.295911638330857e+00
 2.80000  3.310848952059312e+00
 2.80500  3.325653775705546e+00
 2.81000  3.340325686169938e+00
 2.81500  3.354864269993657e+00
 2.82000  3.369269123173872e+00
 2.82500  3.383539850981841e+00
 2.83000  3.397676067783877e+00
 2.83500  3.411677396865091e+00
 2.84000  3.425543470255929e+00
 2.84500  3.439273928561429e+00
 2.85000  3.452868420793146e+00
 2.85500  3.466326608778665e+00
 2.86000  3.479648245262240e+00
 2.86500  3.492833163508352e+00
 2.87000  3.505881207961857e+00
 2.87500  3.518792231693747e+00
 2.88000  3.531566096232522e+00
 2.88500  3.544202671398129e+00
 2.89000  3.556701835138338e+00
 2.89500  3.569063473367597e+00
 2.90000  3.581287479808305e+00
 2.90500  3.593373755834463e+00
 2.91000  3.605322210317680e+00
 2.91500  3.617132759475536e+00
 2.92000  3.628805326722205e+00
 2.92500  3.640339842521363e+00
 2.93000  3.651736244241341e+00
 2.93500  3.662994476012472e+00
 2.94000  3.674114488586632e+00
 2.94500  3.685096239198912e+00
 2.95000  3.695939691431443e+00
 2.95500  3.706644815079281e+00
 2.96000  3.717211586018396e+00
 2.96500  3.727639988803683e+00
 2.97000  3.737930181737447e+00
 2.97500  3.748082592696894e+00
 2.98000  3.758097680397229e+00
 2.98500  3.767975911429607e+00
 2.99000  3.777717760100916e+00
 2.99500  3.787323708275794e+00
 3.00000  3.796794245220827e+00
 3.00500  3.806129867450947e+00
 3.01000  3.815331078577954e+00
 3.01500  3.824398389161215e+00
 3.02000  3.833332316560441e+00
 3.02500  3.842133384790589e+00
 3.03000  3.850802124378811e+00
 3.03500  3.859339072223480e+00
 3.04000  3.867744771455227e+00
 3.04500  3.876019771300011e+00
 3.05000  3.884164633352462e+00
 3.05500  3.892180180484984e+00
 3.06000  3.900067578225474e+00
 3.06500  3.907828023304992e+00
 3.07000  3.915462720769540e+00
 3.07500  3.922972883805517e+00
 3.08000  3.930359733567560e+00
 3.08500  3.937624499008686e+00
 3.09000  3.944768416712787e+00
 3.09500  3.951792730729396e+00
 3.10000  3.958698692410755e+00
 3.10500  3.965487560251126e+00
 3.11000  3.972160599728366e+00
 3.11500  3.978719083147717e+00
 3.12000  3.985164289487786e+00
 3.12500  3.991497504248755e+00
 3.13000  3.997720019302708e+00
 3.13500  4.003833132746137e+00
 3.14000  4.009838148754573e+00
 3.14500  4.015736377439320e+00
 3.15000  4.021529134706280e+00
 3.15500  4.027217742116848e+00
 3.16000  4.032803526750871e+00
 3.16500  4.038287821071615e+00
 3.17000  4.043671962792764e+00
 3.17500  4.048957294747398e+00
 3.18000  4.054145153873391e+00
 3.18500  4.059236837818497e+00
 3.19000  4.064233637584453e+00
 3.19500  4.069136848536261e+00
 3.20000  4.073947770285312e+00
 3.20500  4.078667706574333e+00
 3.21000  4.083297965164154e+00
 3.21500  4.087839857722233e+00
 3.22000  4.092294699712975e+00
 3.22500  4.096663810289774e+00
 3.23000  4.100948512188795e+00
 3.23500  4.105150131624451e+00
 3.24000  4.109269998186584e+00
 3.24500  4.113309444739305e+00
 3.25000  4.117269807321479e+00
 3.25500  4.121152425048868e+00
 3.26000  4.124958640017842e+00
 3.26500  4.128689797210730e+00
 3.27000  4.132347244402722e+00
 3.27500  4.135932332070329e+00
 3.28000  4.139446413301389e+00
 3.28500  4.142890843706587e+00
 3.29000  4.146266981332488e+00
 3.29500  4.149576186576037e+00
 3.30000  4.152819822100539e+00
 3.30500  4.155999252753095e+00
 3.31000  4.159115845483433e+00
 3.31500  4.162170969264202e+00
 3.32000  4.165165995012624e+00
 3.32500  4.168102295513532e+00
 3.33000  4.170981245343790e+00
 3.33500  4.173804220798026e+00
 3.34000  4.176572599815717e+00
 3.34500  4.179287761909565e+00
 3.35000  4.181951088095180e+00
 3.35500  4.184563960822042e+00
 3.36000  4.187127763905703e+00
 3.36500  4.189643882461255e+00
 3.37000  4.192113702838022e+00
 3.37500  4.194538612555437e+00
 3.38000  4.196920000240167e+00
 3.38500  4.199259255564363e+00
 3.39000  4.201557727373323e+00
 3.39500  4.203816270591877e+00
 3.40000  4.206035416132033e+00
 3.40500  4.208215687807088e+00
 3.41000  4.210357607880541e+00
 3.41500  4.212461697054278e+00
 3.42000  4.214528474457281e+00
 3.42500  4.216558457634814e+00
 3.43000  4.218552162538076e+00
 3.43500  4.220510103514370e+00
 3.44000  4.222432793297679e+00
 3.44500  4.224320742999730e+00
 3.45000  4.226174462101501e+00
 3.45500  4.227994458445128e+00
 3.46000  4.229781238226278e+00
 3.46500  4.231535305986900e+00
 3.47000  4.233257164608406e+00
 3.47500  4.234947315305240e+00
 3.48000  4.236606257618821e+00
 3.48500  4.238234489411899e+00
 3.49000  4.239832506863239e+00
 3.49500  4.241400804462709e+00
 3.50000  4.242939875006700e+00
 3.50500  4.244450209593883e+00
 3.51000  4.245932297621338e+00
 3.51500  4.247386626780980e+00
 3.52000  4.248813683056339e+00
 3.52500  4.250213950719633e+00
 3.53000  4.251587912329159e+00
 3.53500  4.252936048726994e+00
 3.54000  4.254258839036978e+00
 3.54500  4.255556760662998e+00
 3.55000  4.256830289287541e+00
 3.55500  4.258079898870535e+00
 3.56000  4.259306061648449e+00
 3.56500  4.260509248133673e+00
 3.57000  4.261689927114113e+00
 3.57500  4.262848565653099e+00
 3.58000  4.263985629089468e+00
 3.58500  4.265101581037949e+00
 3.59000  4.266196883389731e+00
 3.59500  4.267271996313288e+00
 3.60000  4.268327378255412e+00
 3.60500  4.269363485942459e+00
 3.61000  4.270380774381822e+00
 3.61500  4.271379696863592e+00
 3.62000  4.272360704962421e+00
 3.62500  4.273324248539597e+00
 3.63000  4.274270775745276e+00
 3.63500  4.275200733020939e+00
 3.64000  4.276114565102000e+00
 3.64500  4.277012715020587e+00
 3.65000  4.277895624108530e+00
 3.65500  4.278763732000471e+00
 3.66000  4.279617476637160e+00
 3.66500  4.280457294268913e+00
 3.67000  4.281283619459196e+00
 3.67500  4.282096885088396e+00
 3.68000  4.282897522357706e+00
 3.68500  4.283685960793164e+00
 3.69000  4.284462628249832e+00
 3.69500  4.285227950916091e+00
 3.70000  4.285982353318096e+00
 3.70500  4.286726258136557e+00
 3.71000  4.287460017830545e+00
 3.71500  4.288183812695974e+00
 3.72000  4.288897794975060e+00
 3.72500  4.289602114847911e+00
 3.73000  4.290296920445908e+00
 3.73500  4.290982357865069e+00
 3.74000  4.291658571179412e+00
 3.74500  4.292325702454288e+00
 3.75000  4.292983891759686e+00
 3.75500  4.293633277183540e+00
 3.76000  4.294273994844970e+00
 3.76500  4.294906178907543e+00
 3.77000  4.295529961592464e+00
 3.77500  4.296145473191758e+00
 3.78000  4.296752842081438e+00
 3.78500  4.297352194734584e+00
 3.79000  4.297943655734459e+00
 3.79500  4.298527347787527e+00
 3.80000  4.299103391736478e+00
 3.80500  4.299671906573190e+00
 3.81000  4.300233009451652e+00
 3.81500  4.300786815700874e+00
 3.82000  4.301333438837710e+00
 3.82500  4.301872990579680e+00
 3.83000  4.302405580857719e+00
 3.83500  4.302931317828892e+00
 3.84000  4.303450307889079e+00
 3.84500  4.303962655685573e+00
 3.85000  4.304468464129668e+00
 3.85500  4.304967834409180e+00
 3.86000  4.305460866000921e+00
 3.86500  4.305947656683128e+00
 3.87000  4.306428302547826e+00
 3.87500  4.306902898013164e+00
 3.88000  4.307371535835658e+00
 3.88500  4.307834307122438e+00
 3.89000  4.308291301343377e+00
 3.89500  4.308742606343212e+00
 3.90000  4.309188308353596e+00
 3.90500  4.309628492005075e+00
 3.91000  4.310063240339045e+00
 3.91500  4.310492634819616e+00
 3.92000  4.310916755345437e+00
 3.92500  4.311335680261463e+00
 3.93000  4.311749486370658e+00
 3.93500  4.312158248945642e+00
 3.94000  4.312562041740270e+00
 3.94500  4.312960937001163e+00
 3.95000  4.313355005479179e+00
 3.95500  4.313744316440808e+00
 3.96000  4.314128937679524e+00
 3.96500  4.314508935527058e+00
 3.97000  4.314884374864637e+00
 3.97500  4.315255319134120e+00
 3.98000  4.315621830349118e+00
 3.98500  4.315983969106012e+00
 3.99000  4.316341794594933e+00
 3.99500  4.316695364610678e+00
 4.00000  4.317044735563538e+00
 4.00500  4.317389962490099e+00
 4.01000  4.317731099063962e+00
 4.01500  4.318068197606387e+00
 4.02000  4.318401309096899e+00
 4.02500  4.318730483183812e+00
 4.03000  4.319055768194703e+00
 4.03500  4.319377211146807e+00
 4.04000  4.319694857757354e+00
 4.04500  4.320008752453847e+00
 4.05000  4.320318938384290e+00
 4.05500  4.320625457427301e+00
 4.06000  4.320928350202234e+00
 4.06500  4.321227656079158e+00
 4.07000  4.321523413188855e+00
 4.07500  4.321815658432675e+00
 4.08000  4.322104427492392e+00
 4.08500  4.322389754839949e+00
 4.09000  4.322671673747172e+00
 4.09500  4.322950216295389e+00
 4.10000  4.323225413385033e+00
 4.10500  4.323497294745120e+00
 4.11000  4.323765888942718e+00
 4.11500  4.324031223392315e+00
 4.12000  4.324293324365152e+00
 4.12500  4.324552216998473e+00
 4.13000  4.324807925913611e+00
 4.13500  4.325060489026934e+00
 4.14000  4.325309957801053e+00
 4.14500  4.325556383279727e+00
 4.15000  4.325799815442108e+00
 4.15500  4.326040303211137e+00
 4.16000  4.326277894461882e+00
 4.16500  4.326512636029842e+00
 4.17000  4.326744573719182e+00
 4.17500  4.326973752310896e+00
 4.18000  4.327200215570965e+00
 4.18500  4.327424006258410e+00
 4.19000  4.327645166133313e+00
 4.19500  4.327863735964800e+00
 4.20000  4.328079755538937e+00
 4.20500  4.328293263666594e+00
 4.21000  4.328504298191254e+00
 4.21500  4.328712895996770e+00
 4.22000  4.328919093015045e+00
 4.22500  4.329122924233704e+00
 4.23000  4.329324423703674e+00
 4.23500  4.329523624546722e+00
 4.24000  4.329720558962956e+00
 4.24500  4.329915258238250e+00
 4.25000  4.330107752751639e+00
 4.25500  4.330298071982637e+00
 4.26000  4.330486244518535e+00
 4.26500  4.330672298061620e+00
 4.27000  4.330856259436352e+00
 4.27500  4.331038154596493e+00
 4.28000  4.331218008632189e+00
 4.28500  4.331395845776983e+00
 4.29000  4.331571689414799e+00
 4.29500  4.331745562086867e+00
 4.30000  4.331917485498584e+00
 4.30500  4.332087480526355e+00
 4.31000  4.332255567224357e+00
 4.31500  4.332421764831263e+00
 4.32000  4.332586091776929e+00
 4.32500  4.332748565689008e+00
 4.33000  4.332909203399534e+00
 4.33500  4.333068020951450e+00
 4.34000  4.333225033620114e+00
 4.34500  4.333380261390648e+00
 4.35000  4.333533737111245e+00
 4.35500  4.333685494958393e+00
 4.36000  4.333835568363394e+00
 4.36500  4.333983990018345e+00
 4.37000  4.334130791882110e+00
 4.37500  4.334276005186226e+00
 4.38000  4.334419660440786e+00
 4.38500  4.334561787440255e+00
 4.39000  4.334702415269279e+00
 4.39500  4.334841572308402e+00
 4.40000  4.334979286239802e+00
 4.40500  4.335115584052931e+00
 4.41000  4.335250492050136e+00
 4.41500  4.335384035852258e+00
 4.42000  4.335516240404146e+00
 4.42500  4.335647129980170e+00
 4.43000  4.335776728189670e+00
 4.43500  4.335905057982380e+00
 4.44000  4.336032141653796e+00
 4.44500  4.336158000850517e+00
 4.45000  4.336282656575533e+00
 4.45500  4.336406129193499e+00
 4.46000  4.336528438435930e+00
 4.46500  4.336649603406393e+00
 4.47000  4.336769642585647e+00
 4.47500  4.336888573836729e+00
 4.48000  4.337006414410032e+00
 4.48500  4.337123180948320e+00
 4.49000  4.337238889491712e+00
 4.49500  4.337353555482628e+00
 4.50000  4.337467193770713e+00
 4.50500  4.337579818617685e+00
 4.51000  4.337691443702187e+00
 4.51500  4.337802082124585e+00
 4.52000  4.337911746411716e+00
 4.52500  4.338020448521630e+00
 4.53000  4.338128199848257e+00
 4.53500  4.338235011226083e+00
 4.54000  4.338340892934740e+00
 4.54500  4.338445854703608e+00
 4.55000  4.338549905716351e+00
 4.55500  4.338653054615427e+00
 4.56000  4.338755309506555e+00
 4.56500  4.338856677963171e+00
 4.57000  4.338957167030816e+00
 4.57500  4.339056783231523e+00
 4.58000  4.339155532568135e+00
 4.58500  4.339253420528628e+00
 4.59000  4.339350452090359e+00
 4.59500  4.339446631724314e+00
 4.60000  4.339541963399310e+00
 4.60500  4.339636450586165e+00
 4.61000  4.339730096261818e+00
 4.61500  4.339822902913451e+00
 4.62000  4.339914872542558e+00
 4.62500  4.340006006668971e+00
 4.63000  4.340096306334881e+00
 4.63500  4.340185772108797e+00
 4.64000  4.340274404089512e+00
 4.64500  4.340362201909991e+00
 4.65000  4.340449164741273e+00
 4.65500  4.340535291296296e+00
 4.66000  4.340620580420303e+00
 4.66500  4.340705037495261e+00
 4.67000  4.340788672048068e+00
 4.67500  4.340871493246964e+00
 4.68000  4.340953509824947e+00
 4.68500  4.341034730083371e+00
 4.69000  4.341115161895507e+00
 4.69500  4.341194812710061e+00
 4.70000  4.341273689554678e+00
 4.70500  4.341351799039423e+00
 4.71000  4.341429147360233e+00
 4.71500  4.341505740302318e+00
 4.72000  4.341581583243572e+00
 4.72500  4.341656681157931e+00
 4.73000  4.341731038618709e+00
 4.73500  4.341804659801925e+00
 4.74000  4.341877548489571e+00
 4.74500  4.341949708072887e+00
 4.75000  4.342021141555588e+00
 4.75500  4.342091851557079e+00
 4.76000  4.342161840315626e+00
 4.76500  4.342231109691527e+00
 4.77000  4.342299661170244e+00
 4.77500  4.342367495865500e+00
 4.78000  4.342434614522372e+00
 4.78500  4.342501017520342e+00
 4.79000  4.342566704876338e+00
 4.79500  4.342631676247736e+00
 4.80000  4.342695930935351e+00
 4.80500  4.342759467886387e+00
 4.81000  4.342822285697396e+00
 4.81500  4.342884382617166e+00
 4.82000  4.342945756549631e+00
 4.82500  4.343006405056726e+00
 4.83000  4.343066325361234e+00
 4.83500  4.343125514349614e+00
 4.84000  4.343183968574785e+00
 4.84500  4.343241684258914e+00
 4.85000  4.343298657296163e+00
 4.85500  4.343354883255418e+00
 4.86000  4.343410357383002e+00
 4.86500  4.343465074605357e+00
 4.87000  4.343519029531716e+00
 4.87500  4.343572216456734e+00
 4.88000  4.343624629363124e+00
 4.88500  4.343676261924243e+00
 4.89000  4.343727107506681e+00
 4.89500  4.343777159172815e+00
 4.90000  4.343826409683349e+00
 4.90500  4.343874851499825e+00
 4.91000  4.343922476787125e+00
 4.91500  4.343969277415940e+00
 4.92000  4.344015244965236e+00
 4.92500  4.344060370724678e+00
 4.93000  4.344104645697048e+00
 4.93500  4.344148060600646e+00
 4.94000  4.344190605871659e+00
 4.94500  4.344232271666523e+00
 4.95000  4.344273047864257e+00
 4.95500  4.344312924068780e+00
 4.96000  4.344351889611215e+00
 4.96500  4.344389933552165e+00
 4.97000  4.344427044683967e+00
 4.97500  4.344463211571964e+00
 4.98000  4.344498437228182e+00
 4.98500  4.344532761159488e+00
 4.99000  4.344566228269493e+00
 4.99500  4.344598883215954e+00
 5.00000  4.344630770412694e+00
 5.00500  4.344661934031512e+00
 5.01000  4.344692418004066e+00
 5.01500  4.344722266023761e+00
 5.02000  4.344751521547606e+00
 5.02500  4.344780227798066e+00
 5.03000  4.344808427764902e+00
 5.03500  4.344836164206994e+00
 5.04000  4.344863479654147e+00
 5.04500  4.344890416408892e+00
 5.05000  4.344917016548267e+00
 5.05500  4.344943321925595e+00
 5.06000  4.344969374172228e+00
 5.06500  4.344995214699302e+00
 5.07000  4.345020884699465e+00
 5.07500  4.345046425148595e+00
 5.08000  4.345071876807507e+00
 5.08500  4.345097280223648e+00
 5.09000  4.345122675732774e+00
 5.09500  4.345148103460620e+00
 5.10000  4.345173603324555e+00
 5.10500  4.345199215035227e+00
 5.11000  4.345224978098194e+00
 5.11500  4.345250931815541e+00
 5.12000  4.345277115287489e+00
 5.12500  4.345303567413989e+00
 5.13000  4.345330326896302e+00
 5.13500  4.345357432238579e+00
 5.14000  4.345384921749408e+00
 5.14500  4.345412833543373e+00
 5.15000  4.345441205542580e+00
 5.15500  4.345470075478190e+00
 5.16000  4.345499480891927e+00
 5.16500  4.345529459137578e+00
 5.17000  4.345560047382491e+00
 5.17500  4.345591282609043e+00
 5.18000  4.345623201616119e+00
 5.18500  4.345655841020559e+00
 5.19000  4.345689237258610e+00
 5.19500  4.345723426587356e+00
 5.20000  4.345758445086151e+00
 5.20500  4.345793412017501e+00
 5.21000  4.345828327506769e+00
 5.21500  4.345863191678895e+00
 5.22000  4.345898004658396e+00
 5.22500  4.345932766569367e+00
 5.23000  4.345967477535487e+00
 5.23500  4.346002137680011e+00
 5.24000  4.346036747125784e+00
 5.24500  4.346071305995237e+00
 5.25000  4.346105814410385e+00
 5.25500  4.346140272492839e+00
 5.26000  4.346174680363794e+00
 5.26500  4.346209038144046e+00
 5.27000  4.346243345953980e+00
 5.27500  4.346277603913581e+00
 5.28000  4.346311812142432e+00
 5.28500  4.346345970759716e+00
 5.29000  4.346380079884217e+00
 5.29500  4.346414139634324e+00
 5.30000  4.346448150128031e+00
 5.30500  4.346482111482940e+00
 5.31000  4.346516023816259e+00
 5.31500  4.346549887244811e+00
 5.32000  4.346583701885024e+00
 5.32500  4.346617467852947e+00
 5.33000  4.346651185264240e+00
 5.33500  4.346684854234183e+00
 5.34000  4.346718474877670e+00
 5.34500  4.346752047309221e+00
 5.35000  4.346785571642973e+00
 5.35500  4.346819047992689e+00
 5.36000  4.346852476471756e+00
 5.36500  4.346885857193189e+00
 5.37000  4.346919190269629e+00
 5.37500  4.346952475813349e+00
 5.38000  4.346985713936252e+00
 5.38500  4.347018904749874e+00
 5.39000  4.347052048365385e+00
 5.39500  4.347085144893593e+00
 5.40000  4.347118194444941e+00
 5.40500  4.347151197129512e+00
 5.41000  4.347184153057031e+00
 5.41500  4.347217062336860e+00
 5.42000  4.347249925078011e+00
 5.42500  4.347282741389139e+00
 5.43000  4.347315511378541e+00
 5.43500  4.347348235154169e+00
 5.44000  4.347380912823619e+00
 5.44500  4.347413544494140e+00
 5.45000  4.347446130272633e+00
 5.45500  4.347478670265654e+00
 5.46000  4.347511164579413e+00
 5.46500  4.347543613319776e+00
 5.47000  4.347576016592268e+00
 5.47500  4.347608374502075e+00
 5.48000  4.347640687154041e+00
 5.48500  4.347672954652672e+00
 5.49000  4.347705177102141e+00
 5.49500  4.347737354606285e+00
 5.50000  4.347769487268607e+00
 5.50500  4.347801575192277e+00
 5.51000  4.347833618480133e+00
 5.51500  4.347865617234688e+00
 5.52000  4.347897571558123e+00
 5.52500  4.347929481552295e+00
 5.53000  4.347961347318733e+00
 5.53500  4.347993168958643e+00
 5.54000  4.348024946572909e+00
 5.54500  4.348056680262093e+00
 5.55000  4.348088370126437e+00
 5.55500  4.348120016265864e+00
 5.56000  4.348151618779979e+00
 5.56500  4.348183177768071e+00
 5.57000  4.348214693329116e+00
 5.57500  4.348246165561775e+00
 5.58000  4.348277594564394e+00
 5.58500  4.348308980435013e+00
 5.59000  4.348340323271357e+00
 5.59500  4.348371623170846e+00
 5.60000  4.348402880230592e+00
 5.60500  4.348434094547400e+00
 5.61000  4.348465266217771e+00
 5.61500  4.348496395337902e+00
 5.62000  4.348527482003687e+00
 5.62500  4.348558526310720e+00
 5.63000  4.348589528354295e+00
 5.63500  4.348620488229405e+00
 5.64000  4.348651406030748e+00
 5.64500  4.348682281852725e+00
 5.65000  4.348713115789443e+00
 5.65500  4.348743907934709e+00
 5.66000  4.348774658382047e+00
 5.66500  4.348805367224681e+00
 5.67000  4.348836034555550e+00
 5.67500  4.348866660467299e+00
 5.68000  4.348897245052287e+00
 5.68500  4.348927788402588e+00
 5.69000  4.348958290609988e+00
 5.69500  4.348988751765988e+00
 5.70000  4.349019171961804e+00
 5.70500  4.349049551288376e+00
 5.71000  4.349079889836355e+00
 5.71500  4.349110187696114e+00
 5.72000  4.349140444957751e+00
 5.72500  4.349170661711081e+00
 5.73000  4.349200838045642e+00
 5.73500  4.349230974050701e+00
 5.74000  4.349261069815245e+00
 5.74500  4.349291125427992e+00
 5.75000  4.349321140977382e+00
 5.75500  4.349351116551590e+00
 5.76000  4.349381052238514e+00
 5.76500  4.349410948125787e+00
 5.77000  4.349440804300773e+00
 5.77500  4.349470620850568e+00
 5.78000  4.349500397862000e+00
 5.78500  4.349530135421635e+00
 5.79000  4.349559833615776e+00
 5.79500  4.349589492530456e+00
 5.80000  4.349619112251454e+00
 5.80500  4.349648692864283e+00
 5.81000  4.349678234454198e+00
 5.81500  4.349707737106194e+00
 5.82000  4.349737200905008e+00
 5.82500  4.349766625935121e+00
 5.83000  4.349796012280758e+00
 5.83500  4.349825360025887e+00
 5.84000  4.349854669254224e+00
 5.84500  4.349883940049232e+00
 5.85000  4.349913172494119e+00
 5.85500  4.349942366671848e+00
 5.86000  4.349971522665125e+00
 5.86500  4.350000640556410e+00
 5.87000  4.350029720427917e+00
 5.87500  4.350058762361609e+00
 5.88000  4.350087766439205e+00
 5.88500  4.350116732742178e+00
 5.89000  4.350145661351755e+00
 5.89500  4.350174552348923e+00
 5.90000  4.350203405814425e+00
 5.90500  4.350232221828760e+00
 5.91000  4.350261000472190e+00
 5.91500  4.350289741824737e+00
 5.92000  4.350318445966180e+00
 5.92500  4.350347112976066e+00
 5.93000  4.350375742933701e+00
 5.93500  4.350404335918155e+00
 5.94000  4.350432892008265e+00
 5.94500  4.350461411282632e+00
 5.95000  4.350489893819625e+00
 5.95500  4.350518339697380e+00
 5.96000  4.350546748993800e+00
 5.96500  4.350575121786558e+00
 5.97000  4.350603458153100e+00
 5.97500  4.350631758170637e+00
 5.98000  4.350660021916159e+00
 5.98500  4.350688249466424e+00
 5.99000  4.350716440897964e+00
 5.99500  4.350744596287086e+00
 6.00000  4.350772715709875e+00
 6.00500  4.350800799242186e+00
 6.01000  4.350828846959658e+00
 6.01500  4.350856858937703e+00
 6.02000  4.350884835251515e+00
 6.02500  4.350912775976064e+00
 6.03000  4.350940681186103e+00
 6.03500  4.350968550956166e+00
 6.04000  4.350996385360567e+00
 6.04500  4.351024184473404e+00
 6.05000  4.351051948368561e+00
 6.05500  4.351079677119703e+00
 6.06000  4.351107370800281e+00
 6.06500  4.351135029483533e+00
 6.07000  4.351162653242483e+00
 6.07500  4.351190242149944e+00
 6.08000  4.351217796278516e+00
 6.08500  4.351245315700588e+00
 6.09000  4.351272800488340e+00
 6.09500  4.351300250713743e+00
 6.10000  4.351327666448559e+00
 6.10500  4.351355047764342e+00
 6.11000  4.351382394732439e+00
 6.11500  4.351409707423993e+00
 6.12000  4.351436985909937e+00
 6.12500  4.351464230261007e+00
 6.13000  4.351491440547726e+00
 6.13500  4.351518616840421e+00
 6.14000  4.351545759209213e+00
 6.14500  4.351572867724023e+00
 6.15000  4.351599942454571e+00
 6.15500  4.351626983470376e+00
 6.16000  4.351653990840758e+00
 6.16500  4.351680964634839e+00
 6.17000  4.351707904921543e+00
 6.17500  4.351734811769596e+00
 6.18000  4.351761685247527e+00
 6.18500  4.351788525423672e+00
 6.19000  4.351815332366169e+00
 6.19500  4.351842106142963e+00
 6.20000  4.351868846821805e+00
 6.20500  4.351895554470255e+00
 6.21000  4.351922229155678e+00
 6.21500  4.351948870945249e+00
 6.22000  4.351975479905951e+00
 6.22500  4.352002056104578e+00
 6.23000  4.352028599607736e+00
 6.23500  4.352055110481839e+00
 6.24000  4.352081588793114e+00
 6.24500  4.352108034607604e+00
 6.25000  4.352134447991161e+00
 6.25500  4.352160829009454e+00
 6.26000  4.352187177727962e+00
 6.26500  4.352213494211985e+00
 6.27000  4.352239778526638e+00
 6.27500  4.352266030736849e+00
 6.28000  4.352292250907366e+00
 6.28500  4.352318439102756e+00
 6.29000  4.352344595387402e+00
 6.29500  4.352370719825509e+00
 6.30000  4.352396812481100e+00
 6.30500  4.352422873418019e+00
 6.31000  4.352448902699932e+00
 6.31500  4.352474900390325e+00
 6.32000  4.352500866552510e+00
 6.32500  4.352526801249619e+00
 6.33000  4.352552704544609e+00
 6.33500  4.352578576500260e+00
 6.34000  4.352604417179181e+00
 6.34500  4.352630226643804e+00
 6.35000  4.352656004956385e+00
 6.35500  4.352681752179011e+00
 6.36000  4.352707468373595e+00
 6.36500  4.352733153601876e+00
 6.37000  4.352758807925427e+00
 6.37500  4.352784431405644e+00
 6.38000  4.352810024103758e+00
 6.38500  4.352835586080828e+00
 6.39000  4.352861117397747e+00
 6.39500  4.352886618115234e+00
 6.40000  4.352912088293848e+00
 6.40500  4.352937527993974e+00
 6.41000  4.352962937275835e+00
 6.41500  4.352988316199487e+00
 6.42000  4.353013664824820e+00
 6.42500  4.353038983211561e+00
 6.43000  4.353064271419269e+00
 6.43500  4.353089529507345e+00
 6.44000  4.353114757535025e+00
 6.44500  4.353139955561378e+00
 6.45000  4.353165123645319e+00
 6.45500  4.353190261845597e+00
 6.46000  4.353215370220799e+00
 6.46500  4.353240448829357e+00
 6.47000  4.353265497729541e+00
 6.47500  4.353290516979458e+00
 6.48000  4.353315506637062e+00
 6.48500  4.353340466760149e+00
 6.49000  4.353365397406355e+00
 6.49500  4.353390298633160e+00
 6.50000  4.353415170497887e+00
 6.50500  4.353440013057707e+00
 6.51000  4.353464826369630e+00
 6.51500  4.353489610490517e+00
 6.52000  4.353514365477070e+00
 6.52500  4.353539091385844e+00
 6.53000  4.353563788273235e+00
 6.53500  4.353588456195486e+00
 6.54000  4.353613095208694e+00
 6.54500  4.353637705368801e+00
 6.55000  4.353662286731597e+00
 6.55500  4.353686839352724e+00
 6.56000  4.353711363287672e+00
 6.56500  4.353735858591784e+00
 6.57000  4.353760325320252e+00
 6.57500  4.353784763528122e+00
 6.58000  4.353809173270290e+00
 6.58500  4.353833554601505e+00
 6.59000  4.353857907576371e+00
 6.59500  4.353882232249344e+00
 6.60000  4.353906528674736e+00
 6.60500  4.353930796906710e+00
 6.61000  4.353955036999291e+00
 6.61500  4.353979249006351e+00
 6.62000  4.354003432981626e+00
 6.62500  4.354027588978703e+00
 6.63000  4.354051717051032e+00
 6.63500  4.354075817251913e+00
 6.64000  4.354099889634513e+00
 6.64500  4.354123934251851e+00
 6.65000  4.354147951156807e+00
 6.65500  4.354171940402122e+00
 6.66000  4.354195902040395e+00
 6.66500  4.354219836124088e+00
 6.67000  4.354243742705521e+00
 6.67500  4.354267621836880e+00
 6.68000  4.354291473570208e+00
 6.68500  4.354315297957414e+00
 6.69000  4.354339095050267e+00
 6.69500  4.354362864900402e+00
 6.70000  4.354386607559318e+00
 6.70500  4.354410323078375e+00
 6.71000  4.354434011508802e+00
 6.71500  4.354457672901690e+00
 6.72000  4.354481307307998e+00
 6.72500  4.354504914778549e+00
 6.73000  4.354528495364034e+00
 6.73500  4.354552049115011e+00
 6.74000  4.354575576081903e+00
 6.74500  4.354599076315006e+00
 6.75000  4.354622549864481e+00
 6.75500  4.354645996780357e+00
 6.76000  4.354669417112534e+00
 6.76500  4.354692810910781e+00
 6.77000  4.354716178224738e+00
 6.77500  4.354739519103914e+00
 6.78000  4.354762833597691e+00
 6.78500  4.354786121755320e+00
 6.79000  4.354809383625927e+00
 6.79500  4.354832619258508e+00
 6.80000  4.354855828701930e+00
 6.80500  4.354879012004937e+00
 6.81000  4.354902169216144e+00
 6.81500  4.354925300384044e+00
 6.82000  4.354948405556997e+00
 6.82500  4.354971484783245e+00
 6.83000  4.354994538110900e+00
 6.83500  4.355017565587953e+00
 6.84000  4.355040567262272e+00
 6.84500  4.355063543181596e+00
 6.85000  4.355086493393546e+00
 6.85500  4.355109417945618e+00
 6.86000  4.355132316885188e+00
 6.86500  4.355155190259506e+00
 6.87000  4.355178038115703e+00
 6.87500  4.355200860500791e+00
 6.88000  4.355223657461658e+00
 6.88500  4.355246429045072e+00
 6.89000  4.355269175297681e+00
 6.89500  4.355291896266016e+00
 6.90000  4.355314591996487e+00
 6.90500  4.355337262535385e+00
 6.91000  4.355359907928883e+00
 6.91500  4.355382528223037e+00
 6.92000  4.355405123463783e+00
 6.92500  4.355427693696942e+00
 6.93000  4.355450238968218e+00
 6.93500  4.355472759323199e+00
 6.94000  4.355495254807353e+00
 6.94500  4.355517725466039e+00
 6.95000  4.355540171344495e+00
 6.95500  4.355562592487845e+00
 6.96000  4.355584988941104e+00
 6.96500  4.355607360749163e+00
 6.97000  4.355629707956810e+00
 6.97500  4.355652030608710e+00
 6.98000  4.355674328749423e+00
 6.98500  4.355696602423389e+00
 6.99000  4.355718851674942e+00
 6.99500  4.355741076548300e+00
 7.00000  4.355763277087571e+00
 7.00500  4.355785453336750e+00
 7.01000  4.355807605339725e+00
 7.01500  4.355829733140269e+00
 7.02000  4.355851836782048e+00
 7.02500  4.355873916308618e+00
 7.03000  4.355895971763423e+00
 7.03500  4.355918003189799e+00
 7.04000  4.355940010630976e+00
 7.04500  4.355961994130070e+00
 7.05000  4.355983953730097e+00
 7.05500  4.356005889473957e+00
 7.06000  4.356027801404448e+00
 7.06500  4.356049689564257e+00
 7.07000  4.356071553995969e+00
 7.07500  4.356093394742060e+00
 7.08000  4.356115211844899e+00
 7.08500  4.356137005346752e+00
 7.09000  4.356158775289778e+00
 7.09500  4.356180521716031e+00
 7.10000  4.356202244667460e+00
 7.10500  4.356223944185912e+00
 7.11000  4.356245620313127e+00
 7.11500  4.356267273090744e+00
 7.12000  4.356288902560296e+00
 7.12500  4.356310508763216e+00
 7.13000  4.356332091740832e+00
 7.13500  4.356353651534371e+00
 7.14000  4.356375188184957e+00
 7.14500  4.356396701733614e+00
 7.15000  4.356418192221262e+00
 7.15500  4.356439659688722e+00
 7.16000  4.356461104176714e+00
 7.16500  4.356482525725856e+00
 7.17000  4.356503924376670e+00
 7.17500  4.356525300169573e+00
 7.18000  4.356546653144886e+00
 7.18500  4.356567983342829e+00
 7.19000  4.356589290803527e+00
 7.19500  4.356610575567000e+00
 7.20000  4.356631837673175e+00
 7.20500  4.356653077161878e+00
 7.21000  4.356674294072842e+00
 7.21500  4.356695488445697e+00
 7.22000  4.356716660319979e+00
 7.22500  4.356737809735127e+00
 7.23000  4.356758936730484e+00
 7.23500  4.356780041345297e+00
 7.24000  4.356801123618717e+00
 7.24500  4.356822183589798e+00
 7.25000  4.356843221297499e+00
 7.25500  4.356864236780688e+00
 7.26000  4.356885230078135e+00
 7.26500  4.356906201228516e+00
 7.27000  4.356927150270413e+00
 7.27500  4.356948077242316e+00
 7.28000  4.356968982182619e+00
 7.28500  4.356989865129625e+00
 7.29000  4.357010726121543e+00
 7.29500  4.357031565196491e+00
 7.30000  4.357052382392492e+00
 7.30500  4.357073177747480e+00
 7.31000  4.357093951299296e+00
 7.31500  4.357114703085688e+00
 7.32000  4.357135433144317e+00
 7.32500  4.357156141512749e+00
 7.33000  4.357176828228462e+00
 7.33500  4.357197493328842e+00
 7.34000  4.357218136851186e+00
 7.34500  4.357238758832703e+00
 7.35000  4.357259359310508e+00
 7.35500  4.357279938321633e+00
 7.36000  4.357300495903015e+00
 7.36500  4.357321032091505e+00
 7.37000  4.357341546923869e+00
 7.37500  4.357362040436779e+00
 7.38000  4.357382512666823e+00
 7.38500  4.357402963650499e+00
 7.39000  4.357423393424221e+00
 7.39500  4.357443802024314e+00
 7.40000  4.357464189487015e+00
 7.40500  4.357484555848479e+00
 7.41000  4.357504901144768e+00
 7.41500  4.357525225411865e+00
 7.42000  4.357545528685663e+00
 7.42500  4.357565811001971e+00
 7.43000  4.357586072396514e+00
 7.43500  4.357606312904928e+00
 7.44000  4.357626532562771e+00
 7.44500  4.357646731405509e+00
 7.45000  4.357666909468530e+00
 7.45500  4.357687066787135e+00
 7.46000  4.357707203396544e+00
 7.46500  4.357727319331890e+00
 7.47000  4.357747414628226e+00
 7.47500  4.357767489320520e+00
 7.48000  4.357787543443659e+00
 7.48500  4.357807577032448e+00
 7.49000  4.357827590121608e+00
 7.49500  4.357847582745780e+00
 7.50000  4.357867554939521e+00
 7.50500  4.357887506737311e+00
 7.51000  4.357907438173543e+00
 7.51500  4.357927349282533e+00
 7.52000  4.357947240098518e+00
 7.52500  4.357967110655649e+00
 7.53000  4.357986960988003e+00
 7.53500  4.358006791129573e+00
 7.54000  4.358026601114275e+00
 7.54500  4.358046390975941e+00
 7.55000  4.358066160748330e+00
 7.55500  4.358085910465118e+00
 7.56000  4.358105640159904e+00
 7.56500  4.358125349866207e+00
 7.57000  4.358145039617471e+00
 7.57500  4.358164709447057e+00
 7.58000  4.358184359388252e+00
 7.58500  4.358203989474266e+00
 7.59000  4.358223599738228e+00
 7.59500  4.358243190213192e+00
 7.60000  4.358262760932138e+00
 7.60500  4.358282311927963e+00
 7.61000  4.358301843233496e+00
 7.61500  4.358321354881481e+00
 7.62000  4.358340846904592e+00
 7.62500  4.358360319335425e+00
 7.63000  4.358379772206502e+00
 7.63500  4.358399205550267e+00
 7.64000  4.358418619399093e+00
 7.64500  4.358438013785276e+00
 7.65000  4.358457388741034e+00
 7.65500  4.358476744298518e+00
 7.66000  4.358496080489800e+00
 7.66500  4.358515397346879e+00
 7.67000  4.358534694901678e+00
 7.67500  4.358553973186051e+00
 7.68000  4.358573232231778e+00
 7.68500  4.358592472070561e+00
 7.69000  4.358611692734034e+00
 7.69500  4.358630894253760e+00
 7.70000  4.358650076661222e+00
 7.70500  4.358669239987838e+00
 7.71000  4.358688384264951e+00
 7.71500  4.358707509523833e+00
 7.72000  4.358726615795685e+00
 7.72500  4.358745703111634e+00
 7.73000  4.358764771502738e+00
 7.73500  4.358783820999983e+00
 7.74000  4.358802851634288e+00
 7.74500  4.358821863436496e+00
 7.75000  4.358840856437384e+00
 7.75500  4.358859830667655e+00
 7.76000  4.358878786157945e+00
 7.76500  4.358897722938819e+00
 7.77000  4.358916641040774e+00
 7.77500  4.358935540494236e+00
 7.78000  4.358954421329563e+00
 7.78500  4.358973283577043e+00
 7.79000  4.358992127266898e+00
 7.79500  4.359010952429276e+00
 7.80000  4.359029759094264e+00
 7.80500  4.359048547291875e+00
 7.81000  4.359067317052057e+00
 7.81500  4.359086068404689e+00
 7.82000  4.359104801379584e+00
 7.82500  4.359123516006486e+00
 7.83000  4.359142212315072e+00
 7.83500  4.359160890334955e+00
 7.84000  4.359179550095677e+00
 7.84500  4.359198191626716e+00
 7.85000  4.359216814957484e+00
 7.85500  4.359235420117324e+00
 7.86000  4.359254007135517e+00
 7.86500  4.359272576041277e+00
 7.87000  4.359291126863749e+00
 7.87500  4.359309659632017e+00
 7.88000  4.359328174375098e+00
 7.88500  4.359346671121944e+00
 7.89000  4.359365149901443e+00
 7.89500  4.359383610742416e+00
 7.90000  4.359402053673624e+00
 7.90500  4.359420478723758e+00
 7.91000  4.359438885921448e+00
 7.91500  4.359457275295263e+00
 7.92000  4.359475646873703e+00
 7.92500  4.359494000685206e+00
 7.93000  4.359512336758149e+00
 7.93500  4.359530655120843e+00
 7.94000  4.359548955801539e+00
 7.94500  4.359567238828421e+00
 7.95000  4.359585504229615e+00
 7.95500  4.359603752033180e+00
 7.96000  4.359621982267117e+00
 7.96500  4.359640194959362e+00
 7.97000  4.359658390137791e+00
 7.97500  4.359676567830215e+00
 7.98000  4.359694728064388e+00
 7.98500  4.359712870867999e+00
 7.99000  4.359730996268678e+00
 7.99500  4.359749104293992e+00
 8.00000  4.359767194971449e+00
 8.00500  4.359785268328496e+00
 8.01000  4.359803324392516e+00
 8.01500  4.359821363190838e+00
 8.02000  4.359839384750726e+00
 8.02500  4.359857389099385e+00
 8.03000  4.359875376263959e+00
 8.03500  4.359893346271538e+00
 8.04000  4.359911299149145e+00
 8.04500  4.359929234923747e+00
 8.05000  4.359947153622254e+00
 8.05500  4.359965055271513e+00
 8.06000  4.359982939898313e+00
 8.06500  4.360000807529388e+00
 8.07000  4.360018658191407e+00
 8.07500  4.360036491910988e+00
 8.08000  4.360054308714686e+00
 8.08500  4.360072108628999e+00
 8.09000  4.360089891680366e+00
 8.09500  4.360107657895171e+00
 8.10000  4.360125407299740e+00
 8.10500  4.360143139920338e+00
 8.11000  4.360160855783177e+00
 8.11500  4.360178554914412e+00
 8.12000  4.360196237340135e+00
 8.12500  4.360213903086390e+00
 8.13000  4.360231552179159e+00
 8.13500  4.360249184644368e+00
 8.14000  4.360266800507889e+00
 8.14500  4.360284399795535e+00
 8.15000  4.360301982533064e+00
 8.15500  4.360319548746179e+00
 8.16000  4.360337098460527e+00
 8.16500  4.360354631701702e+00
 8.17000  4.360372148495236e+00
 8.17500  4.360389648866613e+00
 8.18000  4.360407132841258e+00
 8.18500  4.360424600444541e+00
 8.19000  4.360442051701781e+00
 8.19500  4.360459486638237e+00
 8.20000  4.360476905279117e+00
 8.20500  4.360494307649574e+00
 8.21000  4.360511693774709e+00
 8.21500  4.360529063679565e+00
 8.22000  4.360546417389134e+00
 8.22500  4.360563754928352e+00
 8.23000  4.360581076322106e+00
 8.23500  4.360598381595223e+00
 8.24000  4.360615670772482e+00
 8.24500  4.360632943878607e+00
 8.25000  4.360650200938270e+00
 8.25500  4.360667441976088e+00
 8.26000  4.360684667016629e+00
 8.26500  4.360701876084405e+00
 8.27000  4.360719069203877e+00
 8.27500  4.360736246399455e+00
 8.28000  4.360753407695494e+00
 8.28500  4.360770553116299e+00
 8.29000  4.360787682686124e+00
 8.29500  4.360804796429170e+00
 8.30000  4.360821894369585e+00
 8.30500  4.360838976531471e+00
 8.31000  4.360856042938871e+00
 8.31500  4.360873093615785e+00
 8.32000  4.360890128586156e+00
 8.32500  4.360907147873879e+00
 8.33000  4.360924151502798e+00
 8.33500  4.360941139496705e+00
 8.34000  4.360958111879344e+00
 8.34500  4.360975068674407e+00
 8.35000  4.360992009905535e+00
 8.35500  4.361008935596323e+00
 8.36000  4.361025845770312e+00
 8.36500  4.361042740450995e+00
 8.37000  4.361059619661815e+00
 8.37500  4.361076483426166e+00
 8.38000  4.361093331767393e+00
 8.38500  4.361110164708792e+00
 8.39000  4.361126982273605e+00
 8.39500  4.361143784485034e+00
 8.40000  4.361160571366226e+00
 8.40500  4.361177342940281e+00
 8.41000  4.361194099230250e+00
 8.41500  4.361210840259136e+00
 8.42000  4.361227566049893e+00
 8.42500  4.361244276625428e+00
 8.43000  4.361260972008600e+00
 8.43500  4.361277652222221e+00
 8.44000  4.361294317289052e+00
 8.44500  4.361310967231809e+00
 8.45000  4.361327602073159e+00
 8.45500  4.361344221835724e+00
 8.46000  4.361360826542076e+00
 8.46500  4.361377416214741e+00
 8.47000  4.361393990876199e+00
 8.47500  4.361410550548883e+00
 8.48000  4.361427095255178e+00
 8.48500  4.361443625017422e+00
 8.49000  4.361460139857907e+00
 8.49500  4.361476639798881e+00
 8.50000  4.361493124862544e+00
 8.50500  4.361509595071047e+00
 8.51000  4.361526050446502e+00
 8.51500  4.361542491010967e+00
 8.52000  4.361558916786461e+00
 8.52500  4.361575327794951e+00
 8.53000  4.361591724058367e+00
 8.53500  4.361608105598585e+00
 8.54000  4.361624472437441e+00
 8.54500  4.361640824596724e+00
 8.55000  4.361657162098179e+00
 8.55500  4.361673484963502e+00
 8.56000  4.361689793214352e+00
 8.56500  4.361706086872336e+00
 8.57000  4.361722365959021e+00
 8.57500  4.361738630495927e+00
 8.58000  4.361754880504532e+00
 8.58500  4.361771116006266e+00
 8.59000  4.361787337022520e+00
 8.59500  4.361803543574636e+00
 8.60000  4.361819735683916e+00
 8.60500  4.361835913371617e+00
 8.61000  4.361852076658952e+00
 8.61500  4.361868225567091e+00
 8.62000  4.361884360117159e+00
 8.62500  4.361900480330239e+00
 8.63000  4.361916586227374e+00
 8.63500  4.361932677829557e+00
 8.64000  4.361948755157745e+00
 8.64500  4.361964818232848e+00
 8.65000  4.361980867075733e+00
 8.65500  4.361996901707228e+00
 8.66000  4.362012922148115e+00
 8.66500  4.362028928419136e+00
 8.67000  4.362044920540989e+00
 8.67500  4.362060898534330e+00
 8.68000  4.362076862419775e+00
 8.68500  4.362092812217895e+00
 8.69000  4.362108747949222e+00
 8.69500  4.362124669634245e+00
 8.70000  4.362140577293411e+00
 8.70500  4.362156470947125e+00
 8.71000  4.362172350615753e+00
 8.71500  4.362188216319619e+00
 8.72000  4.362204068079003e+00
 8.72500  4.362219905914148e+00
 8.73000  4.362235729845253e+00
 8.73500  4.362251539892476e+00
 8.74000  4.362267336075937e+00
 8.74500  4.362283118415715e+00
 8.75000  4.362298886931846e+00
 8.75500  4.362314641644327e+00
 8.76000  4.362330382573114e+00
 8.76500  4.362346109738124e+00
 8.77000  4.362361823159234e+00
 8.77500  4.362377522856280e+00
 8.78000  4.362393208849055e+00
 8.78500  4.362408881157320e+00
 8.79000  4.362424539800790e+00
 8.79500  4.362440184799142e+00
 8.80000  4.362455816172013e+00
 8.80500  4.362471433939003e+00
 8.81000  4.362487038119670e+00
 8.81500  4.362502628733534e+00
 8.82000  4.362518205800074e+00
 8.82500  4.362533769338736e+00
 8.83000  4.362549319368918e+00
 8.83500  4.362564855909988e+00
 8.84000  4.362580378981269e+00
 8.84500  4.362595888602048e+00
 8.85000  4.362611384791573e+00
 8.85500  4.362626867569054e+00
 8.86000  4.362642336953663e+00
 8.86500  4.362657792964534e+00
 8.87000  4.362673235620760e+00
 8.87500  4.362688664941401e+00
 8.88000  4.362704080945473e+00
 8.88500  4.362719483651961e+00
 8.89000  4.362734873079806e+00
 8.89500  4.362750249247916e+00
 8.90000  4.362765612175158e+00
 8.90500  4.362780961880365e+00
 8.91000  4.362796298382328e+00
 8.91500  4.362811621699808e+00
 8.92000  4.362826931851520e+00
 8.92500  4.362842228856149e+00
 8.93000  4.362857512732339e+00
 8.93500  4.362872783498701e+00
 8.94000  4.362888041173805e+00
 8.94500  4.362903285776185e+00
 8.95000  4.362918517324341e+00
 8.95500  4.362933735836735e+00
 8.96000  4.362948941331793e+00
 8.96500  4.362964133827904e+00
 8.97000  4.362979313343422e+00
 8.97500  4.362994479896662e+00
 8.98000  4.363009633505905e+00
 8.98500  4.363024774189399e+00
 8.99000  4.363039901965350e+00
 8.99500  4.363055016851934e+00
 9.00000  4.363070118867287e+00
 9.00500  4.363085208029512e+00
 9.01000  4.363100284356675e+00
 9.01500  4.363115347866808e+00
 9.02000  4.363130398577907e+00
 9.02500  4.363145436507931e+00
 9.03000  4.363160461674808e+00
 9.03500  4.363175474096428e+00
 9.04000  4.363190473790645e+00
 9.04500  4.363205460775282e+00
 9.05000  4.363220435068123e+00
 9.05500  4.363235396686920e+00
 9.06000  4.363250345649391e+00
 9.06500  4.363265281973215e+00
 9.07000  4.363280205676042e+00
 9.07500  4.363295116775485e+00
 9.08000  4.363310015289123e+00
 9.08500  4.363324901234501e+00
 9.09000  4.363339774629129e+00
 9.09500  4.363354635490484e+00
 9.10000  4.363369483836009e+00
 9.10500  4.363384319683114e+00
 9.11000  4.363399143049173e+00
 9.11500  4.363413953951527e+00
 9.12000  4.363428752407485e+00
 9.12500  4.363443538434321e+00
 9.13000  4.363458312049278e+00
 9.13500  4.363473073269560e+00
 9.14000  4.363487822112345e+00
 9.14500  4.363502558594772e+00
 9.15000  4.363517282733949e+00
 9.15500  4.363531994546953e+00
 9.16000  4.363546694050825e+00
 9.16500  4.363561381262574e+00
 9.17000  4.363576056199179e+00
 9.17500  4.363590718877581e+00
 9.18000  4.363605369314692e+00
 9.18500  4.363620007527392e+00
 9.19000  4.363634633532526e+00
 9.19500  4.363649247346910e+00
 9.20000  4.363663848987323e+00
 9.20500  4.363678438470515e+00
 9.21000  4.363693015813206e+00
 9.21500  4.363707581032079e+00
 9.22000  4.363722134143787e+00
 9.22500  4.363736675164954e+00
 9.23000  4.363751204112166e+00
 9.23500  4.363765721001983e+00
 9.24000  4.363780225850933e+00
 9.24500  4.363794718675506e+00
 9.25000  4.363809199492170e+00
 9.25500  4.363823668317354e+00
 9.26000  4.363838125167460e+00
 9.26500  4.363852570058855e+00
 9.27000  4.363867003007879e+00
 9.27500  4.363881424030838e+00
 9.28000  4.363895833144007e+00
 9.28500  4.363910230363633e+00
 9.29000  4.363924615705928e+00
 9.29500  4.363938989187075e+00
 9.30000  4.363953350823228e+00
 9.30500  4.363967700630508e+00
 9.31000  4.363982038625005e+00
 9.31500  4.363996364822782e+00
 9.32000  4.364010679239867e+00
 9.32500  4.364024981892259e+00
 9.33000  4.364039272795930e+00
 9.33500  4.364053551966819e+00
 9.34000  4.364067819420834e+00
 9.34500  4.364082075173854e+00
 9.35000  4.364096319241729e+00
 9.35500  4.364110551640278e+00
 9.36000  4.364124772385289e+00
 9.36500  4.364138981492522e+00
 9.37000  4.364153178977709e+00
 9.37500  4.364167364856547e+00
 9.38000  4.364181539144708e+00
 9.38500  4.364195701857834e+00
 9.39000  4.364209853011535e+00
 9.39500  4.364223992621394e+00
 9.40000  4.364238120702963e+00
 9.40500  4.364252237271768e+00
 9.41000  4.364266342343303e+00
 9.41500  4.364280435933032e+00
 9.42000  4.364294518056393e+00
 9.42500  4.364308588728792e+00
 9.43000  4.364322647965611e+00
 9.43500  4.364336695782197e+00
 9.44000  4.364350732193873e+00
 9.44500  4.364364757215931e+00
 9.45000  4.364378770863634e+00
 9.45500  4.364392773152219e+00
 9.46000  4.364406764096892e+00
 9.46500  4.364420743712834e+00
 9.47000  4.364434712015192e+00
 9.47500  4.364448669019090e+00
 9.48000  4.364462614739621e+00
 9.48500  4.364476549191853e+00
 9.49000  4.364490472390822e+00
 9.49500  4.364504384351537e+00
 9.50000  4.364518285088982e+00
 9.50500  4.364532174618108e+00
 9.51000  4.364546052953846e+00
 9.51500  4.364559920111089e+00
 9.52000  4.364573776104713e+00
 9.52500  4.364587620949560e+00
 9.53000  4.364601454660442e+00
 9.53500  4.364615277252152e+00
 9.54000  4.364629088739449e+00
 9.54500  4.364642889137066e+00
 9.55000  4.364656678459712e+00
 9.55500  4.364670456722063e+00
 9.56000  4.364684223938773e+00
 9.56500  4.364697980124467e+00
 9.57000  4.364711725293743e+00
 9.57500  4.364725459461172e+00
 9.58000  4.364739182641298e+00
 9.58500  4.364752894848639e+00
 9.59000  4.364766596097684e+00
 9.59500  4.364780286402899e+00
 9.60000  4.364793965778722e+00
 9.60500  4.364807634239560e+00
 9.61000  4.364821291799802e+00
 9.61500  4.364834938473803e+00
 9.62000  4.364848574275895e+00
 9.62500  4.364862199220384e+00
 9.63000  4.364875813321548e+00
 9.63500  4.364889416593642e+00
 9.64000  4.364903009050891e+00
 9.64500  4.364916590707495e+00
 9.65000  4.364930161577630e+00
 9.65500  4.364943721675444e+00
 9.66000  4.364957271015061e+00
 9.66500  4.364970809610577e+00
 9.67000  4.364984337476064e+00
 9.67500  4.364997854625566e+00
 9.68000  4.365011361073105e+00
 9.68500  4.365024856832674e+00
 9.69000  4.365038341918242e+00
 9.69500  4.365051816343754e+00
 9.70000  4.365065280123127e+00
 9.70500  4.365078733270252e+00
 9.71000  4.365092175799000e+00
 9.71500  4.365105607723210e+00
 9.72000  4.365119029056701e+00
 9.72500  4.365132439813264e+00
 9.73000  4.365145840006666e+00
 9.73500  4.365159229650650e+00
 9.74000  4.365172608758932e+00
 9.74500  4.365185977345204e+00
 9.75000  4.365199335423133e+00
 9.75500  4.365212683006363e+00
 9.76000  4.365226020108511e+00
 9.76500  4.365239346743171e+00
 9.77000  4.365252662923911e+00
 9.77500  4.365265968664275e+00
 9.78000  4.365279263977783e+00
 9.78500  4.365292548877931e+00
 9.79000  4.365305823378189e+00
 9.79500  4.365319087492003e+00
 9.80000  4.365332341232798e+00
 9.80500  4.365345584613970e+00
 9.81000  4.365358817648893e+00
 9.81500  4.365372040350918e+00
 9.82000  4.365385252733371e+00
 9.82500  4.365398454809554e+00
 9.83000  4.365411646592745e+00
 9.83500  4.365424828096198e+00
 9.84000  4.365437999333143e+00
 9.84500  4.365451160316788e+00
 9.85000  4.365464311060316e+00
 9.85500  4.365477451576887e+00
 9.86000  4.365490581879635e+00
 9.86500  4.365503701981673e+00
 9.87000  4.365516811896090e+00
 9.87500  4.365529911635953e+00
 9.88000  4.365543001214302e+00
 9.88500  4.365556080644157e+00
 9.89000  4.365569149938513e+00
 9.89500  4.365582209110342e+00
 9.90000  4.365595258172593e+00
 9.90500  4.365608297138195e+00
 9.91000  4.365621326020048e+00
 9.91500  4.365634344831032e+00
 9.92000  4.365647353584007e+00
 9.92500  4.365660352291804e+00
 9.93000  4.365673340967236e+00
 9.93500  4.365686319623092e+00
 9.94000  4.365699288272136e+00
 9.94500  4.365712246927115e+00
 9.95000  4.365725195600745e+00
 9.95500  4.365738134305728e+00
 9.96000  4.365751063054736e+00
 9.96500  4.365763981860424e+00
 9.97000  4.365776890735424e+00
 9.97500  4.365789789692343e+00
 9.98000  4.365802678743766e+00
 9.98500  4.365815557902257e+00
 9.99000  4.365828427180358e+00
 9.99500  4.365841286590588e+00
10.00000  4.365854136145446e+00
