# 1.20752553(Re)  5.21424167(De)  0.00000000(Te)  2.37709773(beta) X3S-1.dat
 0.00500  2.706674365759511e+03
 0.01000  2.633208902730535e+03
 0.01500  2.561696118726310e+03
 0.02000  2.492084678201915e+03
 0.02500  2.424324587966660e+03
 0.03000  2.358367162177236e+03
 0.03500  2.294164988242532e+03
 0.04000  2.231671893616465e+03
 0.04500  2.170842913455670e+03
 0.05000  2.111634259119548e+03
 0.05500  2.054003287490773e+03
 0.06000  1.997908471094858e+03
 0.06500  1.943309368998036e+03
 0.07000  1.890166598463137e+03
 0.07500  1.838441807343802e+03
 0.08000  1.788097647197749e+03
 0.08500  1.739097747100422e+03
 0.09000  1.691406688140775e+03
 0.09500  1.644989978581430e+03
 0.10000  1.599814029665929e+03
 0.10500  1.555846132056231e+03
 0.11000  1.513054432884046e+03
 0.11500  1.471407913400023e+03
 0.12000  1.430876367205258e+03
 0.12500  1.391430379049915e+03
 0.13000  1.353041304184236e+03
 0.13500  1.315681248247565e+03
 0.14000  1.279323047681333e+03
 0.14500  1.243940250652427e+03
 0.15000  1.209507098473601e+03
 0.15500  1.175998507508037e+03
 0.16000  1.143390051545405e+03
 0.16500  1.111657944637195e+03
 0.17000  1.080779024379328e+03
 0.17500  1.050730735630414e+03
 0.18000  1.021491114654328e+03
 0.18500  9.930387736760287e+02
 0.19000  9.653528858398959e+02
 0.19500  9.384131705600711e+02
 0.20000  9.121998792526282e+02
 0.20500  8.866937814396090e+02
 0.21000  8.618761512152481e+02
 0.21500  8.377287540649704e+02
 0.22000  8.142338340279515e+02
 0.22500  7.913741011943196e+02
 0.23000  7.691327195282657e+02
 0.23500  7.474932950085938e+02
 0.24000  7.264398640784299e+02
 0.24500  7.059568823960474e+02
 0.25000  6.860292138789721e+02
 0.25500  6.666421200337168e+02
 0.26000  6.477812495637235e+02
 0.26500  6.294326282482532e+02
 0.27000  6.115826490851817e+02
 0.27500  5.942180626908178e+02
 0.28000  5.773259679500521e+02
 0.28500  5.608938029103308e+02
 0.29000  5.449093359130793e+02
 0.29500  5.293606569564190e+02
 0.30000  5.142361692831295e+02
 0.30500  4.995245811880114e+02
 0.31000  4.852148980389157e+02
 0.31500  4.712964145058903e+02
 0.32000  4.577587069930154e+02
 0.32500  4.445916262676463e+02
 0.33000  4.317852902819330e+02
 0.33500  4.193300771815924e+02
 0.34000  4.072166184970707e+02
 0.34500  3.954357925123356e+02
 0.35000  3.839787178066719e+02
 0.35500  3.728367469649822e+02
 0.36000  3.620014604521893e+02
 0.36500  3.514646606474809e+02
 0.37000  3.412183660342176e+02
 0.37500  3.312548055414624e+02
 0.38000  3.215664130331696e+02
 0.38500  3.121458219411982e+02
 0.39000  3.029858600383910e+02
 0.39500  2.940795443480777e+02
 0.40000  2.854200761864470e+02
 0.40500  2.770008363343216e+02
 0.41000  2.688153803349699e+02
 0.41500  2.608574339146646e+02
 0.42000  2.531208885227958e+02
 0.42500  2.455997969884173e+02
 0.43000  2.382883692901981e+02
 0.43500  2.311809684368186e+02
 0.44000  2.242721064549357e+02
 0.44500  2.175564404819158e+02
 0.45000  2.110287689605992e+02
 0.45500  2.046840279334445e+02
 0.46000  1.985172874334563e+02
 0.46500  1.925237479693775e+02
 0.47000  1.866987371026887e+02
 0.47500  1.810377061140205e+02
 0.48000  1.755362267566494e+02
 0.48500  1.701899880948075e+02
 0.49000  1.649947934245938e+02
 0.49500  1.599465572753357e+02
 0.50000  1.550413024893021e+02
 0.50500  1.502751573777254e+02
 0.51000  1.456443529511457e+02
 0.51500  1.411452202221350e+02
 0.52000  1.367741875785187e+02
 0.52500  1.325277782252542e+02
 0.53000  1.284026076931762e+02
 0.53500  1.243953814128663e+02
 0.54000  1.205028923519490e+02
 0.54500  1.167220187141584e+02
 0.55000  1.130497216985666e+02
 0.55500  1.094830433174046e+02
 0.56000  1.060191042709466e+02
 0.56500  1.026551018779714e+02
 0.57000  9.938830806034925e+01
 0.57500  9.621606738034438e+01
 0.58000  9.313579512925729e+01
 0.58500  9.014497546606744e+01
 0.59000  8.724115960477337e+01
 0.59500  8.442196404915843e+01
 0.60000  8.168506887374603e+01
 0.60500  7.902821604973884e+01
 0.61000  7.644920781476885e+01
 0.61500  7.394590508531529e+01
 0.62000  7.151622591067614e+01
 0.62500  6.915814396741071e+01
 0.63000  6.686968709319601e+01
 0.63500  6.464893585906893e+01
 0.64000  6.249402217905253e+01
 0.64500  6.040312795619070e+01
 0.65000  5.837448376404122e+01
 0.65500  5.640636756270182e+01
 0.66000  5.449710344846766e+01
 0.66500  5.264506043624264e+01
 0.67000  5.084865127384988e+01
 0.67500  4.910633128740771e+01
 0.68000  4.741659725696153e+01
 0.68500  4.577798632158070e+01
 0.69000  4.418907491315149e+01
 0.69500  4.264847771811722e+01
 0.70000  4.115484666643513e+01
 0.70500  3.970686994704023e+01
 0.71000  3.830327104912309e+01
 0.71500  3.694280782854833e+01
 0.72000  3.562427159875638e+01
 0.72500  3.434648624550971e+01
 0.73000  3.310830736486060e+01
 0.73500  3.190862142373357e+01
 0.74000  3.074634494253240e+01
 0.74500  2.962042369919568e+01
 0.75000  2.852983195414113e+01
 0.75500  2.747357169555262e+01
 0.76000  2.645067190447859e+01
 0.76500  2.546018783922388e+01
 0.77000  2.450120033853137e+01
 0.77500  2.357281514306186e+01
 0.78000  2.267416223469436e+01
 0.78500  2.180439519318085e+01
 0.79000  2.096269056970193e+01
 0.79500  2.014824727688168e+01
 0.80000  1.936028599483140e+01
 0.80500  1.859804859280321e+01
 0.81000  1.786079756604533e+01
 0.81500  1.714781548746183e+01
 0.82000  1.645840447368926e+01
 0.82500  1.579188566521372e+01
 0.83000  1.514759872016082e+01
 0.83500  1.452490132140102e+01
 0.84000  1.392316869662205e+01
 0.84500  1.334179315102941e+01
 0.85000  1.278018361234433e+01
 0.85500  1.223776518777762e+01
 0.86000  1.171397873266607e+01
 0.86500  1.120828043046624e+01
 0.87000  1.072014138380837e+01
 0.87500  1.024904721632104e+01
 0.88000  9.794497684944725e+00
 0.88500  9.356006302459525e+00
 0.89000  8.933099969959928e+00
 0.89500  8.525318619016025e+00
 0.90000  8.132214863267659e+00
 0.90500  7.753353659204519e+00
 0.91000  7.388311975891578e+00
 0.91500  7.036678473405714e+00
 0.92000  6.698053189755240e+00
 0.92500  6.372047236060264e+00
 0.93000  6.058282499777395e+00
 0.93500  5.756391355758102e+00
 0.94000  5.466016384935467e+00
 0.94500  5.186810100439396e+00
 0.95000  4.909994620471483e+00
 0.95500  4.646867643225534e+00
 0.96000  4.392294591636714e+00
 0.96500  4.160589467897202e+00
 0.97000  3.933712066032579e+00
 0.97500  3.712684745192426e+00
 0.98000  3.503453694030743e+00
 0.98500  3.303699204078610e+00
 0.99000  3.111219494968870e+00
 0.99500  2.927004143657743e+00
 1.00000  2.751579928782522e+00
 1.00500  2.583343751275153e+00
 1.01000  2.421856360637924e+00
 1.01500  2.268793106923686e+00
 1.02000  2.122942401727912e+00
 1.02500  1.982926878965658e+00
 1.03000  1.849318208889930e+00
 1.03500  1.722613634890273e+00
 1.04000  1.601784375561399e+00
 1.04500  1.486788180983113e+00
 1.05000  1.377569969623242e+00
 1.05500  1.273805341029768e+00
 1.06000  1.175336100528196e+00
 1.06500  1.082061322089629e+00
 1.07000  9.938041154277225e-01
 1.07500  9.103735330151662e-01
 1.08000  8.316052266331501e-01
 1.08500  7.573491139697723e-01
 1.09000  6.874588132815956e-01
 1.09500  6.217941681733201e-01
 1.10000  5.602165097867443e-01
 1.10500  5.025823362007016e-01
 1.11000  4.487488191008644e-01
 1.11500  3.985828879497116e-01
 1.12000  3.519682598001877e-01
 1.12500  3.087912851487710e-01
 1.13000  2.689422599630349e-01
 1.13500  2.323104163035721e-01
 1.14000  1.987799619159721e-01
 1.14500  1.682400912079944e-01
 1.15000  1.405849693731729e-01
 1.15500  1.157131451761488e-01
 1.16000  9.352700480070152e-02
 1.16500  7.393253164191183e-02
 1.17000  5.684009953618100e-02
 1.17500  4.216274206697693e-02
 1.18000  2.981573344931982e-02
 1.18500  1.971671745956920e-02
 1.19000  1.178579817713161e-02
 1.19500  5.945204755640309e-03
 1.20000  2.119551310372664e-03
 1.20500  2.358415650424082e-04
 1.21000  2.233471008739172e-04
 1.21500  2.013689057881244e-03
 1.22000  5.540722551025660e-03
 1.22500  1.074021543302995e-02
 1.23000  1.754973146487035e-02
 1.23500  2.590859639453756e-02
 1.24000  3.575834795159515e-02
 1.24500  4.704237375260503e-02
 1.25000  5.970564836148258e-02
 1.25500  7.369468540178876e-02
 1.26000  8.895760454139859e-02
 1.26500  1.054440986287349e-01
 1.27000  1.231059194026764e-01
 1.27500  1.418968212600720e-01
 1.28000  1.617720210149555e-01
 1.28500  1.826883669749066e-01
 1.29000  2.046042834290618e-01
 1.29500  2.274797592448290e-01
 1.30000  2.512763191916611e-01
 1.30500  2.759569904060364e-01
 1.31000  3.014860923472856e-01
 1.31500  3.278268711921683e-01
 1.32000  3.549426358054427e-01
 1.32500  3.827983166606453e-01
 1.33000  4.113598213965063e-01
 1.33500  4.405939791179817e-01
 1.34000  4.704683997987216e-01
 1.34500  5.009519472428750e-01
 1.35000  5.320171984734245e-01
 1.35500  5.636377059503783e-01
 1.36000  5.957874478674207e-01
 1.36500  6.284413256868417e-01
 1.37000  6.615751235502407e-01
 1.37500  6.951651513508801e-01
 1.38000  7.291872703649748e-01
 1.38500  7.636182560409365e-01
 1.39000  7.984357840037692e-01
 1.39500  8.336182617158272e-01
 1.40000  8.691447440043717e-01
 1.40500  9.049944336602544e-01
 1.41000  9.411469962708581e-01
 1.41500  9.775827278633057e-01
 1.42000  1.014282485981448e+00
 1.42500  1.051227768194352e+00
 1.43000  1.088402226187139e+00
 1.43500  1.125790478974376e+00
 1.44000  1.163377551014984e+00
 1.44500  1.201149097588717e+00
 1.45000  1.239090585542807e+00
 1.45500  1.277183849191099e+00
 1.46000  1.315411807856627e+00
 1.46500  1.353758286363283e+00
 1.47000  1.392207945744323e+00
 1.47500  1.430749917548684e+00
 1.48000  1.469378080634863e+00
 1.48500  1.508084304778800e+00
 1.49000  1.546860486968822e+00
 1.49500  1.585696647820585e+00
 1.50000  1.624573629867192e+00
 1.50500  1.663475671827560e+00
 1.51000  1.702388751363895e+00
 1.51500  1.741300651788824e+00
 1.52000  1.780210014713876e+00
 1.52500  1.819114558586679e+00
 1.53000  1.858005556749980e+00
 1.53500  1.896873837402761e+00
 1.54000  1.935695320587335e+00
 1.54500  1.974433398285238e+00
 1.55000  2.013074565057676e+00
 1.55500  2.051607252861663e+00
 1.56000  2.090031111819713e+00
 1.56500  2.128386947529280e+00
 1.57000  2.166689340459783e+00
 1.57500  2.204944361815110e+00
 1.58000  2.243153774378447e+00
 1.58500  2.281278099920300e+00
 1.59000  2.319276229007164e+00
 1.59500  2.357118087247874e+00
 1.60000  2.394777409702346e+00
 1.60500  2.432253227276879e+00
 1.61000  2.469562880410409e+00
 1.61500  2.506718571972882e+00
 1.62000  2.543732506916775e+00
 1.62500  2.580605972829500e+00
 1.63000  2.617320248400207e+00
 1.63500  2.653863951261489e+00
 1.64000  2.690226410909678e+00
 1.64500  2.726401581810724e+00
 1.65000  2.762394638859451e+00
 1.65500  2.798200351525387e+00
 1.66000  2.833814854703717e+00
 1.66500  2.869231990756218e+00
 1.67000  2.904431988877903e+00
 1.67500  2.939405226796263e+00
 1.68000  2.974144019249240e+00
 1.68500  3.008643135803768e+00
 1.69000  3.042908044064410e+00
 1.69500  3.076939843694713e+00
 1.70000  3.110738948174920e+00
 1.70500  3.144308678992530e+00
 1.71000  3.177645707681462e+00
 1.71500  3.210743808373958e+00
 1.72000  3.243603973730620e+00
 1.72500  3.276223681500152e+00
 1.73000  3.308601271158458e+00
 1.73500  3.340734383858180e+00
 1.74000  3.372609518609773e+00
 1.74500  3.404215485420815e+00
 1.75000  3.435545814517070e+00
 1.75500  3.466589235709094e+00
 1.76000  3.497343361638761e+00
 1.76500  3.527813171767052e+00
 1.77000  3.557999766765486e+00
 1.77500  3.587904508938281e+00
 1.78000  3.617528320580983e+00
 1.78500  3.646863883607601e+00
 1.79000  3.675903473799708e+00
 1.79500  3.704642533842832e+00
 1.80000  3.733075915799605e+00
 1.80500  3.761206016162324e+00
 1.81000  3.789038987502566e+00
 1.81500  3.816580156413116e+00
 1.82000  3.843829759949293e+00
 1.82500  3.870781466918943e+00
 1.83000  3.897426421672766e+00
 1.83500  3.923756130824383e+00
 1.84000  3.949763118403992e+00
 1.84500  3.975439536353056e+00
 1.85000  4.000782685459184e+00
 1.85500  4.025801174798497e+00
 1.86000  4.050503363895619e+00
 1.86500  4.074898221954329e+00
 1.87000  4.099011533651237e+00
 1.87500  4.122857090903652e+00
 1.88000  4.146424609844087e+00
 1.88500  4.169704761885141e+00
 1.89000  4.192684357289870e+00
 1.89500  4.215289954251571e+00
 1.90000  4.237456605869173e+00
 1.90500  4.259178708623797e+00
 1.91000  4.280454864945466e+00
 1.91500  4.301284900574749e+00
 1.92000  4.321731340246986e+00
 1.92500  4.341907537463066e+00
 1.93000  4.361848044521132e+00
 1.93500  4.381568449131396e+00
 1.94000  4.401083870978108e+00
 1.94500  4.420393166125317e+00
 1.95000  4.439407046157378e+00
 1.95500  4.458054324291556e+00
 1.96000  4.476323594529351e+00
 1.96500  4.494208605077272e+00
 1.97000  4.511704790751159e+00
 1.97500  4.528818201485394e+00
 1.98000  4.545579687201823e+00
 1.98500  4.562010340271040e+00
 1.99000  4.578117061633562e+00
 1.99500  4.593905549045710e+00
 2.00000  4.609381370855421e+00
 2.00500  4.624550023966146e+00
 2.01000  4.639417140958785e+00
 2.01500  4.653987890228894e+00
 2.02000  4.668266092765930e+00
 2.02500  4.682255916952418e+00
 2.03000  4.695962148642188e+00
 2.03500  4.709389613059932e+00
 2.04000  4.722540544685047e+00
 2.04500  4.735410932533251e+00
 2.05000  4.747998022937149e+00
 2.05500  4.760303490014041e+00
 2.06000  4.772330440701841e+00
 2.06500  4.784082848720467e+00
 2.07000  4.795564193150883e+00
 2.07500  4.806776656149627e+00
 2.08000  4.817716218409269e+00
 2.08500  4.828377330968840e+00
 2.09000  4.838759865148990e+00
 2.09500  4.848868898323782e+00
 2.10000  4.858709818430992e+00
 2.10500  4.868287886672568e+00
 2.11000  4.877608366313217e+00
 2.11500  4.886677007149935e+00
 2.12000  4.895508759065482e+00
 2.12500  4.904126805555666e+00
 2.13000  4.912551857073786e+00
 2.13500  4.920795023153303e+00
 2.14000  4.928862284703400e+00
 2.14500  4.936759251985746e+00
 2.15000  4.944491282474939e+00
 2.15500  4.952063373789970e+00
 2.16000  4.959480315608749e+00
 2.16500  4.966661365558479e+00
 2.17000  4.973594651744264e+00
 2.17500  4.980286319226318e+00
 2.18000  4.986742513064847e+00
 2.18500  4.992969378320065e+00
 2.19000  4.998973060052184e+00
 2.19500  5.004759703321415e+00
 2.20000  5.010335453187968e+00
 2.20500  5.015706454712055e+00
 2.21000  5.020878852953888e+00
 2.21500  5.025858792973677e+00
 2.22000  5.030652419831635e+00
 2.22500  5.035265878587969e+00
 2.23000  5.039705314302894e+00
 2.23500  5.043976872036622e+00
 2.24000  5.048086696849362e+00
 2.24500  5.052040933801325e+00
 2.25000  5.055845727952725e+00
 2.25500  5.059507224363770e+00
 2.26000  5.063031568094673e+00
 2.26500  5.066424904205645e+00
 2.27000  5.069693377756896e+00
 2.27500  5.072843133808639e+00
 2.28000  5.075880317421086e+00
 2.28500  5.078811073654446e+00
 2.29000  5.081641547568930e+00
 2.29500  5.084377884224752e+00
 2.30000  5.087026228682121e+00
 2.30500  5.089592726001248e+00
 2.31000  5.092083521242346e+00
 2.31500  5.094504759465625e+00
 2.32000  5.096862585731298e+00
 2.32500  5.099163145099572e+00
 2.33000  5.101412551446370e+00
 2.33500  5.103614915728814e+00
 2.34000  5.105771166088032e+00
 2.34500  5.107881947515034e+00
 2.35000  5.109947905000833e+00
 2.35500  5.111969683536437e+00
 2.36000  5.113947928112858e+00
 2.36500  5.115883283721107e+00
 2.37000  5.117776395352194e+00
 2.37500  5.119627907997128e+00
 2.38000  5.121438466646920e+00
 2.38500  5.123208716292583e+00
 2.39000  5.124939301925125e+00
 2.39500  5.126630868535559e+00
 2.40000  5.128284061114893e+00
 2.40500  5.129899524654139e+00
 2.41000  5.131477904144306e+00
 2.41500  5.133019844576407e+00
 2.42000  5.134525990941452e+00
 2.42500  5.135996988230450e+00
 2.43000  5.137433481434413e+00
 2.43500  5.138836115544350e+00
 2.44000  5.140205535551273e+00
 2.44500  5.141542386446193e+00
 2.45000  5.142847313220119e+00
 2.45500  5.144120960864063e+00
 2.46000  5.145363974369035e+00
 2.46500  5.146576998726044e+00
 2.47000  5.147760678926102e+00
 2.47500  5.148915659960220e+00
 2.48000  5.150042586819408e+00
 2.48500  5.151142104494678e+00
 2.49000  5.152214857977038e+00
 2.49500  5.153261492257499e+00
 2.50000  5.154282652327073e+00
 2.50500  5.155278983176770e+00
 2.51000  5.156251129797601e+00
 2.51500  5.157199737180575e+00
 2.52000  5.158125450316705e+00
 2.52500  5.159028914196998e+00
 2.53000  5.159910773812467e+00
 2.53500  5.160771674154124e+00
 2.54000  5.161612260212975e+00
 2.54500  5.162433133096132e+00
 2.55000  5.163234712942574e+00
 2.55500  5.164017373249355e+00
 2.56000  5.164781487513483e+00
 2.56500  5.165527429231964e+00
 2.57000  5.166255571901806e+00
 2.57500  5.166966289020014e+00
 2.58000  5.167659954083596e+00
 2.58500  5.168336940589560e+00
 2.59000  5.168997622034911e+00
 2.59500  5.169642371916657e+00
 2.60000  5.170271563731807e+00
 2.60500  5.170885570977362e+00
 2.61000  5.171484767150335e+00
 2.61500  5.172069525747729e+00
 2.62000  5.172640220266552e+00
 2.62500  5.173197224203813e+00
 2.63000  5.173740911056516e+00
 2.63500  5.174271654321669e+00
 2.64000  5.174789827496279e+00
 2.64500  5.175295804077353e+00
 2.65000  5.175789957561897e+00
 2.65500  5.176272661446920e+00
 2.66000  5.176744289229427e+00
 2.66500  5.177205214406425e+00
 2.67000  5.177655810474922e+00
 2.67500  5.178096450931923e+00
 2.68000  5.178527509274437e+00
 2.68500  5.178949358999470e+00
 2.69000  5.179362373604029e+00
 2.69500  5.179766926585120e+00
 2.70000  5.180163391439751e+00
 2.70500  5.180552141664927e+00
 2.71000  5.180933550757659e+00
 2.71500  5.181307992214951e+00
 2.72000  5.181675839533811e+00
 2.72500  5.182037466211244e+00
 2.73000  5.182393245744258e+00
 2.73500  5.182743551629861e+00
 2.74000  5.183088757365058e+00
 2.74500  5.183429236446857e+00
 2.75000  5.183765362372265e+00
 2.75500  5.184097492526884e+00
 2.76000  5.184425789318287e+00
 2.76500  5.184750285614820e+00
 2.77000  5.185071011951078e+00
 2.77500  5.185387998861658e+00
 2.78000  5.185701276881156e+00
 2.78500  5.186010876544170e+00
 2.79000  5.186316828385298e+00
 2.79500  5.186619162939134e+00
 2.80000  5.186917910740275e+00
 2.80500  5.187213102323318e+00
 2.81000  5.187504768222861e+00
 2.81500  5.187792938973498e+00
 2.82000  5.188077645109829e+00
 2.82500  5.188358917166449e+00
 2.83000  5.188636785677954e+00
 2.83500  5.188911281178943e+00
 2.84000  5.189182434204011e+00
 2.84500  5.189450275287754e+00
 2.85000  5.189714834964770e+00
 2.85500  5.189976143769657e+00
 2.86000  5.190234232237009e+00
 2.86500  5.190489130901423e+00
 2.87000  5.190740870297497e+00
 2.87500  5.190989480959828e+00
 2.88000  5.191234993423012e+00
 2.88500  5.191477438221645e+00
 2.89000  5.191716845890324e+00
 2.89500  5.191953246963648e+00
 2.90000  5.192186671976209e+00
 2.90500  5.192417151462609e+00
 2.91000  5.192644715957440e+00
 2.91500  5.192869395995303e+00
 2.92000  5.193091222110791e+00
 2.92500  5.193310224838503e+00
 2.93000  5.193526434713036e+00
 2.93500  5.193739882268983e+00
 2.94000  5.193950598040947e+00
 2.94500  5.194158612563518e+00
 2.95000  5.194363956371298e+00
 2.95500  5.194566659998880e+00
 2.96000  5.194766753980864e+00
 2.96500  5.194964268863992e+00
 2.97000  5.195159235990257e+00
 2.97500  5.195351687973988e+00
 2.98000  5.195541657543739e+00
 2.98500  5.195729177428067e+00
 2.99000  5.195914280355528e+00
 2.99500  5.196096999054676e+00
 3.00000  5.196277366254068e+00
 3.00500  5.196455414682259e+00
 3.01000  5.196631177067806e+00
 3.01500  5.196804686139261e+00
 3.02000  5.196975974625182e+00
 3.02500  5.197145075254126e+00
 3.03000  5.197312020754645e+00
 3.03500  5.197476843855298e+00
 3.04000  5.197639577284638e+00
 3.04500  5.197800253771223e+00
 3.05000  5.197958906043605e+00
 3.05500  5.198115566830344e+00
 3.06000  5.198270268859992e+00
 3.06500  5.198423044861107e+00
 3.07000  5.198573927562242e+00
 3.07500  5.198722949691956e+00
 3.08000  5.198870143978802e+00
 3.08500  5.199015543151335e+00
 3.09000  5.199159179938113e+00
 3.09500  5.199301087067690e+00
 3.10000  5.199441297268621e+00
 3.10500  5.199579843269466e+00
 3.11000  5.199716757798774e+00
 3.11500  5.199852073585103e+00
 3.12000  5.199985823357011e+00
 3.12500  5.200118039843051e+00
 3.13000  5.200248755771780e+00
 3.13500  5.200378003871753e+00
 3.14000  5.200505816871525e+00
 3.14500  5.200632227499653e+00
 3.15000  5.200757268484691e+00
 3.15500  5.200880972555195e+00
 3.16000  5.201003372439720e+00
 3.16500  5.201124500866824e+00
 3.17000  5.201244390565061e+00
 3.17500  5.201363074262986e+00
 3.18000  5.201480580918030e+00
 3.18500  5.201596923817322e+00
 3.19000  5.201712112178315e+00
 3.19500  5.201826155218457e+00
 3.20000  5.201939062155197e+00
 3.20500  5.202050842205981e+00
 3.21000  5.202161504588258e+00
 3.21500  5.202271058519473e+00
 3.22000  5.202379513217076e+00
 3.22500  5.202486877898512e+00
 3.23000  5.202593161781230e+00
 3.23500  5.202698374082678e+00
 3.24000  5.202802524020304e+00
 3.24500  5.202905620811553e+00
 3.25000  5.203007673673874e+00
 3.25500  5.203108691824715e+00
 3.26000  5.203208684481523e+00
 3.26500  5.203307660861745e+00
 3.27000  5.203405630182828e+00
 3.27500  5.203502601662222e+00
 3.28000  5.203598584517370e+00
 3.28500  5.203693587965724e+00
 3.29000  5.203787621224730e+00
 3.29500  5.203880693511835e+00
 3.30000  5.203972814044487e+00
 3.30500  5.204063992040134e+00
 3.31000  5.204154236716223e+00
 3.31500  5.204243557290200e+00
 3.32000  5.204331962979514e+00
 3.32500  5.204419463001612e+00
 3.33000  5.204506066573942e+00
 3.33500  5.204591782913951e+00
 3.34000  5.204676621239088e+00
 3.34500  5.204760590766798e+00
 3.35000  5.204843700714530e+00
 3.35500  5.204925960299731e+00
 3.36000  5.205007378739849e+00
 3.36500  5.205087965252330e+00
 3.37000  5.205167729054625e+00
 3.37500  5.205246679364177e+00
 3.38000  5.205324825398438e+00
 3.38500  5.205402176374851e+00
 3.39000  5.205478741510867e+00
 3.39500  5.205554530023932e+00
 3.40000  5.205629551131493e+00
 3.40500  5.205703814050999e+00
 3.41000  5.205777327999896e+00
 3.41500  5.205850102195633e+00
 3.42000  5.205922145855656e+00
 3.42500  5.205993468197413e+00
 3.43000  5.206064078438351e+00
 3.43500  5.206133985795919e+00
 3.44000  5.206203199487371e+00
 3.44500  5.206271728034555e+00
 3.45000  5.206339577699413e+00
 3.45500  5.206406754285618e+00
 3.46000  5.206473263596837e+00
 3.46500  5.206539111436740e+00
 3.47000  5.206604303608996e+00
 3.47500  5.206668845917275e+00
 3.48000  5.206732744165246e+00
 3.48500  5.206796004156581e+00
 3.49000  5.206858631694946e+00
 3.49500  5.206920632584012e+00
 3.50000  5.206982012627448e+00
 3.50500  5.207042777628926e+00
 3.51000  5.207102933392113e+00
 3.51500  5.207162485720677e+00
 3.52000  5.207221440418292e+00
 3.52500  5.207279803288624e+00
 3.53000  5.207337580135343e+00
 3.53500  5.207394776762119e+00
 3.54000  5.207451398972621e+00
 3.54500  5.207507452570520e+00
 3.55000  5.207562943359485e+00
 3.55500  5.207617877143185e+00
 3.56000  5.207672259725289e+00
 3.56500  5.207726096909466e+00
 3.57000  5.207779394499387e+00
 3.57500  5.207832158298721e+00
 3.58000  5.207884394111138e+00
 3.58500  5.207936107740307e+00
 3.59000  5.207987304989897e+00
 3.59500  5.208037991663579e+00
 3.60000  5.208088173565020e+00
 3.60500  5.208137856497891e+00
 3.61000  5.208187046265862e+00
 3.61500  5.208235748672602e+00
 3.62000  5.208283969521781e+00
 3.62500  5.208331714617066e+00
 3.63000  5.208378989762132e+00
 3.63500  5.208425800760642e+00
 3.64000  5.208472153416269e+00
 3.64500  5.208518053532681e+00
 3.65000  5.208563506913550e+00
 3.65500  5.208608519362543e+00
 3.66000  5.208653096683332e+00
 3.66500  5.208697244679583e+00
 3.67000  5.208740969154968e+00
 3.67500  5.208784275913157e+00
 3.68000  5.208827170757818e+00
 3.68500  5.208869659492620e+00
 3.69000  5.208911747921234e+00
 3.69500  5.208953441847329e+00
 3.70000  5.208994747074574e+00
 3.70500  5.209035669404914e+00
 3.71000  5.209076213894158e+00
 3.71500  5.209116383690112e+00
 3.72000  5.209156181639946e+00
 3.72500  5.209195610590831e+00
 3.73000  5.209234673389938e+00
 3.73500  5.209273372884434e+00
 3.74000  5.209311711921489e+00
 3.74500  5.209349693348276e+00
 3.75000  5.209387320011961e+00
 3.75500  5.209424594759716e+00
 3.76000  5.209461520438713e+00
 3.76500  5.209498099896118e+00
 3.77000  5.209534335979102e+00
 3.77500  5.209570231534835e+00
 3.78000  5.209605789410489e+00
 3.78500  5.209641012453232e+00
 3.79000  5.209675903510232e+00
 3.79500  5.209710465428663e+00
 3.80000  5.209744701055691e+00
 3.80500  5.209778613238488e+00
 3.81000  5.209812204824225e+00
 3.81500  5.209845478660069e+00
 3.82000  5.209878437593193e+00
 3.82500  5.209911084470763e+00
 3.83000  5.209943422139952e+00
 3.83500  5.209975453447929e+00
 3.84000  5.210007181241864e+00
 3.84500  5.210038608368928e+00
 3.85000  5.210069737676287e+00
 3.85500  5.210100572011116e+00
 3.86000  5.210131114220582e+00
 3.86500  5.210161367151853e+00
 3.87000  5.210191333652103e+00
 3.87500  5.210221016568500e+00
 3.88000  5.210250418748215e+00
 3.88500  5.210279543038415e+00
 3.89000  5.210308392286273e+00
 3.89500  5.210336969338957e+00
 3.90000  5.210365277043639e+00
 3.90500  5.210393318247486e+00
 3.91000  5.210421095797669e+00
 3.91500  5.210448612541358e+00
 3.92000  5.210475871325724e+00
 3.92500  5.210502874997936e+00
 3.93000  5.210529626405164e+00
 3.93500  5.210556128394577e+00
 3.94000  5.210582383813347e+00
 3.94500  5.210608395508642e+00
 3.95000  5.210634166327631e+00
 3.95500  5.210659699117486e+00
 3.96000  5.210684996725377e+00
 3.96500  5.210710061998473e+00
 3.97000  5.210734897781873e+00
 3.97500  5.210759506625849e+00
 3.98000  5.210783890482467e+00
 3.98500  5.210808051231351e+00
 3.99000  5.210831990752126e+00
 3.99500  5.210855710924418e+00
 4.00000  5.210879213627850e+00
 4.00500  5.210902500742049e+00
 4.01000  5.210925574146637e+00
 4.01500  5.210948435721241e+00
 4.02000  5.210971087345485e+00
 4.02500  5.210993530898995e+00
 4.03000  5.211015768261394e+00
 4.03500  5.211037801312307e+00
 4.04000  5.211059631931361e+00
 4.04500  5.211081261998178e+00
 4.05000  5.211102693392385e+00
 4.05500  5.211123927993604e+00
 4.06000  5.211144967681462e+00
 4.06500  5.211165814335585e+00
 4.07000  5.211186469835595e+00
 4.07500  5.211206936061119e+00
 4.08000  5.211227214891780e+00
 4.08500  5.211247308207203e+00
 4.09000  5.211267217887016e+00
 4.09500  5.211286945810840e+00
 4.10000  5.211306493858300e+00
 4.10500  5.211325863909023e+00
 4.11000  5.211345057842633e+00
 4.11500  5.211364077538753e+00
 4.12000  5.211382924877011e+00
 4.12500  5.211401601737029e+00
 4.13000  5.211420109998435e+00
 4.13500  5.211438451540849e+00
 4.14000  5.211456628243900e+00
 4.14500  5.211474641987211e+00
 4.15000  5.211492494650407e+00
 4.15500  5.211510188113113e+00
 4.16000  5.211527724254954e+00
 4.16500  5.211545104955554e+00
 4.17000  5.211562332094539e+00
 4.17500  5.211579407551533e+00
 4.18000  5.211596333206161e+00
 4.18500  5.211613110938047e+00
 4.19000  5.211629742626818e+00
 4.19500  5.211646230152097e+00
 4.20000  5.211662575393509e+00
 4.20500  5.211678780230679e+00
 4.21000  5.211694846543232e+00
 4.21500  5.211710776210793e+00
 4.22000  5.211726571112986e+00
 4.22500  5.211742233129437e+00
 4.23000  5.211757764139768e+00
 4.23500  5.211773166018048e+00
 4.24000  5.211788440260116e+00
 4.24500  5.211803587748385e+00
 4.25000  5.211818609309187e+00
 4.25500  5.211833505768855e+00
 4.26000  5.211848277953721e+00
 4.26500  5.211862926690117e+00
 4.27000  5.211877452804377e+00
 4.27500  5.211891857122833e+00
 4.28000  5.211906140471815e+00
 4.28500  5.211920303677658e+00
 4.29000  5.211934347566694e+00
 4.29500  5.211948272965255e+00
 4.30000  5.211962080699674e+00
 4.30500  5.211975771596283e+00
 4.31000  5.211989346481415e+00
 4.31500  5.212002806181403e+00
 4.32000  5.212016151522576e+00
 4.32500  5.212029383331272e+00
 4.33000  5.212042502433818e+00
 4.33500  5.212055509656551e+00
 4.34000  5.212068405825800e+00
 4.34500  5.212081191767899e+00
 4.35000  5.212093868309180e+00
 4.35500  5.212106436275976e+00
 4.36000  5.212118896494619e+00
 4.36500  5.212131249791441e+00
 4.37000  5.212143496992777e+00
 4.37500  5.212155638924957e+00
 4.38000  5.212167676414313e+00
 4.38500  5.212179610287178e+00
 4.39000  5.212191441369886e+00
 4.39500  5.212203170488767e+00
 4.40000  5.212214798470156e+00
 4.40500  5.212226326140384e+00
 4.41000  5.212237754325783e+00
 4.41500  5.212249083852686e+00
 4.42000  5.212260315547428e+00
 4.42500  5.212271450236338e+00
 4.43000  5.212282488745749e+00
 4.43500  5.212293431901993e+00
 4.44000  5.212304280531404e+00
 4.44500  5.212315035460315e+00
 4.45000  5.212325697515056e+00
 4.45500  5.212336267521961e+00
 4.46000  5.212346746307362e+00
 4.46500  5.212357134697593e+00
 4.47000  5.212367433518984e+00
 4.47500  5.212377643597867e+00
 4.48000  5.212387765760579e+00
 4.48500  5.212397800833448e+00
 4.49000  5.212407749642807e+00
 4.49500  5.212417613014991e+00
 4.50000  5.212427391776330e+00
 4.50500  5.212437086753157e+00
 4.51000  5.212446698771805e+00
 4.51500  5.212456228658607e+00
 4.52000  5.212465677239894e+00
 4.52500  5.212475045341999e+00
 4.53000  5.212484333791254e+00
 4.53500  5.212493543413993e+00
 4.54000  5.212502675036547e+00
 4.54500  5.212511729485249e+00
 4.55000  5.212520707586432e+00
 4.55500  5.212529610166427e+00
 4.56000  5.212538438051566e+00
 4.56500  5.212547192068185e+00
 4.57000  5.212555873042612e+00
 4.57500  5.212564481801183e+00
 4.58000  5.212573019170230e+00
 4.58500  5.212581485976084e+00
 4.59000  5.212589883045077e+00
 4.59500  5.212598211203542e+00
 4.60000  5.212606471277812e+00
 4.60500  5.212614664094221e+00
 4.61000  5.212622790479098e+00
 4.61500  5.212630851258778e+00
 4.62000  5.212638847259592e+00
 4.62500  5.212646779307875e+00
 4.63000  5.212654648229956e+00
 4.63500  5.212662454852169e+00
 4.64000  5.212670200000846e+00
 4.64500  5.212677884502321e+00
 4.65000  5.212685509182926e+00
 4.65500  5.212693074868993e+00
 4.66000  5.212700582386851e+00
 4.66500  5.212708032562840e+00
 4.67000  5.212715426223285e+00
 4.67500  5.212722764194523e+00
 4.68000  5.212730047302885e+00
 4.68500  5.212737276374703e+00
 4.69000  5.212744452236310e+00
 4.69500  5.212751575714039e+00
 4.70000  5.212758647634222e+00
 4.70500  5.212765668823192e+00
 4.71000  5.212772640107280e+00
 4.71500  5.212779562312819e+00
 4.72000  5.212786436266142e+00
 4.72500  5.212793262793581e+00
 4.73000  5.212800042721469e+00
 4.73500  5.212806776876137e+00
 4.74000  5.212813466083920e+00
 4.74500  5.212820111171149e+00
 4.75000  5.212826712964156e+00
 4.75500  5.212833272289272e+00
 4.76000  5.212839789972834e+00
 4.76500  5.212846266830431e+00
 4.77000  5.212852703407065e+00
 4.77500  5.212859099963353e+00
 4.78000  5.212865456746418e+00
 4.78500  5.212871774003381e+00
 4.79000  5.212878051981362e+00
 4.79500  5.212884290927481e+00
 4.80000  5.212890491088858e+00
 4.80500  5.212896652712617e+00
 4.81000  5.212902776045875e+00
 4.81500  5.212908861335753e+00
 4.82000  5.212914908829374e+00
 4.82500  5.212920918773858e+00
 4.83000  5.212926891416323e+00
 4.83500  5.212932827003892e+00
 4.84000  5.212938725783687e+00
 4.84500  5.212944588002824e+00
 4.85000  5.212950413908428e+00
 4.85500  5.212956203747617e+00
 4.86000  5.212961957767514e+00
 4.86500  5.212967676215237e+00
 4.87000  5.212973359337909e+00
 4.87500  5.212979007382650e+00
 4.88000  5.212984620596579e+00
 4.88500  5.212990199226818e+00
 4.89000  5.212995743520487e+00
 4.89500  5.213001253724708e+00
 4.90000  5.213006730086601e+00
 4.90500  5.213012172853285e+00
 4.91000  5.213017582271883e+00
 4.91500  5.213022958589515e+00
 4.92000  5.213028302053301e+00
 4.92500  5.213033612910361e+00
 4.93000  5.213038891407818e+00
 4.93500  5.213044137792791e+00
 4.94000  5.213049352312399e+00
 4.94500  5.213054535213765e+00
 4.95000  5.213059686744010e+00
 4.95500  5.213064807150253e+00
 4.96000  5.213069896679616e+00
 4.96500  5.213074955579218e+00
 4.97000  5.213079984096183e+00
 4.97500  5.213084982477627e+00
 4.98000  5.213089950970674e+00
 4.98500  5.213094889822442e+00
 4.99000  5.213099799280053e+00
 4.99500  5.213104679590630e+00
 5.00000  5.213109531001289e+00
 5.00500  5.213114353759155e+00
 5.01000  5.213119148111346e+00
 5.01500  5.213123914304982e+00
 5.02000  5.213128652587187e+00
 5.02500  5.213133363205078e+00
 5.03000  5.213138046405779e+00
 5.03500  5.213142702436406e+00
 5.04000  5.213147331544086e+00
 5.04500  5.213151933975934e+00
 5.05000  5.213156509979072e+00
 5.05500  5.213161059800623e+00
 5.06000  5.213165583687705e+00
 5.06500  5.213170081887440e+00
 5.07000  5.213174554646948e+00
 5.07500  5.213179002213351e+00
 5.08000  5.213183424833767e+00
 5.08500  5.213187822755319e+00
 5.09000  5.213192196225126e+00
 5.09500  5.213196545490311e+00
 5.10000  5.213200870797992e+00
 5.10500  5.213205172395291e+00
 5.11000  5.213209450529328e+00
 5.11500  5.213213705447223e+00
 5.12000  5.213217937396099e+00
 5.12500  5.213222146623075e+00
 5.13000  5.213226333375272e+00
 5.13500  5.213230497899811e+00
 5.14000  5.213234640443811e+00
 5.14500  5.213238761254394e+00
 5.15000  5.213242860578681e+00
 5.15500  5.213246938663791e+00
 5.16000  5.213250995756847e+00
 5.16500  5.213255032104967e+00
 5.17000  5.213259047955273e+00
 5.17500  5.213263043554886e+00
 5.18000  5.213267019150926e+00
 5.18500  5.213270974990515e+00
 5.19000  5.213274911320772e+00
 5.19500  5.213278828388817e+00
 5.20000  5.213282726441772e+00
 5.20500  5.213286605726758e+00
 5.21000  5.213290466490894e+00
 5.21500  5.213294308981303e+00
 5.22000  5.213298133445103e+00
 5.22500  5.213301940129417e+00
 5.23000  5.213305729281364e+00
 5.23500  5.213309501148064e+00
 5.24000  5.213313255976641e+00
 5.24500  5.213316994014213e+00
 5.25000  5.213320715507900e+00
 5.25500  5.213324420704824e+00
 5.26000  5.213328109852105e+00
 5.26500  5.213331783196865e+00
 5.27000  5.213335440986223e+00
 5.27500  5.213339083467300e+00
 5.28000  5.213342710887217e+00
 5.28500  5.213346323493095e+00
 5.29000  5.213349921532053e+00
 5.29500  5.213353505241805e+00
 5.30000  5.213357074741854e+00
 5.30500  5.213360630071010e+00
 5.31000  5.213364171266528e+00
 5.31500  5.213367698365665e+00
 5.32000  5.213371211405672e+00
 5.32500  5.213374710423807e+00
 5.33000  5.213378195457323e+00
 5.33500  5.213381666543472e+00
 5.34000  5.213385123719514e+00
 5.34500  5.213388567022700e+00
 5.35000  5.213391996490286e+00
 5.35500  5.213395412159526e+00
 5.36000  5.213398814067675e+00
 5.36500  5.213402202251986e+00
 5.37000  5.213405576749715e+00
 5.37500  5.213408937598119e+00
 5.38000  5.213412284834447e+00
 5.38500  5.213415618495959e+00
 5.39000  5.213418938619906e+00
 5.39500  5.213422245243544e+00
 5.40000  5.213425538404127e+00
 5.40500  5.213428818138911e+00
 5.41000  5.213432084485150e+00
 5.41500  5.213435337480099e+00
 5.42000  5.213438577161011e+00
 5.42500  5.213441803565140e+00
 5.43000  5.213445016729744e+00
 5.43500  5.213448216692075e+00
 5.44000  5.213451403489389e+00
 5.44500  5.213454577158941e+00
 5.45000  5.213457737737982e+00
 5.45500  5.213460885263771e+00
 5.46000  5.213464019773560e+00
 5.46500  5.213467141304604e+00
 5.47000  5.213470249894159e+00
 5.47500  5.213473345579478e+00
 5.48000  5.213476428397816e+00
 5.48500  5.213479498386429e+00
 5.49000  5.213482555582569e+00
 5.49500  5.213485600023492e+00
 5.50000  5.213488631746452e+00
 5.50500  5.213491650788707e+00
 5.51000  5.213494657187506e+00
 5.51500  5.213497650980108e+00
 5.52000  5.213500632203766e+00
 5.52500  5.213503600895733e+00
 5.53000  5.213506557093267e+00
 5.53500  5.213509500833620e+00
 5.54000  5.213512432154049e+00
 5.54500  5.213515351091805e+00
 5.55000  5.213518257684146e+00
 5.55500  5.213521151968324e+00
 5.56000  5.213524033981595e+00
 5.56500  5.213526903761214e+00
 5.57000  5.213529761344436e+00
 5.57500  5.213532606768513e+00
 5.58000  5.213535440070701e+00
 5.58500  5.213538261288256e+00
 5.59000  5.213541070458431e+00
 5.59500  5.213543867618482e+00
 5.60000  5.213546652805663e+00
 5.60500  5.213549426057226e+00
 5.61000  5.213552187410428e+00
 5.61500  5.213554936902526e+00
 5.62000  5.213557674570771e+00
 5.62500  5.213560400452418e+00
 5.63000  5.213563114584723e+00
 5.63500  5.213565817004939e+00
 5.64000  5.213568507750323e+00
 5.64500  5.213571186858128e+00
 5.65000  5.213573854365607e+00
 5.65500  5.213576510310017e+00
 5.66000  5.213579154728613e+00
 5.66500  5.213581787658647e+00
 5.67000  5.213584409137376e+00
 5.67500  5.213587019202055e+00
 5.68000  5.213589617889935e+00
 5.68500  5.213592205238274e+00
 5.69000  5.213594781284326e+00
 5.69500  5.213597346065344e+00
 5.70000  5.213599899618584e+00
 5.70500  5.213602441981300e+00
 5.71000  5.213604973190749e+00
 5.71500  5.213607493284182e+00
 5.72000  5.213610002298855e+00
 5.72500  5.213612500272024e+00
 5.73000  5.213614987240942e+00
 5.73500  5.213617463242863e+00
 5.74000  5.213619928315043e+00
 5.74500  5.213622382494737e+00
 5.75000  5.213624825819197e+00
 5.75500  5.213627258325682e+00
 5.76000  5.213629680051442e+00
 5.76500  5.213632091033734e+00
 5.77000  5.213634491309813e+00
 5.77500  5.213636880916932e+00
 5.78000  5.213639259892347e+00
 5.78500  5.213641628273312e+00
 5.79000  5.213643986097082e+00
 5.79500  5.213646333400910e+00
 5.80000  5.213648670222051e+00
 5.80500  5.213650996597763e+00
 5.81000  5.213653312565297e+00
 5.81500  5.213655618161908e+00
 5.82000  5.213657913424852e+00
 5.82500  5.213660198391383e+00
 5.83000  5.213662473098754e+00
 5.83500  5.213664737584222e+00
 5.84000  5.213666991885042e+00
 5.84500  5.213669236038466e+00
 5.85000  5.213671470081749e+00
 5.85500  5.213673694052148e+00
 5.86000  5.213675907986915e+00
 5.86500  5.213678111923307e+00
 5.87000  5.213680305898577e+00
 5.87500  5.213682489949979e+00
 5.88000  5.213684664114768e+00
 5.88500  5.213686828430201e+00
 5.89000  5.213688982933529e+00
 5.89500  5.213691127662010e+00
 5.90000  5.213693262652895e+00
 5.90500  5.213695387943442e+00
 5.91000  5.213697503570903e+00
 5.91500  5.213699609572534e+00
 5.92000  5.213701705985590e+00
 5.92500  5.213703792847324e+00
 5.93000  5.213705870194993e+00
 5.93500  5.213707938065848e+00
 5.94000  5.213709996497147e+00
 5.94500  5.213712045526145e+00
 5.95000  5.213714085190092e+00
 5.95500  5.213716115526247e+00
 5.96000  5.213718136571862e+00
 5.96500  5.213720148364195e+00
 5.97000  5.213722150940497e+00
 5.97500  5.213724144338024e+00
 5.98000  5.213726128594031e+00
 5.98500  5.213728103745772e+00
 5.99000  5.213730069830501e+00
 5.99500  5.213732026885474e+00
 6.00000  5.213733974947945e+00
 6.00500  5.213735914055168e+00
 6.01000  5.213737844244399e+00
 6.01500  5.213739765552893e+00
 6.02000  5.213741678017900e+00
 6.02500  5.213743581676680e+00
 6.03000  5.213745476566486e+00
 6.03500  5.213747362724572e+00
 6.04000  5.213749240188194e+00
 6.04500  5.213751108994603e+00
 6.05000  5.213752969181057e+00
 6.05500  5.213754820784809e+00
 6.06000  5.213756663843115e+00
 6.06500  5.213758498393230e+00
 6.07000  5.213760324472405e+00
 6.07500  5.213762142117900e+00
 6.08000  5.213763951366964e+00
 6.08500  5.213765752256855e+00
 6.09000  5.213767544824827e+00
 6.09500  5.213769329108134e+00
 6.10000  5.213771105144033e+00
 6.10500  5.213772872969774e+00
 6.11000  5.213774632622616e+00
 6.11500  5.213776384139812e+00
 6.12000  5.213778127558615e+00
 6.12500  5.213779862916282e+00
 6.13000  5.213781590250067e+00
 6.13500  5.213783309597224e+00
 6.14000  5.213785020995007e+00
 6.14500  5.213786724480673e+00
 6.15000  5.213788420091474e+00
 6.15500  5.213790107864667e+00
 6.16000  5.213791787837504e+00
 6.16500  5.213793460047241e+00
 6.17000  5.213795124531134e+00
 6.17500  5.213796781326434e+00
 6.18000  5.213798430470399e+00
 6.18500  5.213800072000283e+00
 6.19000  5.213801705953338e+00
 6.19500  5.213803332366822e+00
 6.20000  5.213804951277988e+00
 6.20500  5.213806562724090e+00
 6.21000  5.213808166742384e+00
 6.21500  5.213809763370123e+00
 6.22000  5.213811352644565e+00
 6.22500  5.213812934602961e+00
 6.23000  5.213814509282565e+00
 6.23500  5.213816076720634e+00
 6.24000  5.213817636954423e+00
 6.24500  5.213819190021185e+00
 6.25000  5.213820735958176e+00
 6.25500  5.213822274802649e+00
 6.26000  5.213823806591860e+00
 6.26500  5.213825331363062e+00
 6.27000  5.213826849153513e+00
 6.27500  5.213828360000463e+00
 6.28000  5.213829863941168e+00
 6.28500  5.213831361012884e+00
 6.29000  5.213832851252866e+00
 6.29500  5.213834334698368e+00
 6.30000  5.213835811386644e+00
 6.30500  5.213837281354947e+00
 6.31000  5.213838744640534e+00
 6.31500  5.213840201280660e+00
 6.32000  5.213841651312579e+00
 6.32500  5.213843094773544e+00
 6.33000  5.213844531700811e+00
 6.33500  5.213845962131636e+00
 6.34000  5.213847386103271e+00
 6.34500  5.213848803652972e+00
 6.35000  5.213850214817993e+00
 6.35500  5.213851619632917e+00
 6.36000  5.213853018120796e+00
 6.36500  5.213854410301570e+00
 6.37000  5.213855796195183e+00
 6.37500  5.213857175821571e+00
 6.38000  5.213858549200677e+00
 6.38500  5.213859916352440e+00
 6.39000  5.213861277296802e+00
 6.39500  5.213862632053703e+00
 6.40000  5.213863980643085e+00
 6.40500  5.213865323084886e+00
 6.41000  5.213866659399048e+00
 6.41500  5.213867989605510e+00
 6.42000  5.213869313724215e+00
 6.42500  5.213870631775103e+00
 6.43000  5.213871943778113e+00
 6.43500  5.213873249753187e+00
 6.44000  5.213874549720264e+00
 6.44500  5.213875843699287e+00
 6.45000  5.213877131710196e+00
 6.45500  5.213878413772929e+00
 6.46000  5.213879689907428e+00
 6.46500  5.213880960133634e+00
 6.47000  5.213882224471489e+00
 6.47500  5.213883482940932e+00
 6.48000  5.213884735561902e+00
 6.48500  5.213885982354342e+00
 6.49000  5.213887223338191e+00
 6.49500  5.213888458533392e+00
 6.50000  5.213889687959882e+00
 6.50500  5.213890911637603e+00
 6.51000  5.213892129586498e+00
 6.51500  5.213893341826503e+00
 6.52000  5.213894548377563e+00
 6.52500  5.213895749259616e+00
 6.53000  5.213896944492602e+00
 6.53500  5.213898134096464e+00
 6.54000  5.213899318091141e+00
 6.54500  5.213900496496573e+00
 6.55000  5.213901669332703e+00
 6.55500  5.213902836619468e+00
 6.56000  5.213903998376813e+00
 6.56500  5.213905154624674e+00
 6.57000  5.213906305382993e+00
 6.57500  5.213907450671713e+00
 6.58000  5.213908590510772e+00
 6.58500  5.213909724920112e+00
 6.59000  5.213910853919671e+00
 6.59500  5.213911977529392e+00
 6.60000  5.213913095769215e+00
 6.60500  5.213914208659081e+00
 6.61000  5.213915316218931e+00
 6.61500  5.213916418468703e+00
 6.62000  5.213917515428340e+00
 6.62500  5.213918607117781e+00
 6.63000  5.213919693556967e+00
 6.63500  5.213920774765841e+00
 6.64000  5.213921850764340e+00
 6.64500  5.213922921572406e+00
 6.65000  5.213923987209980e+00
 6.65500  5.213925047697001e+00
 6.66000  5.213926103053412e+00
 6.66500  5.213927153299151e+00
 6.67000  5.213928198454160e+00
 6.67500  5.213929238538380e+00
 6.68000  5.213930273571750e+00
 6.68500  5.213931303574213e+00
 6.69000  5.213932328565706e+00
 6.69500  5.213933348566172e+00
 6.70000  5.213934363595552e+00
 6.70500  5.213935373673785e+00
 6.71000  5.213936378820812e+00
 6.71500  5.213937379056575e+00
 6.72000  5.213938374401011e+00
 6.72500  5.213939364874066e+00
 6.73000  5.213940350495675e+00
 6.73500  5.213941331285783e+00
 6.74000  5.213942307264327e+00
 6.74500  5.213943278451249e+00
 6.75000  5.213944244866491e+00
 6.75500  5.213945206529991e+00
 6.76000  5.213946163461692e+00
 6.76500  5.213947115681532e+00
 6.77000  5.213948063209454e+00
 6.77500  5.213949006065397e+00
 6.78000  5.213949944269302e+00
 6.78500  5.213950877841111e+00
 6.79000  5.213951806800761e+00
 6.79500  5.213952731168195e+00
 6.80000  5.213953650963354e+00
 6.80500  5.213954566206178e+00
 6.81000  5.213955476916607e+00
 6.81500  5.213956383114583e+00
 6.82000  5.213957284820044e+00
 6.82500  5.213958182052933e+00
 6.83000  5.213959074833189e+00
 6.83500  5.213959963180753e+00
 6.84000  5.213960847115566e+00
 6.84500  5.213961726657570e+00
 6.85000  5.213962601826702e+00
 6.85500  5.213963472642904e+00
 6.86000  5.213964339126118e+00
 6.86500  5.213965201296284e+00
 6.87000  5.213966059173340e+00
 6.87500  5.213966912777230e+00
 6.88000  5.213967762127893e+00
 6.88500  5.213968607245270e+00
 6.89000  5.213969448149301e+00
 6.89500  5.213970284859927e+00
 6.90000  5.213971117397088e+00
 6.90500  5.213971945780727e+00
 6.91000  5.213972770030780e+00
 6.91500  5.213973590167192e+00
 6.92000  5.213974406209900e+00
 6.92500  5.213975218178848e+00
 6.93000  5.213976026093974e+00
 6.93500  5.213976829975219e+00
 6.94000  5.213977629842524e+00
 6.94500  5.213978425715829e+00
 6.95000  5.213979217615076e+00
 6.95500  5.213980005560204e+00
 6.96000  5.213980789571154e+00
 6.96500  5.213981569667867e+00
 6.97000  5.213982345870283e+00
 6.97500  5.213983118198343e+00
 6.98000  5.213983886671988e+00
 6.98500  5.213984651311157e+00
 6.99000  5.213985412135791e+00
 6.99500  5.213986169165832e+00
 7.00000  5.213986922421220e+00
 7.00500  5.213987671921894e+00
 7.01000  5.213988417687796e+00
 7.01500  5.213989159738867e+00
 7.02000  5.213989898095046e+00
 7.02500  5.213990632776276e+00
 7.03000  5.213991363802494e+00
 7.03500  5.213992091193643e+00
 7.04000  5.213992814969663e+00
 7.04500  5.213993535150495e+00
 7.05000  5.213994251756079e+00
 7.05500  5.213994964806356e+00
 7.06000  5.213995674321266e+00
 7.06500  5.213996380320750e+00
 7.07000  5.213997082824749e+00
 7.07500  5.213997781853201e+00
 7.08000  5.213998477426050e+00
 7.08500  5.213999169563236e+00
 7.09000  5.213999858284697e+00
 7.09500  5.214000543610376e+00
 7.10000  5.214001225560212e+00
 7.10500  5.214001904154147e+00
 7.11000  5.214002579412120e+00
 7.11500  5.214003251354073e+00
 7.12000  5.214003919999946e+00
 7.12500  5.214004585369680e+00
 7.13000  5.214005247483215e+00
 7.13500  5.214005906360491e+00
 7.14000  5.214006562021450e+00
 7.14500  5.214007214486032e+00
 7.15000  5.214007863774175e+00
 7.15500  5.214008509905825e+00
 7.16000  5.214009152900918e+00
 7.16500  5.214009792779396e+00
 7.17000  5.214010429561200e+00
 7.17500  5.214011063266269e+00
 7.18000  5.214011693914546e+00
 7.18500  5.214012321525970e+00
 7.19000  5.214012946120481e+00
 7.19500  5.214013567718021e+00
 7.20000  5.214014186338530e+00
 7.20500  5.214014802001949e+00
 7.21000  5.214015414728216e+00
 7.21500  5.214016024537276e+00
 7.22000  5.214016631449066e+00
 7.22500  5.214017235483527e+00
 7.23000  5.214017836660601e+00
 7.23500  5.214018435000229e+00
 7.24000  5.214019030522349e+00
 7.24500  5.214019623246903e+00
 7.25000  5.214020213193831e+00
 7.25500  5.214020800383076e+00
 7.26000  5.214021384834576e+00
 7.26500  5.214021966568271e+00
 7.27000  5.214022545604102e+00
 7.27500  5.214023121962013e+00
 7.28000  5.214023695661940e+00
 7.28500  5.214024266723825e+00
 7.29000  5.214024835167611e+00
 7.29500  5.214025401013235e+00
 7.30000  5.214025964280639e+00
 7.30500  5.214026524989764e+00
 7.31000  5.214027083160550e+00
 7.31500  5.214027638812938e+00
 7.32000  5.214028191966870e+00
 7.32500  5.214028742642282e+00
 7.33000  5.214029290859118e+00
 7.33500  5.214029836637320e+00
 7.34000  5.214030379996824e+00
 7.34500  5.214030920957574e+00
 7.35000  5.214031459539512e+00
 7.35500  5.214031995762572e+00
 7.36000  5.214032529646702e+00
 7.36500  5.214033061211838e+00
 7.37000  5.214033590477922e+00
 7.37500  5.214034117464895e+00
 7.38000  5.214034642192697e+00
 7.38500  5.214035164681267e+00
 7.39000  5.214035684950549e+00
 7.39500  5.214036203020481e+00
 7.40000  5.214036718911004e+00
 7.40500  5.214037232642059e+00
 7.41000  5.214037744233587e+00
 7.41500  5.214038253705526e+00
 7.42000  5.214038761077821e+00
 7.42500  5.214039266370409e+00
 7.43000  5.214039769603231e+00
 7.43500  5.214040270796230e+00
 7.44000  5.214040769969341e+00
 7.44500  5.214041267142512e+00
 7.45000  5.214041762335679e+00
 7.45500  5.214042255568782e+00
 7.46000  5.214042746861764e+00
 7.46500  5.214043236234565e+00
 7.47000  5.214043723707123e+00
 7.47500  5.214044209299382e+00
 7.48000  5.214044693031281e+00
 7.48500  5.214045174922761e+00
 7.49000  5.214045654993761e+00
 7.49500  5.214046133264225e+00
 7.50000  5.214046609754090e+00
 7.50500  5.214047084483298e+00
 7.51000  5.214047557471790e+00
 7.51500  5.214048028739505e+00
 7.52000  5.214048498306386e+00
 7.52500  5.214048966192372e+00
 7.53000  5.214049432417403e+00
 7.53500  5.214049897001422e+00
 7.54000  5.214050359964366e+00
 7.54500  5.214050821326178e+00
 7.55000  5.214051281106799e+00
 7.55500  5.214051739326167e+00
 7.56000  5.214052196004225e+00
 7.56500  5.214052651160912e+00
 7.57000  5.214053104816169e+00
 7.57500  5.214053556989938e+00
 7.58000  5.214054007702158e+00
 7.58500  5.214054456972770e+00
 7.59000  5.214054904821713e+00
 7.59500  5.214055351268930e+00
 7.60000  5.214055796334361e+00
 7.60500  5.214056240037946e+00
 7.61000  5.214056682399625e+00
 7.61500  5.214057123439340e+00
 7.62000  5.214057563177030e+00
 7.62500  5.214058001632638e+00
 7.63000  5.214058438826101e+00
 7.63500  5.214058874777362e+00
 7.64000  5.214059309506363e+00
 7.64500  5.214059743033040e+00
 7.65000  5.214060175377337e+00
 7.65500  5.214060606559193e+00
 7.66000  5.214061036598551e+00
 7.66500  5.214061465515348e+00
 7.67000  5.214061893329528e+00
 7.67500  5.214062320061029e+00
 7.68000  5.214062745729793e+00
 7.68500  5.214063170355759e+00
 7.69000  5.214063593958868e+00
 7.69500  5.214064016559064e+00
 7.70000  5.214064438176282e+00
 7.70500  5.214064858830467e+00
 7.71000  5.214065278541558e+00
 7.71500  5.214065697329494e+00
 7.72000  5.214066115214218e+00
 7.72500  5.214066532215670e+00
 7.73000  5.214066948353788e+00
 7.73500  5.214067363648517e+00
 7.74000  5.214067778119794e+00
 7.74500  5.214068191787560e+00
 7.75000  5.214068604671758e+00
 7.75500  5.214069016792327e+00
 7.76000  5.214069428169205e+00
 7.76500  5.214069838822336e+00
 7.77000  5.214070248771661e+00
 7.77500  5.214070658037118e+00
 7.78000  5.214071066638648e+00
 7.78500  5.214071474596194e+00
 7.79000  5.214071881929693e+00
 7.79500  5.214072288659088e+00
 7.80000  5.214072694804320e+00
 7.80500  5.214073100385327e+00
 7.81000  5.214073505422052e+00
 7.81500  5.214073909934434e+00
 7.82000  5.214074313942414e+00
 7.82500  5.214074717465933e+00
 7.83000  5.214075120524931e+00
 7.83500  5.214075523139349e+00
 7.84000  5.214075925329127e+00
 7.84500  5.214076327114206e+00
 7.85000  5.214076728514527e+00
 7.85500  5.214077129550030e+00
 7.86000  5.214077530240655e+00
 7.86500  5.214077930606342e+00
 7.87000  5.214078330667036e+00
 7.87500  5.214078730442671e+00
 7.88000  5.214079129953193e+00
 7.88500  5.214079529218539e+00
 7.89000  5.214079928258652e+00
 7.89500  5.214080327093471e+00
 7.90000  5.214080725742937e+00
 7.90500  5.214081124226990e+00
 7.91000  5.214081522565572e+00
 7.91500  5.214081920778622e+00
 7.92000  5.214082318886083e+00
 7.92500  5.214082716907892e+00
 7.93000  5.214083114863993e+00
 7.93500  5.214083512774324e+00
 7.94000  5.214083910658484e+00
 7.94500  5.214084308526910e+00
 7.95000  5.214084706380074e+00
 7.95500  5.214085104217957e+00
 7.96000  5.214085502040535e+00
 7.96500  5.214085899847784e+00
 7.97000  5.214086297639680e+00
 7.97500  5.214086695416202e+00
 7.98000  5.214087093177324e+00
 7.98500  5.214087490923025e+00
 7.99000  5.214087888653282e+00
 7.99500  5.214088286368071e+00
 8.00000  5.214088684067368e+00
 8.00500  5.214089081751151e+00
 8.01000  5.214089479419396e+00
 8.01500  5.214089877072081e+00
 8.02000  5.214090274709180e+00
 8.02500  5.214090672330673e+00
 8.03000  5.214091069936535e+00
 8.03500  5.214091467526745e+00
 8.04000  5.214091865101278e+00
 8.04500  5.214092262660109e+00
 8.05000  5.214092660203218e+00
 8.05500  5.214093057730580e+00
 8.06000  5.214093455242174e+00
 8.06500  5.214093852737973e+00
 8.07000  5.214094250217957e+00
 8.07500  5.214094647682101e+00
 8.08000  5.214095045130383e+00
 8.08500  5.214095442562780e+00
 8.09000  5.214095839979268e+00
 8.09500  5.214096237379823e+00
 8.10000  5.214096634764424e+00
 8.10500  5.214097032133044e+00
 8.11000  5.214097429485665e+00
 8.11500  5.214097826822260e+00
 8.12000  5.214098224142807e+00
 8.12500  5.214098621447284e+00
 8.13000  5.214099018735666e+00
 8.13500  5.214099416007929e+00
 8.14000  5.214099813264052e+00
 8.14500  5.214100210504010e+00
 8.15000  5.214100607727781e+00
 8.15500  5.214101004935342e+00
 8.16000  5.214101402126670e+00
 8.16500  5.214101799301741e+00
 8.17000  5.214102196460530e+00
 8.17500  5.214102593603018e+00
 8.18000  5.214102990729178e+00
 8.18500  5.214103387838990e+00
 8.19000  5.214103784932426e+00
 8.19500  5.214104182009469e+00
 8.20000  5.214104579070091e+00
 8.20500  5.214104976114271e+00
 8.21000  5.214105373141986e+00
 8.21500  5.214105770153211e+00
 8.22000  5.214106167147925e+00
 8.22500  5.214106564126102e+00
 8.23000  5.214106961087722e+00
 8.23500  5.214107358032760e+00
 8.24000  5.214107754961193e+00
 8.24500  5.214108151872998e+00
 8.25000  5.214108548768151e+00
 8.25500  5.214108945646631e+00
 8.26000  5.214109342508412e+00
 8.26500  5.214109739353472e+00
 8.27000  5.214110136181789e+00
 8.27500  5.214110532993336e+00
 8.28000  5.214110929788095e+00
 8.28500  5.214111326566040e+00
 8.29000  5.214111723327147e+00
 8.29500  5.214112120071396e+00
 8.30000  5.214112516798759e+00
 8.30500  5.214112913509218e+00
 8.31000  5.214113310202745e+00
 8.31500  5.214113706879321e+00
 8.32000  5.214114103538919e+00
 8.32500  5.214114500181519e+00
 8.33000  5.214114896807096e+00
 8.33500  5.214115293415627e+00
 8.34000  5.214115690007090e+00
 8.34500  5.214116086581460e+00
 8.35000  5.214116483138715e+00
 8.35500  5.214116879678831e+00
 8.36000  5.214117276201785e+00
 8.36500  5.214117672707554e+00
 8.37000  5.214118069196116e+00
 8.37500  5.214118465667446e+00
 8.38000  5.214118862121522e+00
 8.38500  5.214119258558320e+00
 8.39000  5.214119654977816e+00
 8.39500  5.214120051379989e+00
 8.40000  5.214120447764815e+00
 8.40500  5.214120844132268e+00
 8.41000  5.214121240482329e+00
 8.41500  5.214121636814973e+00
 8.42000  5.214122033130177e+00
 8.42500  5.214122429427918e+00
 8.43000  5.214122825708172e+00
 8.43500  5.214123221970916e+00
 8.44000  5.214123618216127e+00
 8.44500  5.214124014443780e+00
 8.45000  5.214124410653857e+00
 8.45500  5.214124806846330e+00
 8.46000  5.214125203021177e+00
 8.46500  5.214125599178375e+00
 8.47000  5.214125995317901e+00
 8.47500  5.214126391439732e+00
 8.48000  5.214126787543844e+00
 8.48500  5.214127183630215e+00
 8.49000  5.214127579698818e+00
 8.49500  5.214127975749635e+00
 8.50000  5.214128371782641e+00
 8.50500  5.214128767797812e+00
 8.51000  5.214129163795125e+00
 8.51500  5.214129559774557e+00
 8.52000  5.214129955736086e+00
 8.52500  5.214130351679686e+00
 8.53000  5.214130747605335e+00
 8.53500  5.214131143513011e+00
 8.54000  5.214131539402691e+00
 8.54500  5.214131935274350e+00
 8.55000  5.214132331127965e+00
 8.55500  5.214132726963514e+00
 8.56000  5.214133122780973e+00
 8.56500  5.214133518580319e+00
 8.57000  5.214133914361528e+00
 8.57500  5.214134310124579e+00
 8.58000  5.214134705869446e+00
 8.58500  5.214135101596108e+00
 8.59000  5.214135497304541e+00
 8.59500  5.214135892994722e+00
 8.60000  5.214136288666627e+00
 8.60500  5.214136684320234e+00
 8.61000  5.214137079955519e+00
 8.61500  5.214137475572458e+00
 8.62000  5.214137871171029e+00
 8.62500  5.214138266751210e+00
 8.63000  5.214138662312975e+00
 8.63500  5.214139057856302e+00
 8.64000  5.214139453381169e+00
 8.64500  5.214139848887552e+00
 8.65000  5.214140244375427e+00
 8.65500  5.214140639844770e+00
 8.66000  5.214141035295560e+00
 8.66500  5.214141430727773e+00
 8.67000  5.214141826141387e+00
 8.67500  5.214142221536376e+00
 8.68000  5.214142616912719e+00
 8.68500  5.214143012270393e+00
 8.69000  5.214143407609372e+00
 8.69500  5.214143802929636e+00
 8.70000  5.214144198231159e+00
 8.70500  5.214144593513921e+00
 8.71000  5.214144988777896e+00
 8.71500  5.214145384023063e+00
 8.72000  5.214145779249398e+00
 8.72500  5.214146174456876e+00
 8.73000  5.214146569645477e+00
 8.73500  5.214146964815176e+00
 8.74000  5.214147359965947e+00
 8.74500  5.214147755097772e+00
 8.75000  5.214148150210626e+00
 8.75500  5.214148545304485e+00
 8.76000  5.214148940379325e+00
 8.76500  5.214149335435126e+00
 8.77000  5.214149730471862e+00
 8.77500  5.214150125489509e+00
 8.78000  5.214150520488047e+00
 8.78500  5.214150915467449e+00
 8.79000  5.214151310427695e+00
 8.79500  5.214151705368762e+00
 8.80000  5.214152100290624e+00
 8.80500  5.214152495193260e+00
 8.81000  5.214152890076646e+00
 8.81500  5.214153284940759e+00
 8.82000  5.214153679785575e+00
 8.82500  5.214154074611071e+00
 8.83000  5.214154469417226e+00
 8.83500  5.214154864204015e+00
 8.84000  5.214155258971413e+00
 8.84500  5.214155653719400e+00
 8.85000  5.214156048447951e+00
 8.85500  5.214156443157044e+00
 8.86000  5.214156837846656e+00
 8.86500  5.214157232516762e+00
 8.87000  5.214157627167338e+00
 8.87500  5.214158021798363e+00
 8.88000  5.214158416409814e+00
 8.88500  5.214158811001668e+00
 8.89000  5.214159205573901e+00
 8.89500  5.214159600126487e+00
 8.90000  5.214159994659408e+00
 8.90500  5.214160389172637e+00
 8.91000  5.214160783666151e+00
 8.91500  5.214161178139930e+00
 8.92000  5.214161572593948e+00
 8.92500  5.214161967028183e+00
 8.93000  5.214162361442611e+00
 8.93500  5.214162755837209e+00
 8.94000  5.214163150211952e+00
 8.94500  5.214163544566821e+00
 8.95000  5.214163938901789e+00
 8.95500  5.214164333216836e+00
 8.96000  5.214164727511934e+00
 8.96500  5.214165121787066e+00
 8.97000  5.214165516042205e+00
 8.97500  5.214165910277328e+00
 8.98000  5.214166304492411e+00
 8.98500  5.214166698687434e+00
 8.99000  5.214167092862372e+00
 8.99500  5.214167487017199e+00
 9.00000  5.214167881151896e+00
 9.00500  5.214168275266438e+00
 9.01000  5.214168669360802e+00
 9.01500  5.214169063434966e+00
 9.02000  5.214169457488905e+00
 9.02500  5.214169851522596e+00
 9.03000  5.214170245536017e+00
 9.03500  5.214170639529143e+00
 9.04000  5.214171033501951e+00
 9.04500  5.214171427454421e+00
 9.05000  5.214171821386526e+00
 9.05500  5.214172215298245e+00
 9.06000  5.214172609189553e+00
 9.06500  5.214173003060429e+00
 9.07000  5.214173396910848e+00
 9.07500  5.214173790740787e+00
 9.08000  5.214174184550222e+00
 9.08500  5.214174578339133e+00
 9.09000  5.214174972107495e+00
 9.09500  5.214175365855284e+00
 9.10000  5.214175759582477e+00
 9.10500  5.214176153289052e+00
 9.11000  5.214176546974985e+00
 9.11500  5.214176940640252e+00
 9.12000  5.214177334284830e+00
 9.12500  5.214177727908697e+00
 9.13000  5.214178121511830e+00
 9.13500  5.214178515094204e+00
 9.14000  5.214178908655798e+00
 9.14500  5.214179302196587e+00
 9.15000  5.214179695716548e+00
 9.15500  5.214180089215659e+00
 9.16000  5.214180482693895e+00
 9.16500  5.214180876151233e+00
 9.17000  5.214181269587652e+00
 9.17500  5.214181663003128e+00
 9.18000  5.214182056397636e+00
 9.18500  5.214182449771154e+00
 9.19000  5.214182843123659e+00
 9.19500  5.214183236455128e+00
 9.20000  5.214183629765536e+00
 9.20500  5.214184023054862e+00
 9.21000  5.214184416323082e+00
 9.21500  5.214184809570173e+00
 9.22000  5.214185202796111e+00
 9.22500  5.214185596000874e+00
 9.23000  5.214185989184438e+00
 9.23500  5.214186382346780e+00
 9.24000  5.214186775487877e+00
 9.24500  5.214187168607705e+00
 9.25000  5.214187561706241e+00
 9.25500  5.214187954783463e+00
 9.26000  5.214188347839346e+00
 9.26500  5.214188740873869e+00
 9.27000  5.214189133887007e+00
 9.27500  5.214189526878737e+00
 9.28000  5.214189919849036e+00
 9.28500  5.214190312797881e+00
 9.29000  5.214190705725249e+00
 9.29500  5.214191098631116e+00
 9.30000  5.214191491515460e+00
 9.30500  5.214191884378257e+00
 9.31000  5.214192277219484e+00
 9.31500  5.214192670039118e+00
 9.32000  5.214193062837135e+00
 9.32500  5.214193455613513e+00
 9.33000  5.214193848368228e+00
 9.33500  5.214194241101255e+00
 9.34000  5.214194633812575e+00
 9.34500  5.214195026502161e+00
 9.35000  5.214195419169993e+00
 9.35500  5.214195811816046e+00
 9.36000  5.214196204440295e+00
 9.36500  5.214196597042720e+00
 9.37000  5.214196989623296e+00
 9.37500  5.214197382182001e+00
 9.38000  5.214197774718810e+00
 9.38500  5.214198167233702e+00
 9.39000  5.214198559726652e+00
 9.39500  5.214198952197638e+00
 9.40000  5.214199344646636e+00
 9.40500  5.214199737073623e+00
 9.41000  5.214200129478576e+00
 9.41500  5.214200521861473e+00
 9.42000  5.214200914222287e+00
 9.42500  5.214201306560999e+00
 9.43000  5.214201698877583e+00
 9.43500  5.214202091172018e+00
 9.44000  5.214202483444280e+00
 9.44500  5.214202875694344e+00
 9.45000  5.214203267922189e+00
 9.45500  5.214203660127792e+00
 9.46000  5.214204052311127e+00
 9.46500  5.214204444472173e+00
 9.47000  5.214204836610907e+00
 9.47500  5.214205228727306e+00
 9.48000  5.214205620821345e+00
 9.48500  5.214206012893003e+00
 9.49000  5.214206404942256e+00
 9.49500  5.214206796969079e+00
 9.50000  5.214207188973451e+00
 9.50500  5.214207580955347e+00
 9.51000  5.214207972914745e+00
 9.51500  5.214208364851623e+00
 9.52000  5.214208756765956e+00
 9.52500  5.214209148657720e+00
 9.53000  5.214209540526895e+00
 9.53500  5.214209932373455e+00
 9.54000  5.214210324197377e+00
 9.54500  5.214210715998640e+00
 9.55000  5.214211107777216e+00
 9.55500  5.214211499533088e+00
 9.56000  5.214211891266229e+00
 9.56500  5.214212282976617e+00
 9.57000  5.214212674664228e+00
 9.57500  5.214213066329040e+00
 9.58000  5.214213457971028e+00
 9.58500  5.214213849590172e+00
 9.59000  5.214214241186443e+00
 9.59500  5.214214632759824e+00
 9.60000  5.214215024310288e+00
 9.60500  5.214215415837814e+00
 9.61000  5.214215807342378e+00
 9.61500  5.214216198823956e+00
 9.62000  5.214216590282525e+00
 9.62500  5.214216981718063e+00
 9.63000  5.214217373130547e+00
 9.63500  5.214217764519949e+00
 9.64000  5.214218155886253e+00
 9.64500  5.214218547229431e+00
 9.65000  5.214218938549463e+00
 9.65500  5.214219329846323e+00
 9.66000  5.214219721119989e+00
 9.66500  5.214220112370437e+00
 9.67000  5.214220503597645e+00
 9.67500  5.214220894801588e+00
 9.68000  5.214221285982244e+00
 9.68500  5.214221677139592e+00
 9.69000  5.214222068273604e+00
 9.69500  5.214222459384262e+00
 9.70000  5.214222850471539e+00
 9.70500  5.214223241535412e+00
 9.71000  5.214223632575861e+00
 9.71500  5.214224023592858e+00
 9.72000  5.214224414586384e+00
 9.72500  5.214224805556412e+00
 9.73000  5.214225196502924e+00
 9.73500  5.214225587425893e+00
 9.74000  5.214225978325296e+00
 9.74500  5.214226369201111e+00
 9.75000  5.214226760053314e+00
 9.75500  5.214227150881880e+00
 9.76000  5.214227541686790e+00
 9.76500  5.214227932468018e+00
 9.77000  5.214228323225542e+00
 9.77500  5.214228713959336e+00
 9.78000  5.214229104669381e+00
 9.78500  5.214229495355652e+00
 9.79000  5.214229886018125e+00
 9.79500  5.214230276656777e+00
 9.80000  5.214230667271585e+00
 9.80500  5.214231057862526e+00
 9.81000  5.214231448429578e+00
 9.81500  5.214231838972716e+00
 9.82000  5.214232229491917e+00
 9.82500  5.214232619987158e+00
 9.83000  5.214233010458416e+00
 9.83500  5.214233400905668e+00
 9.84000  5.214233791328891e+00
 9.84500  5.214234181728060e+00
 9.85000  5.214234572103154e+00
 9.85500  5.214234962454149e+00
 9.86000  5.214235352781021e+00
 9.86500  5.214235743083749e+00
 9.87000  5.214236133362308e+00
 9.87500  5.214236523616674e+00
 9.88000  5.214236913846825e+00
 9.88500  5.214237304052738e+00
 9.89000  5.214237694234390e+00
 9.89500  5.214238084391757e+00
 9.90000  5.214238474524817e+00
 9.90500  5.214238864633545e+00
 9.91000  5.214239254717919e+00
 9.91500  5.214239644777916e+00
 9.92000  5.214240034813511e+00
 9.92500  5.214240424824683e+00
 9.93000  5.214240814811408e+00
 9.93500  5.214241204773662e+00
 9.94000  5.214241594711424e+00
 9.94500  5.214241984624667e+00
 9.95000  5.214242374513372e+00
 9.95500  5.214242764377514e+00
 9.96000  5.214243154217069e+00
 9.96500  5.214243544032015e+00
 9.97000  5.214243933822327e+00
 9.97500  5.214244323587984e+00
 9.98000  5.214244713328962e+00
 9.98500  5.214245103045238e+00
 9.99000  5.214245492736787e+00
 9.99500  5.214245882403589e+00
10.00000  5.214246272045619e+00
