# 2.17020000(Re)  1.61470012(De)  3.94487735(Te)  1.51175233(beta) B3S-1.dat
 0.00000  3.316111408696567e+03
 0.00500  3.257850718008792e+03
 0.01000  3.199590027321017e+03
 0.01500  3.142361222339461e+03
 0.02000  3.086146128132019e+03
 0.02500  3.030926889005812e+03
 0.03000  2.976685962907552e+03
 0.03500  2.923406115922005e+03
 0.04000  2.871070416866937e+03
 0.04500  2.819662231982761e+03
 0.05000  2.769165219715310e+03
 0.05500  2.719563325590035e+03
 0.06000  2.670840777176064e+03
 0.06500  2.622982079138523e+03
 0.07000  2.575972008377621e+03
 0.07500  2.529795609252905e+03
 0.08000  2.484438188891256e+03
 0.08500  2.439885312577116e+03
 0.09000  2.396122799223553e+03
 0.09500  2.353136716922684e+03
 0.10000  2.310913378574122e+03
 0.10500  2.269439337590049e+03
 0.11000  2.228701383675574e+03
 0.11500  2.188686538683080e+03
 0.12000  2.149382052539234e+03
 0.12500  2.110775399243400e+03
 0.13000  2.072854272936200e+03
 0.13500  2.035606584037012e+03
 0.14000  1.999020455449166e+03
 0.14500  1.963084218831674e+03
 0.15000  1.927786410936313e+03
 0.15500  1.893115770008944e+03
 0.16000  1.859061232253900e+03
 0.16500  1.825611928360372e+03
 0.17000  1.792757180089690e+03
 0.17500  1.760486496922429e+03
 0.18000  1.728789572764317e+03
 0.18500  1.697656282709878e+03
 0.19000  1.667076679862821e+03
 0.19500  1.637040992212178e+03
 0.20000  1.607539619563211e+03
 0.20500  1.578563130522130e+03
 0.21000  1.550102259533677e+03
 0.21500  1.522147903970643e+03
 0.22000  1.494691121274430e+03
 0.22500  1.467723126145737e+03
 0.23000  1.441235287784510e+03
 0.23500  1.415219127178281e+03
 0.24000  1.389666314438052e+03
 0.24500  1.364568666180901e+03
 0.25000  1.339918142958475e+03
 0.25500  1.315706846730571e+03
 0.26000  1.291927018383013e+03
 0.26500  1.268571035289074e+03
 0.27000  1.245631408913628e+03
 0.27500  1.223100782459333e+03
 0.28000  1.200971928554085e+03
 0.28500  1.179237746979016e+03
 0.29000  1.157891262436343e+03
 0.29500  1.136925622356352e+03
 0.30000  1.116334094742839e+03
 0.30500  1.096110066056340e+03
 0.31000  1.076247039134471e+03
 0.31500  1.056738631148748e+03
 0.32000  1.037578571597227e+03
 0.32500  1.018760700332353e+03
 0.33000  1.000278965623395e+03
 0.33500  9.821274222528589e+02
 0.34000  9.643002296462809e+02
 0.34500  9.467916500348208e+02
 0.35000  9.295960466500867e+02
 0.35500  9.127078819506069e+02
 0.36000  8.961217158794142e+02
 0.36500  8.798322041521831e+02
 0.37000  8.638340965753981e+02
 0.37500  8.481222353940110e+02
 0.38000  8.326915536680837e+02
 0.38500  8.175370736778998e+02
 0.39000  8.026539053570500e+02
 0.39500  7.880372447530037e+02
 0.40000  7.736823725146759e+02
 0.40500  7.595846524065265e+02
 0.41000  7.457395298487182e+02
 0.41500  7.321425304828857e+02
 0.42000  7.187892587630573e+02
 0.42500  7.056753965712951e+02
 0.43000  6.927967018576149e+02
 0.43500  6.801490073037692e+02
 0.44000  6.677282190104647e+02
 0.44500  6.555303152076079e+02
 0.45000  6.435513449871781e+02
 0.45500  6.317874270583247e+02
 0.46000  6.202347485243071e+02
 0.46500  6.088895636808872e+02
 0.47000  5.977481928358019e+02
 0.47500  5.868070211489429e+02
 0.48000  5.760624974928910e+02
 0.48500  5.655111333334319e+02
 0.49000  5.551495016297166e+02
 0.49500  5.449742357537151e+02
 0.50000  5.349820284286297e+02
 0.50500  5.251696306859311e+02
 0.51000  5.155338508406932e+02
 0.51500  5.060715534849061e+02
 0.52000  4.967796584984504e+02
 0.52500  4.876551400774273e+02
 0.53000  4.786950257795331e+02
 0.53500  4.698963955861863e+02
 0.54000  4.612563809811091e+02
 0.54500  4.527721640450786e+02
 0.55000  4.444409765665603e+02
 0.55500  4.362600991679471e+02
 0.56000  4.282268604471323e+02
 0.56500  4.203386361341425e+02
 0.57000  4.125928482625746e+02
 0.57500  4.049869643555676e+02
 0.58000  3.975184966260624e+02
 0.58500  3.901850011910933e+02
 0.59000  3.829840772998716e+02
 0.59500  3.759133665754124e+02
 0.60000  3.689705522694697e+02
 0.60500  3.621533585305527e+02
 0.61000  3.554595496847821e+02
 0.61500  3.488869295293713e+02
 0.62000  3.424333406385064e+02
 0.62500  3.360966636814082e+02
 0.63000  3.298748167523652e+02
 0.63500  3.237657547125229e+02
 0.64000  3.177674685432277e+02
 0.64500  3.118779847107199e+02
 0.65000  3.060953645419796e+02
 0.65500  3.004177036115263e+02
 0.66000  2.948431311389841e+02
 0.66500  2.893698093972200e+02
 0.67000  2.839959331308720e+02
 0.67500  2.787197289850866e+02
 0.68000  2.735394549442814e+02
 0.68500  2.684533997807619e+02
 0.69000  2.634598825130179e+02
 0.69500  2.585572518735290e+02
 0.70000  2.537438857859146e+02
 0.70500  2.490181908512619e+02
 0.71000  2.443786018434725e+02
 0.71500  2.398235812134700e+02
 0.72000  2.353516186021116e+02
 0.72500  2.309612303616519e+02
 0.73000  2.266509590856086e+02
 0.73500  2.224193731468846e+02
 0.74000  2.182650662439983e+02
 0.74500  2.141866569552822e+02
 0.75000  2.101827883009103e+02
 0.75500  2.062521273126149e+02
 0.76000  2.023933646109615e+02
 0.76500  1.986052139900447e+02
 0.77000  1.948864120094791e+02
 0.77500  1.912357175935536e+02
 0.78000  1.876519116374279e+02
 0.78500  1.841337966202426e+02
 0.79000  1.806801962250259e+02
 0.79500  1.772899549652748e+02
 0.80000  1.739619378180952e+02
 0.80500  1.706950298637863e+02
 0.81000  1.674881359317544e+02
 0.81500  1.643401802526467e+02
 0.82000  1.612501061165955e+02
 0.82500  1.582168755374651e+02
 0.83000  1.552394689229974e+02
 0.83500  1.523168847507518e+02
 0.84000  1.494481392497362e+02
 0.84500  1.466322660876341e+02
 0.85000  1.438683160635235e+02
 0.85500  1.411553568059962e+02
 0.86000  1.384924724765791e+02
 0.86500  1.358787634783681e+02
 0.87000  1.333133461697802e+02
 0.87500  1.307953525833346e+02
 0.88000  1.283239301493764e+02
 0.88500  1.258982414246530e+02
 0.89000  1.235174638256621e+02
 0.89500  1.211807893666835e+02
 0.90000  1.188874244024153e+02
 0.90500  1.166365893751325e+02
 0.91000  1.144275185662894e+02
 0.91500  1.122594598524870e+02
 0.92000  1.101316744657292e+02
 0.92500  1.080434367578929e+02
 0.93000  1.059940339693375e+02
 0.93500  1.039827660015813e+02
 0.94000  1.020089451939740e+02
 0.94500  1.000718961042945e+02
 0.95000  9.817095529320488e+01
 0.95500  9.630547111249398e+01
 0.96000  9.447480349704344e+01
 0.96500  9.267832376045038e+01
 0.97000  9.091541439424387e+01
 0.97500  8.918546887063063e+01
 0.98000  8.748789144870901e+01
 0.98500  8.582209698409019e+01
 0.99000  8.418751074186642e+01
 0.99500  8.258356821286853e+01
 1.00000  8.100971493315336e+01
 1.00500  7.946540630666627e+01
 1.01000  7.795010743102162e+01
 1.01500  7.646329292634677e+01
 1.02000  7.500444676713731e+01
 1.02500  7.357306211706748e+01
 1.03000  7.216864116670743e+01
 1.03500  7.079069497409422e+01
 1.04000  6.943874330810677e+01
 1.04500  6.811231449459594e+01
 1.05000  6.681094526522105e+01
 1.05500  6.553418060894580e+01
 1.06000  6.428157362614601e+01
 1.06500  6.305268538528453e+01
 1.07000  6.184708478210703e+01
 1.07500  6.066434840131559e+01
 1.08000  5.950406038067534e+01
 1.08500  5.836581227751297e+01
 1.09000  5.724920293756312e+01
 1.09500  5.615383836612398e+01
 1.10000  5.507933160147860e+01
 1.10500  5.402530259054519e+01
 1.11000  5.299137806671442e+01
 1.11500  5.197719142983778e+01
 1.12000  5.098238262832727e+01
 1.12500  5.000659804333075e+01
 1.13000  4.904949037494568e+01
 1.13500  4.811071853043584e+01
 1.14000  4.718994751441572e+01
 1.14500  4.628684832096806e+01
 1.15000  4.540109782766049e+01
 1.15500  4.453237869142841e+01
 1.16000  4.368037924629026e+01
 1.16500  4.284479340286440e+01
 1.17000  4.202532054965493e+01
 1.17500  4.122166545607557e+01
 1.18000  4.043353817718157e+01
 1.18500  3.966065396007891e+01
 1.19000  3.890273315198216e+01
 1.19500  3.815950110989100e+01
 1.20000  3.743068811185830e+01
 1.20500  3.671602926982032e+01
 1.21000  3.601526444396313e+01
 1.21500  3.532813815859664e+01
 1.22000  3.465439951951141e+01
 1.22500  3.399380213279075e+01
 1.23000  3.334610402505358e+01
 1.23500  3.271106756510231e+01
 1.24000  3.208845938695138e+01
 1.24500  3.147805031421195e+01
 1.25000  3.087961528580920e+01
 1.25500  3.029293328300859e+01
 1.26000  2.971778725772823e+01
 1.26500  2.915396406211453e+01
 1.27000  2.860125437935951e+01
 1.27500  2.805945265573695e+01
 1.28000  2.752835703383724e+01
 1.28500  2.700776928697860e+01
 1.29000  2.649749475477490e+01
 1.29500  2.599734227983958e+01
 1.30000  2.550712414560500e+01
 1.30500  2.502665601523902e+01
 1.31000  2.455575687163786e+01
 1.31500  2.409424895847775e+01
 1.32000  2.364195772230585e+01
 1.32500  2.319871175565275e+01
 1.33000  2.276434274114801e+01
 1.33500  2.233868539662179e+01
 1.34000  2.192157742117458e+01
 1.34500  2.151285944219857e+01
 1.35000  2.111237496333349e+01
 1.35500  2.071997031334085e+01
 1.36000  2.033549459588003e+01
 1.36500  1.995879964017091e+01
 1.37000  1.958973995252684e+01
 1.37500  1.922817266874328e+01
 1.38000  1.887395750732636e+01
 1.38500  1.852695672354731e+01
 1.39000  1.818703506430771e+01
 1.39500  1.785405972380161e+01
 1.40000  1.752790029996022e+01
 1.40500  1.720842875166580e+01
 1.41000  1.689551935672084e+01
 1.41500  1.658904867055945e+01
 1.42000  1.628889548568793e+01
 1.42500  1.599494079184154e+01
 1.43000  1.570706773684505e+01
 1.43500  1.542516158816448e+01
 1.44000  1.514910969513823e+01
 1.44500  1.487880145187513e+01
 1.45000  1.461412826080823e+01
 1.45500  1.435498349689232e+01
 1.46000  1.410126247243427e+01
 1.46500  1.385286240254461e+01
 1.47000  1.360968237119999e+01
 1.47500  1.337162329790507e+01
 1.48000  1.313858790494400e+01
 1.48500  1.291048068521059e+01
 1.49000  1.268720787060727e+01
 1.49500  1.246867740100268e+01
 1.50000  1.225479889373822e+01
 1.50500  1.204548361367366e+01
 1.51000  1.184064444376266e+01
 1.51500  1.164019585614848e+01
 1.52000  1.144405388377109e+01
 1.52500  1.125213609247635e+01
 1.53000  1.106436155361878e+01
 1.53500  1.088065081714883e+01
 1.54000  1.070092588517654e+01
 1.54500  1.052511018600278e+01
 1.55000  1.035312854861021e+01
 1.55500  1.018490717760564e+01
 1.56000  1.002037362860588e+01
 1.56500  9.859456784059430e+00
 1.57000  9.702086829495963e+00
 1.57500  9.548195230196606e+00
 1.58000  9.397714708277061e+00
 1.58500  9.250579220176700e+00
 1.59000  9.106723934546251e+00
 1.59500  8.966085210527204e+00
 1.60000  8.828600576415878e+00
 1.60500  8.694208708705563e+00
 1.61000  8.562849411499887e+00
 1.61500  8.434463596291039e+00
 1.62000  8.308993262096273e+00
 1.62500  8.186381475946503e+00
 1.63000  8.066572353720684e+00
 1.63500  7.949511041319973e+00
 1.64000  7.835143696175621e+00
 1.64500  7.723417469084742e+00
 1.65000  7.614280486368166e+00
 1.65500  7.507681832344752e+00
 1.66000  7.403571532116465e+00
 1.66500  7.301900534658908e+00
 1.67000  7.202620696211749e+00
 1.67500  7.105684763963891e+00
 1.68000  7.011046360028151e+00
 1.68500  6.918659965700255e+00
 1.69000  6.828480905997317e+00
 1.69500  6.740465334470688e+00
 1.70000  6.654570218288466e+00
 1.70500  6.570753323582831e+00
 1.71000  6.488973201057627e+00
 1.71500  6.409189171851456e+00
 1.72000  6.331361313651963e+00
 1.72500  6.255450447056704e+00
 1.73000  6.181418122176381e+00
 1.73500  6.109226605476080e+00
 1.74000  6.038838866850384e+00
 1.74500  5.970218566928149e+00
 1.75000  5.903330044603007e+00
 1.75500  5.838138304785483e+00
 1.76000  5.774609006372930e+00
 1.76500  5.712708450433355e+00
 1.77000  5.652403568599420e+00
 1.77500  5.593661911668856e+00
 1.78000  5.536451638407708e+00
 1.78500  5.480741504552760e+00
 1.79000  5.426500852009688e+00
 1.79500  5.373699598243447e+00
 1.80000  5.322308225857507e+00
 1.80500  5.272297772358615e+00
 1.81000  5.223639820103787e+00
 1.81500  5.176306486426332e+00
 1.82000  5.130270413937728e+00
 1.82500  5.085504761002265e+00
 1.83000  5.041983192381374e+00
 1.83500  4.999679870044688e+00
 1.84000  4.958569444144830e+00
 1.84500  4.918627044153107e+00
 1.85000  4.879828270153189e+00
 1.85500  4.842149184290066e+00
 1.86000  4.805566302371449e+00
 1.86500  4.770056585619006e+00
 1.87000  4.735597432566715e+00
 1.87500  4.702166671103791e+00
 1.88000  4.669742550659580e+00
 1.88500  4.638303734527947e+00
 1.89000  4.607829292328690e+00
 1.89500  4.578298692603521e+00
 1.90000  4.549691795544280e+00
 1.90500  4.521988845851025e+00
 1.91000  4.492553461708738e+00
 1.91500  4.462968667949393e+00
 1.92000  4.436300548789332e+00
 1.92500  4.410979406383877e+00
 1.93000  4.385708146873244e+00
 1.93500  4.360665243939976e+00
 1.94000  4.336788594939146e+00
 1.94500  4.314671693750997e+00
 1.95000  4.294264512166119e+00
 1.95500  4.274420625259976e+00
 1.96000  4.253785491031899e+00
 1.96500  4.231851941513082e+00
 1.97000  4.211619192879960e+00
 1.97500  4.195216828061426e+00
 1.98000  4.181513809550081e+00
 1.98500  4.168926093908163e+00
 1.99000  4.156517265716855e+00
 1.99500  4.143715795292110e+00
 2.00000  4.129920349888209e+00
 2.00500  4.115434584544360e+00
 2.01000  4.101672200953639e+00
 2.01500  4.089373637472346e+00
 2.02000  4.078542122340197e+00
 2.02500  4.068809157823129e+00
 2.03000  4.059793812504424e+00
 2.03500  4.051270532101562e+00
 2.04000  4.043102175142985e+00
 2.04500  4.035210811237078e+00
 2.05000  4.027561239128861e+00
 2.05500  4.020155137846025e+00
 2.06000  4.013046008114753e+00
 2.06500  4.006292373762411e+00
 2.07000  3.999929934034125e+00
 2.07500  3.993974541824335e+00
 2.08000  3.988427843472332e+00
 2.08500  3.983281854601786e+00
 2.09000  3.978522493530330e+00
 2.09500  3.974133079312407e+00
 2.10000  3.970095778841661e+00
 2.10500  3.966392511426538e+00
 2.11000  3.963006556578962e+00
 2.11500  3.959925812211232e+00
 2.12000  3.957141938412837e+00
 2.12500  3.954650228384618e+00
 2.13000  3.952445748635875e+00
 2.13500  3.950522938090858e+00
 2.14000  3.948877040689426e+00
 2.14500  3.947507809750853e+00
 2.15000  3.946416779964290e+00
 2.15500  3.945605611079610e+00
 2.16000  3.945076089378911e+00
 2.16500  3.944830132055781e+00
 2.17000  3.944869791325901e+00
 2.17500  3.945196223897598e+00
 2.18000  3.945806061947450e+00
 2.18500  3.946694761174462e+00
 2.19000  3.947857911186810e+00
 2.19500  3.949291231316611e+00
 2.20000  3.950990603150248e+00
 2.20500  3.952953429253148e+00
 2.21000  3.955179037775459e+00
 2.21500  3.957666341038155e+00
 2.22000  3.960409438815831e+00
 2.22500  3.963400195967685e+00
 2.23000  3.966629738994597e+00
 2.23500  3.970087977076530e+00
 2.24000  3.973761845107346e+00
 2.24500  3.977637347594758e+00
 2.25000  3.981700971571438e+00
 2.25500  3.985941531067378e+00
 2.26000  3.990349350881120e+00
 2.26500  3.994916741150105e+00
 2.27000  3.999638361402852e+00
 2.27500  4.004511210587299e+00
 2.28000  4.009534833743435e+00
 2.28500  4.014711851346817e+00
 2.29000  4.020048493153955e+00
 2.29500  4.025555085384837e+00
 2.30000  4.031247106817240e+00
 2.30500  4.037135333788928e+00
 2.31000  4.043215375979647e+00
 2.31500  4.049474397224738e+00
 2.32000  4.055888076350120e+00
 2.32500  4.062419149131876e+00
 2.33000  4.069023632317981e+00
 2.33500  4.075653587349765e+00
 2.34000  4.082259132643107e+00
 2.34500  4.088817077136222e+00
 2.35000  4.095334460522960e+00
 2.35500  4.101843884905891e+00
 2.36000  4.108385200431390e+00
 2.36500  4.115001279457825e+00
 2.37000  4.121752369127239e+00
 2.37500  4.128726944477529e+00
 2.38000  4.136026224821070e+00
 2.38500  4.143687329648893e+00
 2.39000  4.151709656120214e+00
 2.39500  4.160003778999177e+00
 2.40000  4.168418692058547e+00
 2.40500  4.176793319260915e+00
 2.41000  4.184967813719624e+00
 2.41500  4.192881653252609e+00
 2.42000  4.200566661329303e+00
 2.42500  4.208063075933508e+00
 2.43000  4.215456620269815e+00
 2.43500  4.222837209030356e+00
 2.44000  4.230294042548383e+00
 2.44500  4.237903442192025e+00
 2.45000  4.245645892472579e+00
 2.45500  4.253502088647720e+00
 2.46000  4.261471981117254e+00
 2.46500  4.269518367109089e+00
 2.47000  4.277579797362359e+00
 2.47500  4.285596770287165e+00
 2.48000  4.293576312739042e+00
 2.48500  4.301548378703932e+00
 2.49000  4.309532521437395e+00
 2.49500  4.317525527234686e+00
 2.50000  4.325522353892104e+00
 2.50500  4.333541122077572e+00
 2.51000  4.341599032555919e+00
 2.51500  4.349703483863293e+00
 2.52000  4.357865210707858e+00
 2.52500  4.366095561673251e+00
 2.53000  4.374401772457809e+00
 2.53500  4.382796680608871e+00
 2.54000  4.391292146165602e+00
 2.54500  4.399901359002430e+00
 2.55000  4.408632412358057e+00
 2.55500  4.417472514937833e+00
 2.56000  4.426404119150410e+00
 2.56500  4.435405750525934e+00
 2.57000  4.444449168771754e+00
 2.57500  4.453509851651581e+00
 2.58000  4.462563899589993e+00
 2.58500  4.471588692926765e+00
 2.59000  4.480557224009835e+00
 2.59500  4.489364732042583e+00
 2.60000  4.497946494707580e+00
 2.60500  4.506266949582342e+00
 2.61000  4.514300124522672e+00
 2.61500  4.522028610165750e+00
 2.62000  4.529503442015908e+00
 2.62500  4.536907960054458e+00
 2.63000  4.544321279186448e+00
 2.63500  4.551812531381645e+00
 2.64000  4.559459379115418e+00
 2.64500  4.567352987540730e+00
 2.65000  4.575495874443003e+00
 2.65500  4.583615672504376e+00
 2.66000  4.591621522267782e+00
 2.66500  4.599452239194895e+00
 2.67000  4.607055957967868e+00
 2.67500  4.614390759527338e+00
 2.68000  4.621596585854426e+00
 2.68500  4.629000465037982e+00
 2.69000  4.636757996855226e+00
 2.69500  4.645067586072540e+00
 2.70000  4.654243237097480e+00
 2.70500  4.664591392815820e+00
 2.71000  4.674723542274034e+00
 2.71500  4.683943473926004e+00
 2.72000  4.692140823543183e+00
 2.72500  4.699357626498567e+00
 2.73000  4.705721289549015e+00
 2.73500  4.711687252753418e+00
 2.74000  4.717588995537617e+00
 2.74500  4.723526503055281e+00
 2.75000  4.729625225651901e+00
 2.75500  4.736047430464997e+00
 2.76000  4.743042482226326e+00
 2.76500  4.750851461880172e+00
 2.77000  4.759077566027220e+00
 2.77500  4.767640352457985e+00
 2.78000  4.776369641687814e+00
 2.78500  4.784989679178189e+00
 2.79000  4.793464690095154e+00
 2.79500  4.801832046915396e+00
 2.80000  4.810093306045903e+00
 2.80500  4.818249998670221e+00
 2.81000  4.826303631201191e+00
 2.81500  4.834255685724761e+00
 2.82000  4.842107620435082e+00
 2.82500  4.849860870061068e+00
 2.83000  4.857516846284604e+00
 2.83500  4.865076938150576e+00
 2.84000  4.872542512468913e+00
 2.84500  4.879914914208776e+00
 2.85000  4.887195466885103e+00
 2.85500  4.894385472937641e+00
 2.86000  4.901486214102632e+00
 2.86500  4.908498951777317e+00
 2.87000  4.915424927377392e+00
 2.87500  4.922265362687584e+00
 2.88000  4.929021460205473e+00
 2.88500  4.935694403478714e+00
 2.89000  4.942285357435785e+00
 2.89500  4.948795468710416e+00
 2.90000  4.955225865959807e+00
 2.90500  4.961577660176778e+00
 2.91000  4.967851944995977e+00
 2.91500  4.974049796994262e+00
 2.92000  4.980172275985383e+00
 2.92500  4.986220425309085e+00
 2.93000  4.992195272114735e+00
 2.93500  4.998097827639592e+00
 2.94000  5.003929087481846e+00
 2.94500  5.009690031868501e+00
 2.95000  5.015381625918230e+00
 2.95500  5.021004819899306e+00
 2.96000  5.026560549482698e+00
 2.96500  5.032049735990437e+00
 2.97000  5.037473286639344e+00
 2.97500  5.042832094780220e+00
 2.98000  5.048127040132591e+00
 2.98500  5.053358989015083e+00
 2.99000  5.058528794571544e+00
 2.99500  5.063637296992956e+00
 3.00000  5.068685323735271e+00
 3.00500  5.073673689733219e+00
 3.01000  5.078603197610175e+00
 3.01500  5.083474637884170e+00
 3.02000  5.088288789170130e+00
 3.02500  5.093046418378393e+00
 3.03000  5.097748280909605e+00
 3.03500  5.102395120846057e+00
 3.04000  5.106987671139528e+00
 3.04500  5.111526653795706e+00
 3.05000  5.116012780055270e+00
 3.05500  5.120446750571672e+00
 3.06000  5.124829255585705e+00
 3.06500  5.129160975096916e+00
 3.07000  5.133442579031916e+00
 3.07500  5.137674727409666e+00
 3.08000  5.141858070503779e+00
 3.08500  5.145993249001909e+00
 3.09000  5.150080894162282e+00
 3.09500  5.154121627967426e+00
 3.10000  5.158116063275137e+00
 3.10500  5.162064803966773e+00
 3.11000  5.165968445092883e+00
 3.11500  5.169827573016258e+00
 3.12000  5.173642765552435e+00
 3.12500  5.177414592107707e+00
 3.13000  5.181143613814690e+00
 3.13500  5.184830383665498e+00
 3.14000  5.188475446642555e+00
 3.14500  5.192079339847115e+00
 3.15000  5.195642592625505e+00
 3.15500  5.199165726693162e+00
 3.16000  5.202649256256492e+00
 3.16500  5.206093688132585e+00
 3.17000  5.209499521866847e+00
 3.17500  5.212867249848574e+00
 3.18000  5.216197357424508e+00
 3.18500  5.219490323010423e+00
 3.19000  5.222746618200764e+00
 3.19500  5.225966707876390e+00
 3.20000  5.229151050310442e+00
 3.20500  5.232300097272394e+00
 3.21000  5.235414294130289e+00
 3.21500  5.238494079951225e+00
 3.22000  5.241539887600104e+00
 3.22500  5.244552143836688e+00
 3.23000  5.247531269410984e+00
 3.23500  5.250477679156996e+00
 3.24000  5.253391782084877e+00
 3.24500  5.256273981471500e+00
 3.25000  5.259124674949487e+00
 3.25500  5.261944254594717e+00
 3.26000  5.264733107012359e+00
 3.26500  5.267491613421421e+00
 3.27000  5.270220149737892e+00
 3.27500  5.272919086656453e+00
 3.28000  5.275588789730823e+00
 3.28500  5.278229619452739e+00
 3.29000  5.280841931329607e+00
 3.29500  5.283426075960852e+00
 3.30000  5.285982399112981e+00
 3.30500  5.288511241793377e+00
 3.31000  5.291012940322878e+00
 3.31500  5.293487826407122e+00
 3.32000  5.295936227206711e+00
 3.32500  5.298358465406203e+00
 3.33000  5.300754859281949e+00
 3.33500  5.303125722768815e+00
 3.34000  5.305471365525786e+00
 3.34500  5.307792093000478e+00
 3.35000  5.310088206492601e+00
 3.35500  5.312360003216348e+00
 3.36000  5.314607776361780e+00
 3.36500  5.316831815155177e+00
 3.37000  5.319032404918410e+00
 3.37500  5.321209827127334e+00
 3.38000  5.323364359469219e+00
 3.38500  5.325496275899243e+00
 3.39000  5.327605846696065e+00
 3.39500  5.329693338516484e+00
 3.40000  5.331759014449206e+00
 3.40500  5.333803134067741e+00
 3.41000  5.335825953482438e+00
 3.41500  5.337827725391667e+00
 3.42000  5.339808699132186e+00
 3.42500  5.341769120728680e+00
 3.43000  5.343709232942501e+00
 3.43500  5.345629275319629e+00
 3.44000  5.347529484237850e+00
 3.44500  5.349410092953177e+00
 3.45000  5.351271331645530e+00
 3.45500  5.353113427463677e+00
 3.46000  5.354936604569459e+00
 3.46500  5.356741084181298e+00
 3.47000  5.358527084617028e+00
 3.47500  5.360294821336018e+00
 3.48000  5.362044506980645e+00
 3.48500  5.363776351417097e+00
 3.49000  5.365490561775525e+00
 3.49500  5.367187342489568e+00
 3.50000  5.368866895335238e+00
 3.50500  5.370529419469205e+00
 3.51000  5.372175111466465e+00
 3.51500  5.373804165357416e+00
 3.52000  5.375416772664354e+00
 3.52500  5.377013122437397e+00
 3.53000  5.378593401289831e+00
 3.53500  5.380157793432914e+00
 3.54000  5.381706480710135e+00
 3.54500  5.383239642630927e+00
 3.55000  5.384757456403864e+00
 3.55500  5.386260096969330e+00
 3.56000  5.387747737031689e+00
 3.56500  5.389220547090950e+00
 3.57000  5.390678695473937e+00
 3.57500  5.392122348364977e+00
 3.58000  5.393551669836119e+00
 3.58500  5.394966821876876e+00
 3.59000  5.396367964423512e+00
 3.59500  5.397755255387880e+00
 3.60000  5.399128850685807e+00
 3.60500  5.400488904265053e+00
 3.61000  5.401835568132830e+00
 3.61500  5.403168992382911e+00
 3.62000  5.404489325222306e+00
 3.62500  5.405796712997550e+00
 3.63000  5.407091300220578e+00
 3.63500  5.408373229594196e+00
 3.64000  5.409642642037192e+00
 3.64500  5.410899676709032e+00
 3.65000  5.412144471034206e+00
 3.65500  5.413377160726187e+00
 3.66000  5.414597879811041e+00
 3.66500  5.415806760650669e+00
 3.67000  5.417003933965701e+00
 3.67500  5.418189528858052e+00
 3.68000  5.419363672833120e+00
 3.68500  5.420526491821672e+00
 3.69000  5.421678110201383e+00
 3.69500  5.422818650818059e+00
 3.70000  5.423948235006547e+00
 3.70500  5.425066982611319e+00
 3.71000  5.426175012006760e+00
 3.71500  5.427272440117147e+00
 3.72000  5.428359382436334e+00
 3.72500  5.429435953047136e+00
 3.73000  5.430502264640438e+00
 3.73500  5.431558428534005e+00
 3.74000  5.432604554691025e+00
 3.74500  5.433640751738368e+00
 3.75000  5.434667126984587e+00
 3.75500  5.435683786437639e+00
 3.76000  5.436690834822351e+00
 3.76500  5.437688375597636e+00
 3.77000  5.438676510973440e+00
 3.77500  5.439655341927452e+00
 3.78000  5.440624968221566e+00
 3.78500  5.441585488418098e+00
 3.79000  5.442536999895772e+00
 3.79500  5.443479598865466e+00
 3.80000  5.444413380385732e+00
 3.80500  5.445338438378088e+00
 3.81000  5.446254865642087e+00
 3.81500  5.447162753870172e+00
 3.82000  5.448062193662305e+00
 3.82500  5.448953274540393e+00
 3.83000  5.449836084962501e+00
 3.83500  5.450710712336865e+00
 3.84000  5.451577243035687e+00
 3.84500  5.452435762408752e+00
 3.85000  5.453286354796834e+00
 3.85500  5.454129103544913e+00
 3.86000  5.454964091015206e+00
 3.86500  5.455791398600001e+00
 3.87000  5.456611106734321e+00
 3.87500  5.457423294908396e+00
 3.88000  5.458228041679956e+00
 3.88500  5.459025424686359e+00
 3.89000  5.459815520656537e+00
 3.89500  5.460598405422767e+00
 3.90000  5.461374153932296e+00
 3.90500  5.462142840258773e+00
 3.91000  5.462904537613537e+00
 3.91500  5.463659318356744e+00
 3.92000  5.464407254008328e+00
 3.92500  5.465148415258813e+00
 3.93000  5.465882871979971e+00
 3.93500  5.466610693235333e+00
 3.94000  5.467331947290543e+00
 3.94500  5.468046701623577e+00
 3.95000  5.468755022934813e+00
 3.95500  5.469456977156957e+00
 3.96000  5.470152629464839e+00
 3.96500  5.470842044285060e+00
 3.97000  5.471525285305518e+00
 3.97500  5.472202415484784e+00
 3.98000  5.472873497061364e+00
 3.98500  5.473538591562823e+00
 3.99000  5.474197759814783e+00
 3.99500  5.474851061949796e+00
 4.00000  5.475498557416097e+00
 4.00500  5.476140304986234e+00
 4.01000  5.476776362765574e+00
 4.01500  5.477406788200700e+00
 4.02000  5.478031638087685e+00
 4.02500  5.478650968580254e+00
 4.03000  5.479264835197841e+00
 4.03500  5.479873292833517e+00
 4.04000  5.480476395761829e+00
 4.04500  5.481074197646521e+00
 4.05000  5.481666751548151e+00
 4.05500  5.482254109931602e+00
 4.06000  5.482836324673495e+00
 4.06500  5.483413447069497e+00
 4.07000  5.483985527841529e+00
 4.07500  5.484552617144881e+00
 4.08000  5.485114764575224e+00
 4.08500  5.485672019175528e+00
 4.09000  5.486224429442889e+00
 4.09500  5.486772043335264e+00
 4.10000  5.487314908278109e+00
 4.10500  5.487853071170933e+00
 4.11000  5.488386578393759e+00
 4.11500  5.488915475813505e+00
 4.12000  5.489439808790272e+00
 4.12500  5.489959622183549e+00
 4.13000  5.490474960358336e+00
 4.13500  5.490985867191183e+00
 4.14000  5.491492386076153e+00
 4.14500  5.491994559930701e+00
 4.15000  5.492492431201467e+00
 4.15500  5.492986041870012e+00
 4.16000  5.493475433458456e+00
 4.16500  5.493960647035052e+00
 4.17000  5.494441723219684e+00
 4.17500  5.494918702189295e+00
 4.18000  5.495391623683234e+00
 4.18500  5.495860527008539e+00
 4.19000  5.496325451045152e+00
 4.19500  5.496786434251058e+00
 4.20000  5.497243514667359e+00
 4.20500  5.497696729923292e+00
 4.21000  5.498146117241151e+00
 4.21500  5.498591713441186e+00
 4.22000  5.499033554946399e+00
 4.22500  5.499471677787299e+00
 4.23000  5.499906117606593e+00
 4.23500  5.500336909663805e+00
 4.24000  5.500764088839843e+00
 4.24500  5.501187689641512e+00
 4.25000  5.501607746205942e+00
 4.25500  5.502024292305002e+00
 4.26000  5.502437361349608e+00
 4.26500  5.502846986394012e+00
 4.27000  5.503253200140016e+00
 4.27500  5.503656034941137e+00
 4.28000  5.504055522806723e+00
 4.28500  5.504451695406000e+00
 4.29000  5.504844584072087e+00
 4.29500  5.505234219805945e+00
 4.30000  5.505620633280278e+00
 4.30500  5.506003854843384e+00
 4.31000  5.506383914522966e+00
 4.31500  5.506760842029871e+00
 4.32000  5.507134666761808e+00
 4.32500  5.507505417806998e+00
 4.33000  5.507873123947789e+00
 4.33500  5.508237813664215e+00
 4.34000  5.508599515137523e+00
 4.34500  5.508958256253639e+00
 4.35000  5.509314064606603e+00
 4.35500  5.509666967501950e+00
 4.36000  5.510016991960058e+00
 4.36500  5.510364164719446e+00
 4.37000  5.510708512240032e+00
 4.37500  5.511050060706348e+00
 4.38000  5.511388836030721e+00
 4.38500  5.511724863856406e+00
 4.39000  5.512058169560684e+00
 4.39500  5.512388778257915e+00
 4.40000  5.512716714802564e+00
 4.40500  5.513042003792174e+00
 4.41000  5.513364669570317e+00
 4.41500  5.513684736229491e+00
 4.42000  5.514002227614001e+00
 4.42500  5.514317167322782e+00
 4.43000  5.514629578712200e+00
 4.43500  5.514939484898823e+00
 4.44000  5.515246908762138e+00
 4.44500  5.515551872947253e+00
 4.45000  5.515854399867557e+00
 4.45500  5.516154511707344e+00
 4.46000  5.516452230424413e+00
 4.46500  5.516747577752626e+00
 4.47000  5.517040575204446e+00
 4.47500  5.517331244073428e+00
 4.48000  5.517619605436692e+00
 4.48500  5.517905680157363e+00
 4.49000  5.518189488886978e+00
 4.49500  5.518471052067857e+00
 4.50000  5.518750389935465e+00
 4.50500  5.519027522520719e+00
 4.51000  5.519302469652289e+00
 4.51500  5.519575250958857e+00
 4.52000  5.519845885871350e+00
 4.52500  5.520114393625152e+00
 4.53000  5.520380793262286e+00
 4.53500  5.520645103633562e+00
 4.54000  5.520907343400713e+00
 4.54500  5.521167531038488e+00
 4.55000  5.521425684836736e+00
 4.55500  5.521681822902456e+00
 4.56000  5.521935963161814e+00
 4.56500  5.522188123362158e+00
 4.57000  5.522438321073984e+00
 4.57500  5.522686573692898e+00
 4.58000  5.522932898441535e+00
 4.58500  5.523177312371474e+00
 4.59000  5.523419832365118e+00
 4.59500  5.523660475137551e+00
 4.60000  5.523899257238384e+00
 4.60500  5.524136195053559e+00
 4.61000  5.524371304807154e+00
 4.61500  5.524604602563150e+00
 4.62000  5.524836104227177e+00
 4.62500  5.525065825548256e+00
 4.63000  5.525293782120496e+00
 4.63500  5.525519989384790e+00
 4.64000  5.525744462630483e+00
 4.64500  5.525967216997015e+00
 4.65000  5.526188267475554e+00
 4.65500  5.526407628910611e+00
 4.66000  5.526625316001616e+00
 4.66500  5.526841343304502e+00
 4.67000  5.527055725233256e+00
 4.67500  5.527268476061442e+00
 4.68000  5.527479609923735e+00
 4.68500  5.527689140817403e+00
 4.69000  5.527897082603797e+00
 4.69500  5.528103449009809e+00
 4.70000  5.528308253629319e+00
 4.70500  5.528511509924626e+00
 4.71000  5.528713231227854e+00
 4.71500  5.528913430742352e+00
 4.72000  5.529112121544072e+00
 4.72500  5.529309316582928e+00
 4.73000  5.529505028684144e+00
 4.73500  5.529699270549590e+00
 4.74000  5.529892054759086e+00
 4.74500  5.530083393771712e+00
 4.75000  5.530273299927089e+00
 4.75500  5.530461785446644e+00
 4.76000  5.530648862434873e+00
 4.76500  5.530834542880574e+00
 4.77000  5.531018838658077e+00
 4.77500  5.531201761528452e+00
 4.78000  5.531383323140707e+00
 4.78500  5.531563535032975e+00
 4.79000  5.531742408633682e+00
 4.79500  5.531919955262696e+00
 4.80000  5.532096186132483e+00
 4.80500  5.532271112349224e+00
 4.81000  5.532444744913941e+00
 4.81500  5.532617094723594e+00
 4.82000  5.532788172572176e+00
 4.82500  5.532957989151790e+00
 4.83000  5.533126555053714e+00
 4.83500  5.533293880769456e+00
 4.84000  5.533459976691798e+00
 4.84500  5.533624853115819e+00
 4.85000  5.533788520239917e+00
 4.85500  5.533950988166821e+00
 4.86000  5.534112266904576e+00
 4.86500  5.534272366367531e+00
 4.87000  5.534431296377308e+00
 4.87500  5.534589066663774e+00
 4.88000  5.534745686865974e+00
 4.88500  5.534901166533087e+00
 4.89000  5.535055515125345e+00
 4.89500  5.535208742014951e+00
 4.90000  5.535360856486993e+00
 4.90500  5.535511867740337e+00
 4.91000  5.535661784888516e+00
 4.91500  5.535810616960606e+00
 4.92000  5.535958372902094e+00
 4.92500  5.536105061575737e+00
 4.93000  5.536250691762410e+00
 4.93500  5.536395272161941e+00
 4.94000  5.536538811393943e+00
 4.94500  5.536681317998638e+00
 4.95000  5.536822800437657e+00
 4.95500  5.536963267094849e+00
 4.96000  5.537102726277076e+00
 4.96500  5.537241186214986e+00
 4.97000  5.537378655063802e+00
 4.97500  5.537515140904072e+00
 4.98000  5.537650651742446e+00
 4.98500  5.537785195512403e+00
 4.99000  5.537918780075014e+00
 4.99500  5.538051413219660e+00
 5.00000  5.538183102664759e+00
 5.00500  5.538313856058486e+00
 5.01000  5.538443680979484e+00
 5.01500  5.538572584937554e+00
 5.02000  5.538700575374359e+00
 5.02500  5.538827659664105e+00
 5.03000  5.538953845114217e+00
 5.03500  5.539079138966011e+00
 5.04000  5.539203548395360e+00
 5.04500  5.539327080513344e+00
 5.05000  5.539449742366900e+00
 5.05500  5.539571540939466e+00
 5.06000  5.539692483151616e+00
 5.06500  5.539812575861680e+00
 5.07000  5.539931825866371e+00
 5.07500  5.540050239901399e+00
 5.08000  5.540167824642072e+00
 5.08500  5.540284586703902e+00
 5.09000  5.540400532643199e+00
 5.09500  5.540515668957652e+00
 5.10000  5.540630002086916e+00
 5.10500  5.540743538413184e+00
 5.11000  5.540856284261756e+00
 5.11500  5.540968245901602e+00
 5.12000  5.541079429545915e+00
 5.12500  5.541189841352664e+00
 5.13000  5.541299487425138e+00
 5.13500  5.541408373812482e+00
 5.14000  5.541516506510231e+00
 5.14500  5.541623891460836e+00
 5.15000  5.541730534554185e+00
 5.15500  5.541836441628122e+00
 5.16000  5.541941618468947e+00
 5.16500  5.542046070811932e+00
 5.17000  5.542149804341814e+00
 5.17500  5.542252824693286e+00
 5.18000  5.542355137451491e+00
 5.18500  5.542456748152501e+00
 5.19000  5.542557662283800e+00
 5.19500  5.542657885284745e+00
 5.20000  5.542757422547052e+00
 5.20500  5.542856279415240e+00
 5.21000  5.542954461187100e+00
 5.21500  5.543051973114147e+00
 5.22000  5.543148820402063e+00
 5.22500  5.543245008211146e+00
 5.23000  5.543340541656745e+00
 5.23500  5.543435425809697e+00
 5.24000  5.543529665696749e+00
 5.24500  5.543623266300994e+00
 5.25000  5.543716232562283e+00
 5.25500  5.543808569377644e+00
 5.26000  5.543900281601695e+00
 5.26500  5.543991374047043e+00
 5.27000  5.544081851484701e+00
 5.27500  5.544171718644471e+00
 5.28000  5.544260980215352e+00
 5.28500  5.544349640845921e+00
 5.29000  5.544437705144724e+00
 5.29500  5.544525177680655e+00
 5.30000  5.544612062983338e+00
 5.30500  5.544698365543497e+00
 5.31000  5.544784089813328e+00
 5.31500  5.544869240206869e+00
 5.32000  5.544953821100354e+00
 5.32500  5.545037836832581e+00
 5.33000  5.545121291705261e+00
 5.33500  5.545204189983371e+00
 5.34000  5.545286535895506e+00
 5.34500  5.545368333634213e+00
 5.35000  5.545449587356342e+00
 5.35500  5.545530301183377e+00
 5.36000  5.545610479201772e+00
 5.36500  5.545690125463280e+00
 5.37000  5.545769243985279e+00
 5.37500  5.545847838751095e+00
 5.38000  5.545925913710327e+00
 5.38500  5.546003472779154e+00
 5.39000  5.546080519840659e+00
 5.39500  5.546157058745133e+00
 5.40000  5.546233093310381e+00
 5.40500  5.546308627322026e+00
 5.41000  5.546383664533819e+00
 5.41500  5.546458208667921e+00
 5.42000  5.546532263415209e+00
 5.42500  5.546605832435564e+00
 5.43000  5.546678919358161e+00
 5.43500  5.546751527781752e+00
 5.44000  5.546823661274948e+00
 5.44500  5.546895323376501e+00
 5.45000  5.546966517595585e+00
 5.45500  5.547037247412062e+00
 5.46000  5.547107516276756e+00
 5.46500  5.547177327611727e+00
 5.47000  5.547246684810526e+00
 5.47500  5.547315591238473e+00
 5.48000  5.547384050232901e+00
 5.48500  5.547452065103429e+00
 5.49000  5.547519639132203e+00
 5.49500  5.547586775574163e+00
 5.50000  5.547653477657281e+00
 5.50500  5.547719748582816e+00
 5.51000  5.547785591525555e+00
 5.51500  5.547851009634059e+00
 5.52000  5.547916006030901e+00
 5.52500  5.547980583812903e+00
 5.53000  5.548044746051374e+00
 5.53500  5.548108495792340e+00
 5.54000  5.548171836056778e+00
 5.54500  5.548234769840843e+00
 5.55000  5.548297300116093e+00
 5.55500  5.548359429829711e+00
 5.56000  5.548421161904733e+00
 5.56500  5.548482499240263e+00
 5.57000  5.548543444711687e+00
 5.57500  5.548604001170898e+00
 5.58000  5.548664171446497e+00
 5.58500  5.548723958344012e+00
 5.59000  5.548783364646104e+00
 5.59500  5.548842393112772e+00
 5.60000  5.548901046481562e+00
 5.60500  5.548959327467764e+00
 5.61000  5.549017238764619e+00
 5.61500  5.549074783043509e+00
 5.62000  5.549131962954162e+00
 5.62500  5.549188781124841e+00
 5.63000  5.549245240162541e+00
 5.63500  5.549301342653174e+00
 5.64000  5.549357091161767e+00
 5.64500  5.549412488232637e+00
 5.65000  5.549467536389587e+00
 5.65500  5.549522238136085e+00
 5.66000  5.549576595955444e+00
 5.66500  5.549630612311007e+00
 5.67000  5.549684289646318e+00
 5.67500  5.549737630385303e+00
 5.68000  5.549790636932445e+00
 5.68500  5.549843311672958e+00
 5.69000  5.549895656972948e+00
 5.69500  5.549947675179598e+00
 5.70000  5.549999368621326e+00
 5.70500  5.550050739607951e+00
 5.71000  5.550101790430865e+00
 5.71500  5.550152523363187e+00
 5.72000  5.550202940659930e+00
 5.72500  5.550253044558159e+00
 5.73000  5.550302837277153e+00
 5.73500  5.550352321018555e+00
 5.74000  5.550401497966533e+00
 5.74500  5.550450370287930e+00
 5.75000  5.550498940132420e+00
 5.75500  5.550547209632658e+00
 5.76000  5.550595180904424e+00
 5.76500  5.550642856046779e+00
 5.77000  5.550690237142208e+00
 5.77500  5.550737326256762e+00
 5.78000  5.550784125440207e+00
 5.78500  5.550830636726162e+00
 5.79000  5.550876862132245e+00
 5.79500  5.550922803660207e+00
 5.80000  5.550968463296073e+00
 5.80500  5.551013843010279e+00
 5.81000  5.551058944757809e+00
 5.81500  5.551103770478325e+00
 5.82000  5.551148322096305e+00
 5.82500  5.551192601521171e+00
 5.83000  5.551236610647424e+00
 5.83500  5.551280351354768e+00
 5.84000  5.551323825508240e+00
 5.84500  5.551367034958340e+00
 5.85000  5.551409981541152e+00
 5.85500  5.551452667078471e+00
 5.86000  5.551495093377928e+00
 5.86500  5.551537262233104e+00
 5.87000  5.551579175423665e+00
 5.87500  5.551620834715466e+00
 5.88000  5.551662241860685e+00
 5.88500  5.551703398597925e+00
 5.89000  5.551744306652345e+00
 5.89500  5.551784967735764e+00
 5.90000  5.551825383546784e+00
 5.90500  5.551865555770895e+00
 5.91000  5.551905486080595e+00
 5.91500  5.551945176135496e+00
 5.92000  5.551984627582437e+00
 5.92500  5.552023842055585e+00
 5.93000  5.552062821176561e+00
 5.93500  5.552101566554523e+00
 5.94000  5.552140079786293e+00
 5.94500  5.552178362456450e+00
 5.95000  5.552216416137438e+00
 5.95500  5.552254242389669e+00
 5.96000  5.552291842761622e+00
 5.96500  5.552329218789949e+00
 5.97000  5.552366371999573e+00
 5.97500  5.552403303903786e+00
 5.98000  5.552440016004348e+00
 5.98500  5.552476509791584e+00
 5.99000  5.552512786744485e+00
 5.99500  5.552548848330796e+00
 6.00000  5.552584696007115e+00
 6.00500  5.552620331218991e+00
 6.01000  5.552655755401005e+00
 6.01500  5.552690969976876e+00
 6.02000  5.552725976359542e+00
 6.02500  5.552760775951257e+00
 6.03000  5.552795370143675e+00
 6.03500  5.552829760317945e+00
 6.04000  5.552863947844793e+00
 6.04500  5.552897934084613e+00
 6.05000  5.552931720387551e+00
 6.05500  5.552965308093594e+00
 6.06000  5.552998698532651e+00
 6.06500  5.553031893024636e+00
 6.07000  5.553064892879561e+00
 6.07500  5.553097699397603e+00
 6.08000  5.553130313869199e+00
 6.08500  5.553162737575119e+00
 6.09000  5.553194971786551e+00
 6.09500  5.553227017765180e+00
 6.10000  5.553258876763261e+00
 6.10500  5.553290550023705e+00
 6.11000  5.553322038780151e+00
 6.11500  5.553353344257046e+00
 6.12000  5.553384467669720e+00
 6.12500  5.553415410224457e+00
 6.13000  5.553446173118576e+00
 6.13500  5.553476757540504e+00
 6.14000  5.553507164669843e+00
 6.14500  5.553537395677449e+00
 6.15000  5.553567451725503e+00
 6.15500  5.553597333967580e+00
 6.16000  5.553627043548721e+00
 6.16500  5.553656581605503e+00
 6.17000  5.553685949266109e+00
 6.17500  5.553715147650393e+00
 6.18000  5.553744177869955e+00
 6.18500  5.553773041028200e+00
 6.19000  5.553801738220414e+00
 6.19500  5.553830270533822e+00
 6.20000  5.553858639047662e+00
 6.20500  5.553886844833238e+00
 6.21000  5.553914888954001e+00
 6.21500  5.553942772465598e+00
 6.22000  5.553970496415943e+00
 6.22500  5.553998061845280e+00
 6.23000  5.554025469786239e+00
 6.23500  5.554052721263909e+00
 6.24000  5.554079817295886e+00
 6.24500  5.554106758892344e+00
 6.25000  5.554133547056089e+00
 6.25500  5.554160182782621e+00
 6.26000  5.554186667060195e+00
 6.26500  5.554213000869874e+00
 6.27000  5.554239185185593e+00
 6.27500  5.554265220974210e+00
 6.28000  5.554291109195568e+00
 6.28500  5.554316850802552e+00
 6.29000  5.554342446741141e+00
 6.29500  5.554367897950467e+00
 6.30000  5.554393205362865e+00
 6.30500  5.554418369903934e+00
 6.31000  5.554443392492586e+00
 6.31500  5.554468274041104e+00
 6.32000  5.554493015455189e+00
 6.32500  5.554517617634018e+00
 6.33000  5.554542081470295e+00
 6.33500  5.554566407850299e+00
 6.34000  5.554590597653940e+00
 6.34500  5.554614651754807e+00
 6.35000  5.554638571020222e+00
 6.35500  5.554662356311281e+00
 6.36000  5.554686008482916e+00
 6.36500  5.554709528383933e+00
 6.37000  5.554732916857066e+00
 6.37500  5.554756174739028e+00
 6.38000  5.554779302860548e+00
 6.38500  5.554802302046433e+00
 6.39000  5.554825173115600e+00
 6.39500  5.554847916881137e+00
 6.40000  5.554870534150335e+00
 6.40500  5.554893025724745e+00
 6.41000  5.554915392400218e+00
 6.41500  5.554937634966951e+00
 6.42000  5.554959754209529e+00
 6.42500  5.554981750906975e+00
 6.43000  5.555003625832789e+00
 6.43500  5.555025379754992e+00
 6.44000  5.555047013436169e+00
 6.44500  5.555068527633515e+00
 6.45000  5.555089923098872e+00
 6.45500  5.555111200578776e+00
 6.46000  5.555132360814492e+00
 6.46500  5.555153404542065e+00
 6.47000  5.555174332492349e+00
 6.47500  5.555195145391060e+00
 6.48000  5.555215843958804e+00
 6.48500  5.555236428911126e+00
 6.49000  5.555256900958545e+00
 6.49500  5.555277260806593e+00
 6.50000  5.555297509155857e+00
 6.50500  5.555317646702014e+00
 6.51000  5.555337674135870e+00
 6.51500  5.555357592143404e+00
 6.52000  5.555377401405788e+00
 6.52500  5.555397102599447e+00
 6.53000  5.555416696396081e+00
 6.53500  5.555436183462704e+00
 6.54000  5.555455564461683e+00
 6.54500  5.555474840050771e+00
 6.55000  5.555494010883148e+00
 6.55500  5.555513077607446e+00
 6.56000  5.555532040867798e+00
 6.56500  5.555550901303857e+00
 6.57000  5.555569659550845e+00
 6.57500  5.555588316239579e+00
 6.58000  5.555606871996503e+00
 6.58500  5.555625327443731e+00
 6.59000  5.555643683199068e+00
 6.59500  5.555661939876055e+00
 6.60000  5.555680098083993e+00
 6.60500  5.555698158427978e+00
 6.61000  5.555716121508935e+00
 6.61500  5.555733987923648e+00
 6.62000  5.555751758264792e+00
 6.62500  5.555769433120966e+00
 6.63000  5.555787013076722e+00
 6.63500  5.555804498712594e+00
 6.64000  5.555821890605133e+00
 6.64500  5.555839189326936e+00
 6.65000  5.555856395446675e+00
 6.65500  5.555873509529126e+00
 6.66000  5.555890532135201e+00
 6.66500  5.555907463821978e+00
 6.67000  5.555924305142724e+00
 6.67500  5.555941056646930e+00
 6.68000  5.555957718880340e+00
 6.68500  5.555974292384974e+00
 6.69000  5.555990777699160e+00
 6.69500  5.556007175357562e+00
 6.70000  5.556023485891205e+00
 6.70500  5.556039709827506e+00
 6.71000  5.556055847690299e+00
 6.71500  5.556071899999860e+00
 6.72000  5.556087867272939e+00
 6.72500  5.556103750022784e+00
 6.73000  5.556119548759164e+00
 6.73500  5.556135263988399e+00
 6.74000  5.556150896213388e+00
 6.74500  5.556166445933627e+00
 6.75000  5.556181913645243e+00
 6.75500  5.556197299841012e+00
 6.76000  5.556212605010390e+00
 6.76500  5.556227829639533e+00
 6.77000  5.556242974211327e+00
 6.77500  5.556258039205406e+00
 6.78000  5.556273025098180e+00
 6.78500  5.556287932362862e+00
 6.79000  5.556302761469483e+00
 6.79500  5.556317512884926e+00
 6.80000  5.556332187072940e+00
 6.80500  5.556346784494171e+00
 6.81000  5.556361305606181e+00
 6.81500  5.556375750863470e+00
 6.82000  5.556390120717505e+00
 6.82500  5.556404415616731e+00
 6.83000  5.556418636006605e+00
 6.83500  5.556432782329614e+00
 6.84000  5.556446855025293e+00
 6.84500  5.556460854530251e+00
 6.85000  5.556474781278192e+00
 6.85500  5.556488635699938e+00
 6.86000  5.556502418223446e+00
 6.86500  5.556516129273833e+00
 6.87000  5.556529769273392e+00
 6.87500  5.556543338641622e+00
 6.88000  5.556556837795238e+00
 6.88500  5.556570267148199e+00
 6.89000  5.556583627111722e+00
 6.89500  5.556596918094309e+00
 6.90000  5.556610140501761e+00
 6.90500  5.556623294737203e+00
 6.91000  5.556636381201096e+00
 6.91500  5.556649400291266e+00
 6.92000  5.556662352402918e+00
 6.92500  5.556675237928650e+00
 6.93000  5.556688057258485e+00
 6.93500  5.556700810779881e+00
 6.94000  5.556713498877746e+00
 6.94500  5.556726121934467e+00
 6.95000  5.556738680329921e+00
 6.95500  5.556751174441495e+00
 6.96000  5.556763604644106e+00
 6.96500  5.556775971310216e+00
 6.97000  5.556788274809850e+00
 6.97500  5.556800515510619e+00
 6.98000  5.556812693777729e+00
 6.98500  5.556824809974004e+00
 6.99000  5.556836864459903e+00
 6.99500  5.556848857593535e+00
 7.00000  5.556860789730676e+00
 7.00500  5.556872661224791e+00
 7.01000  5.556884472427041e+00
 7.01500  5.556896223686310e+00
 7.02000  5.556907915349212e+00
 7.02500  5.556919547760119e+00
 7.03000  5.556931121261159e+00
 7.03500  5.556942636192255e+00
 7.04000  5.556954092891120e+00
 7.04500  5.556965491693287e+00
 7.05000  5.556976832932118e+00
 7.05500  5.556988116938820e+00
 7.06000  5.556999344042465e+00
 7.06500  5.557010514569996e+00
 7.07000  5.557021628846254e+00
 7.07500  5.557032687193983e+00
 7.08000  5.557043689933850e+00
 7.08500  5.557054637384461e+00
 7.09000  5.557065529862371e+00
 7.09500  5.557076367682100e+00
 7.10000  5.557087151156153e+00
 7.10500  5.557097880595029e+00
 7.11000  5.557108556307231e+00
 7.11500  5.557119178599292e+00
 7.12000  5.557129747775781e+00
 7.12500  5.557140264139314e+00
 7.13000  5.557150727990578e+00
 7.13500  5.557161139628335e+00
 7.14000  5.557171499349443e+00
 7.14500  5.557181807448863e+00
 7.15000  5.557192064219676e+00
 7.15500  5.557202269953097e+00
 7.16000  5.557212424938488e+00
 7.16500  5.557222529463365e+00
 7.17000  5.557232583813422e+00
 7.17500  5.557242588272533e+00
 7.18000  5.557252543122774e+00
 7.18500  5.557262448644429e+00
 7.19000  5.557272305116003e+00
 7.19500  5.557282112814242e+00
 7.20000  5.557291872014134e+00
 7.20500  5.557301582988931e+00
 7.21000  5.557311246010155e+00
 7.21500  5.557320861347615e+00
 7.22000  5.557330429269414e+00
 7.22500  5.557339950041966e+00
 7.23000  5.557349423930001e+00
 7.23500  5.557358851196584e+00
 7.24000  5.557368232103125e+00
 7.24500  5.557377566909387e+00
 7.25000  5.557386855873498e+00
 7.25500  5.557396099251970e+00
 7.26000  5.557405297299698e+00
 7.26500  5.557414450269981e+00
 7.27000  5.557423558414527e+00
 7.27500  5.557432621983471e+00
 7.28000  5.557441641225378e+00
 7.28500  5.557450616387259e+00
 7.29000  5.557459547714580e+00
 7.29500  5.557468435451274e+00
 7.30000  5.557477279839748e+00
 7.30500  5.557486081120902e+00
 7.31000  5.557494839534126e+00
 7.31500  5.557503555317324e+00
 7.32000  5.557512228706917e+00
 7.32500  5.557520859937852e+00
 7.33000  5.557529449243618e+00
 7.33500  5.557537996856252e+00
 7.34000  5.557546503006350e+00
 7.34500  5.557554967923075e+00
 7.35000  5.557563391834170e+00
 7.35500  5.557571774965969e+00
 7.36000  5.557580117543400e+00
 7.36500  5.557588419789999e+00
 7.37000  5.557596681927921e+00
 7.37500  5.557604904177951e+00
 7.38000  5.557613086759502e+00
 7.38500  5.557621229890638e+00
 7.39000  5.557629333788079e+00
 7.39500  5.557637398667207e+00
 7.40000  5.557645424742074e+00
 7.40500  5.557653412225419e+00
 7.41000  5.557661361328673e+00
 7.41500  5.557669272261960e+00
 7.42000  5.557677145234120e+00
 7.42500  5.557684980452708e+00
 7.43000  5.557692778124007e+00
 7.43500  5.557700538453033e+00
 7.44000  5.557708261643546e+00
 7.44500  5.557715947898060e+00
 7.45000  5.557723597417848e+00
 7.45500  5.557731210402954e+00
 7.46000  5.557738787052199e+00
 7.46500  5.557746327563188e+00
 7.47000  5.557753832132323e+00
 7.47500  5.557761300954805e+00
 7.48000  5.557768734224648e+00
 7.48500  5.557776132134681e+00
 7.49000  5.557783494876565e+00
 7.49500  5.557790822640790e+00
 7.50000  5.557798115616690e+00
 7.50500  5.557805373992447e+00
 7.51000  5.557812597955105e+00
 7.51500  5.557819787690569e+00
 7.52000  5.557826943383621e+00
 7.52500  5.557834065217919e+00
 7.53000  5.557841153376011e+00
 7.53500  5.557848208039343e+00
 7.54000  5.557855229388260e+00
 7.54500  5.557862217602019e+00
 7.55000  5.557869172858795e+00
 7.55500  5.557876095335687e+00
 7.56000  5.557882985208728e+00
 7.56500  5.557889842652887e+00
 7.57000  5.557896667842082e+00
 7.57500  5.557903460949182e+00
 7.58000  5.557910222146019e+00
 7.58500  5.557916951603389e+00
 7.59000  5.557923649491064e+00
 7.59500  5.557930315977798e+00
 7.60000  5.557936951231330e+00
 7.60500  5.557943555418395e+00
 7.61000  5.557950128704729e+00
 7.61500  5.557956671255078e+00
 7.62000  5.557963183233197e+00
 7.62500  5.557969664801866e+00
 7.63000  5.557976116122892e+00
 7.63500  5.557982537357113e+00
 7.64000  5.557988928664412e+00
 7.64500  5.557995290203714e+00
 7.65000  5.558001622133000e+00
 7.65500  5.558007924609309e+00
 7.66000  5.558014197788745e+00
 7.66500  5.558020441826482e+00
 7.67000  5.558026656876776e+00
 7.67500  5.558032843092962e+00
 7.68000  5.558039000627469e+00
 7.68500  5.558045129631818e+00
 7.69000  5.558051230256634e+00
 7.69500  5.558057302651648e+00
 7.70000  5.558063346965706e+00
 7.70500  5.558069363346773e+00
 7.71000  5.558075351941937e+00
 7.71500  5.558081312897420e+00
 7.72000  5.558087246358579e+00
 7.72500  5.558093152469914e+00
 7.73000  5.558099031375068e+00
 7.73500  5.558104883216845e+00
 7.74000  5.558110708137201e+00
 7.74500  5.558116506277262e+00
 7.75000  5.558122277777319e+00
 7.75500  5.558128022776842e+00
 7.76000  5.558133741414479e+00
 7.76500  5.558139433828066e+00
 7.77000  5.558145100154627e+00
 7.77500  5.558150740530387e+00
 7.78000  5.558156355090769e+00
 7.78500  5.558161943970403e+00
 7.79000  5.558167507303136e+00
 7.79500  5.558173045222024e+00
 7.80000  5.558178557859354e+00
 7.80500  5.558184045346633e+00
 7.81000  5.558189507814604e+00
 7.81500  5.558194945393248e+00
 7.82000  5.558200358211784e+00
 7.82500  5.558205746398683e+00
 7.83000  5.558211110081666e+00
 7.83500  5.558216449387709e+00
 7.84000  5.558221764443052e+00
 7.84500  5.558227055373201e+00
 7.85000  5.558232322302931e+00
 7.85500  5.558237565356296e+00
 7.86000  5.558242784656629e+00
 7.86500  5.558247980326547e+00
 7.87000  5.558253152487956e+00
 7.87500  5.558258301262061e+00
 7.88000  5.558263426769360e+00
 7.88500  5.558268529129657e+00
 7.89000  5.558273608462064e+00
 7.89500  5.558278664885003e+00
 7.90000  5.558283698516216e+00
 7.90500  5.558288709472764e+00
 7.91000  5.558293697871032e+00
 7.91500  5.558298663826736e+00
 7.92000  5.558303607454927e+00
 7.92500  5.558308528869991e+00
 7.93000  5.558313428185660e+00
 7.93500  5.558318305515010e+00
 7.94000  5.558323160970467e+00
 7.94500  5.558327994663814e+00
 7.95000  5.558332806706193e+00
 7.95500  5.558337597208107e+00
 7.96000  5.558342366279429e+00
 7.96500  5.558347114029398e+00
 7.97000  5.558351840566634e+00
 7.97500  5.558356545999133e+00
 7.98000  5.558361230434272e+00
 7.98500  5.558365893978821e+00
 7.99000  5.558370536738935e+00
 7.99500  5.558375158820164e+00
 8.00000  5.558379760327460e+00
 8.00500  5.558384341365175e+00
 8.01000  5.558388902037067e+00
 8.01500  5.558393442446303e+00
 8.02000  5.558397962695467e+00
 8.02500  5.558402462886555e+00
 8.03000  5.558406943120986e+00
 8.03500  5.558411403499607e+00
 8.04000  5.558415844122689e+00
 8.04500  5.558420265089936e+00
 8.05000  5.558424666500486e+00
 8.05500  5.558429048452918e+00
 8.06000  5.558433411045250e+00
 8.06500  5.558437754374952e+00
 8.07000  5.558442078538938e+00
 8.07500  5.558446383633576e+00
 8.08000  5.558450669754690e+00
 8.08500  5.558454936997566e+00
 8.09000  5.558459185456949e+00
 8.09500  5.558463415227052e+00
 8.10000  5.558467626401561e+00
 8.10500  5.558471819073630e+00
 8.11000  5.558475993335892e+00
 8.11500  5.558480149280459e+00
 8.12000  5.558484286998925e+00
 8.12500  5.558488406582372e+00
 8.13000  5.558492508121368e+00
 8.13500  5.558496591705977e+00
 8.14000  5.558500657425756e+00
 8.14500  5.558504705369762e+00
 8.15000  5.558508735626552e+00
 8.15500  5.558512748284191e+00
 8.16000  5.558516743430249e+00
 8.16500  5.558520721151807e+00
 8.17000  5.558524681535463e+00
 8.17500  5.558528624667329e+00
 8.18000  5.558532550633038e+00
 8.18500  5.558536459517747e+00
 8.19000  5.558540351406136e+00
 8.19500  5.558544226382417e+00
 8.20000  5.558548084530333e+00
 8.20500  5.558551925933160e+00
 8.21000  5.558555750673714e+00
 8.21500  5.558559558834348e+00
 8.22000  5.558563350496963e+00
 8.22500  5.558567125743002e+00
 8.23000  5.558570884653457e+00
 8.23500  5.558574627308874e+00
 8.24000  5.558578353789351e+00
 8.24500  5.558582064174544e+00
 8.25000  5.558585758543668e+00
 8.25500  5.558589436975503e+00
 8.26000  5.558593099548391e+00
 8.26500  5.558596746340243e+00
 8.27000  5.558600377428540e+00
 8.27500  5.558603992890339e+00
 8.28000  5.558607592802267e+00
 8.28500  5.558611177240534e+00
 8.29000  5.558614746280931e+00
 8.29500  5.558618299998828e+00
 8.30000  5.558621838469184e+00
 8.30500  5.558625361766548e+00
 8.31000  5.558628869965056e+00
 8.31500  5.558632363138441e+00
 8.32000  5.558635841360031e+00
 8.32500  5.558639304702750e+00
 8.33000  5.558642753239126e+00
 8.33500  5.558646187041288e+00
 8.34000  5.558649606180973e+00
 8.34500  5.558653010729524e+00
 8.35000  5.558656400757893e+00
 8.35500  5.558659776336649e+00
 8.36000  5.558663137535974e+00
 8.36500  5.558666484425667e+00
 8.37000  5.558669817075146e+00
 8.37500  5.558673135553454e+00
 8.38000  5.558676439929255e+00
 8.38500  5.558679730270843e+00
 8.39000  5.558683006646136e+00
 8.39500  5.558686269122688e+00
 8.40000  5.558689517767684e+00
 8.40500  5.558692752647945e+00
 8.41000  5.558695973829931e+00
 8.41500  5.558699181379737e+00
 8.42000  5.558702375363106e+00
 8.42500  5.558705555845422e+00
 8.43000  5.558708722891716e+00
 8.43500  5.558711876566670e+00
 8.44000  5.558715016934610e+00
 8.44500  5.558718144059521e+00
 8.45000  5.558721258005040e+00
 8.45500  5.558724358834461e+00
 8.46000  5.558727446610738e+00
 8.46500  5.558730521396485e+00
 8.47000  5.558733583253978e+00
 8.47500  5.558736632245159e+00
 8.48000  5.558739668431637e+00
 8.48500  5.558742691874691e+00
 8.49000  5.558745702635268e+00
 8.49500  5.558748700773990e+00
 8.50000  5.558751686351155e+00
 8.50500  5.558754659426733e+00
 8.51000  5.558757620060377e+00
 8.51500  5.558760568311420e+00
 8.52000  5.558763504238875e+00
 8.52500  5.558766427901442e+00
 8.53000  5.558769339357507e+00
 8.53500  5.558772238665142e+00
 8.54000  5.558775125882111e+00
 8.54500  5.558778001065868e+00
 8.55000  5.558780864273563e+00
 8.55500  5.558783715562040e+00
 8.56000  5.558786554987838e+00
 8.56500  5.558789382607200e+00
 8.57000  5.558792198476065e+00
 8.57500  5.558795002650077e+00
 8.58000  5.558797795184584e+00
 8.58500  5.558800576134640e+00
 8.59000  5.558803345555006e+00
 8.59500  5.558806103500152e+00
 8.60000  5.558808850024263e+00
 8.60500  5.558811585181231e+00
 8.61000  5.558814309024667e+00
 8.61500  5.558817021607896e+00
 8.62000  5.558819722983965e+00
 8.62500  5.558822413205633e+00
 8.63000  5.558825092325386e+00
 8.63500  5.558827760395433e+00
 8.64000  5.558830417467703e+00
 8.64500  5.558833063593858e+00
 8.65000  5.558835698825280e+00
 8.65500  5.558838323213085e+00
 8.66000  5.558840936808119e+00
 8.66500  5.558843539660961e+00
 8.67000  5.558846131821921e+00
 8.67500  5.558848713341049e+00
 8.68000  5.558851284268127e+00
 8.68500  5.558853844652681e+00
 8.69000  5.558856394543975e+00
 8.69500  5.558858933991011e+00
 8.70000  5.558861463042540e+00
 8.70500  5.558863981747053e+00
 8.71000  5.558866490152790e+00
 8.71500  5.558868988307739e+00
 8.72000  5.558871476259634e+00
 8.72500  5.558873954055962e+00
 8.73000  5.558876421743960e+00
 8.73500  5.558878879370622e+00
 8.74000  5.558881326982691e+00
 8.74500  5.558883764626674e+00
 8.75000  5.558886192348828e+00
 8.75500  5.558888610195173e+00
 8.76000  5.558891018211489e+00
 8.76500  5.558893416443319e+00
 8.77000  5.558895804935967e+00
 8.77500  5.558898183734502e+00
 8.78000  5.558900552883759e+00
 8.78500  5.558902912428342e+00
 8.79000  5.558905262412621e+00
 8.79500  5.558907602880737e+00
 8.80000  5.558909933876604e+00
 8.80500  5.558912255443906e+00
 8.81000  5.558914567626102e+00
 8.81500  5.558916870466427e+00
 8.82000  5.558919164007890e+00
 8.82500  5.558921448293281e+00
 8.83000  5.558923723365166e+00
 8.83500  5.558925989265893e+00
 8.84000  5.558928246037591e+00
 8.84500  5.558930493722174e+00
 8.85000  5.558932732361335e+00
 8.85500  5.558934961996558e+00
 8.86000  5.558937182669108e+00
 8.86500  5.558939394420044e+00
 8.87000  5.558941597290207e+00
 8.87500  5.558943791320234e+00
 8.88000  5.558945976550551e+00
 8.88500  5.558948153021374e+00
 8.89000  5.558950320772720e+00
 8.89500  5.558952479844391e+00
 8.90000  5.558954630275991e+00
 8.90500  5.558956772106924e+00
 8.91000  5.558958905376384e+00
 8.91500  5.558961030123371e+00
 8.92000  5.558963146386684e+00
 8.92500  5.558965254204925e+00
 8.93000  5.558967353616495e+00
 8.93500  5.558969444659602e+00
 8.94000  5.558971527372259e+00
 8.94500  5.558973601792284e+00
 8.95000  5.558975667957305e+00
 8.95500  5.558977725904754e+00
 8.96000  5.558979775671875e+00
 8.96500  5.558981817295725e+00
 8.97000  5.558983850813168e+00
 8.97500  5.558985876260882e+00
 8.98000  5.558987893675363e+00
 8.98500  5.558989903092915e+00
 8.99000  5.558991904549662e+00
 8.99500  5.558993898081543e+00
 9.00000  5.558995883724319e+00
 9.00500  5.558997861513565e+00
 9.01000  5.558999831484677e+00
 9.01500  5.559001793672873e+00
 9.02000  5.559003748113193e+00
 9.02500  5.559005694840501e+00
 9.03000  5.559007633889481e+00
 9.03500  5.559009565294646e+00
 9.04000  5.559011489090333e+00
 9.04500  5.559013405310707e+00
 9.05000  5.559015313989759e+00
 9.05500  5.559017215161310e+00
 9.06000  5.559019108859013e+00
 9.06500  5.559020995116345e+00
 9.07000  5.559022873966622e+00
 9.07500  5.559024745442990e+00
 9.08000  5.559026609578427e+00
 9.08500  5.559028466405747e+00
 9.09000  5.559030315957600e+00
 9.09500  5.559032158266469e+00
 9.10000  5.559033993364678e+00
 9.10500  5.559035821284388e+00
 9.11000  5.559037642057599e+00
 9.11500  5.559039455716149e+00
 9.12000  5.559041262291720e+00
 9.12500  5.559043061815832e+00
 9.13000  5.559044854319852e+00
 9.13500  5.559046639834986e+00
 9.14000  5.559048418392288e+00
 9.14500  5.559050190022654e+00
 9.15000  5.559051954756828e+00
 9.15500  5.559053712625402e+00
 9.16000  5.559055463658811e+00
 9.16500  5.559057207887343e+00
 9.17000  5.559058945341135e+00
 9.17500  5.559060676050171e+00
 9.18000  5.559062400044291e+00
 9.18500  5.559064117353181e+00
 9.19000  5.559065828006384e+00
 9.19500  5.559067532033296e+00
 9.20000  5.559069229463168e+00
 9.20500  5.559070920325100e+00
 9.21000  5.559072604648056e+00
 9.21500  5.559074282460852e+00
 9.22000  5.559075953792163e+00
 9.22500  5.559077618670522e+00
 9.23000  5.559079277124321e+00
 9.23500  5.559080929181812e+00
 9.24000  5.559082574871106e+00
 9.24500  5.559084214220177e+00
 9.25000  5.559085847256863e+00
 9.25500  5.559087474008859e+00
 9.26000  5.559089094503729e+00
 9.26500  5.559090708768899e+00
 9.27000  5.559092316831661e+00
 9.27500  5.559093918719173e+00
 9.28000  5.559095514458457e+00
 9.28500  5.559097104076406e+00
 9.29000  5.559098687599779e+00
 9.29500  5.559100265055202e+00
 9.30000  5.559101836469173e+00
 9.30500  5.559103401868062e+00
 9.31000  5.559104961278104e+00
 9.31500  5.559106514725410e+00
 9.32000  5.559108062235962e+00
 9.32500  5.559109603835616e+00
 9.33000  5.559111139550100e+00
 9.33500  5.559112669405016e+00
 9.34000  5.559114193425843e+00
 9.34500  5.559115711637934e+00
 9.35000  5.559117224066519e+00
 9.35500  5.559118730736705e+00
 9.36000  5.559120231673477e+00
 9.36500  5.559121726901697e+00
 9.37000  5.559123216446109e+00
 9.37500  5.559124700331330e+00
 9.38000  5.559126178581868e+00
 9.38500  5.559127651222101e+00
 9.39000  5.559129118276296e+00
 9.39500  5.559130579768598e+00
 9.40000  5.559132035723038e+00
 9.40500  5.559133486163527e+00
 9.41000  5.559134931113864e+00
 9.41500  5.559136370597730e+00
 9.42000  5.559137804638691e+00
 9.42500  5.559139233260202e+00
 9.43000  5.559140656485602e+00
 9.43500  5.559142074338117e+00
 9.44000  5.559143486840862e+00
 9.44500  5.559144894016840e+00
 9.45000  5.559146295888944e+00
 9.45500  5.559147692479954e+00
 9.46000  5.559149083812543e+00
 9.46500  5.559150469909273e+00
 9.47000  5.559151850792599e+00
 9.47500  5.559153226484865e+00
 9.48000  5.559154597008311e+00
 9.48500  5.559155962385066e+00
 9.49000  5.559157322637158e+00
 9.49500  5.559158677786504e+00
 9.50000  5.559160027854919e+00
 9.50500  5.559161372864112e+00
 9.51000  5.559162712835689e+00
 9.51500  5.559164047791151e+00
 9.52000  5.559165377751895e+00
 9.52500  5.559166702739221e+00
 9.53000  5.559168022774321e+00
 9.53500  5.559169337878288e+00
 9.54000  5.559170648072114e+00
 9.54500  5.559171953376691e+00
 9.55000  5.559173253812811e+00
 9.55500  5.559174549401168e+00
 9.56000  5.559175840162355e+00
 9.56500  5.559177126116868e+00
 9.57000  5.559178407285104e+00
 9.57500  5.559179683687367e+00
 9.58000  5.559180955343859e+00
 9.58500  5.559182222274688e+00
 9.59000  5.559183484499869e+00
 9.59500  5.559184742039317e+00
 9.60000  5.559185994912857e+00
 9.60500  5.559187243140216e+00
 9.61000  5.559188486741031e+00
 9.61500  5.559189725734843e+00
 9.62000  5.559190960141101e+00
 9.62500  5.559192189979163e+00
 9.63000  5.559193415268294e+00
 9.63500  5.559194636027669e+00
 9.64000  5.559195852276371e+00
 9.64500  5.559197064033394e+00
 9.65000  5.559198271317642e+00
 9.65500  5.559199474147928e+00
 9.66000  5.559200672542977e+00
 9.66500  5.559201866521430e+00
 9.67000  5.559203056101833e+00
 9.67500  5.559204241302647e+00
 9.68000  5.559205422142250e+00
 9.68500  5.559206598638927e+00
 9.69000  5.559207770810884e+00
 9.69500  5.559208938676235e+00
 9.70000  5.559210102253012e+00
 9.70500  5.559211261559162e+00
 9.71000  5.559212416612548e+00
 9.71500  5.559213567430946e+00
 9.72000  5.559214714032055e+00
 9.72500  5.559215856433484e+00
 9.73000  5.559216994652764e+00
 9.73500  5.559218128707341e+00
 9.74000  5.559219258614585e+00
 9.74500  5.559220384391774e+00
 9.75000  5.559221506056118e+00
 9.75500  5.559222623624736e+00
 9.76000  5.559223737114674e+00
 9.76500  5.559224846542894e+00
 9.77000  5.559225951926280e+00
 9.77500  5.559227053281639e+00
 9.78000  5.559228150625698e+00
 9.78500  5.559229243975105e+00
 9.79000  5.559230333346433e+00
 9.79500  5.559231418756178e+00
 9.80000  5.559232500220754e+00
 9.80500  5.559233577756507e+00
 9.81000  5.559234651379699e+00
 9.81500  5.559235721106520e+00
 9.82000  5.559236786953088e+00
 9.82500  5.559237848935440e+00
 9.83000  5.559238907069543e+00
 9.83500  5.559239961371287e+00
 9.84000  5.559241011856491e+00
 9.84500  5.559242058540899e+00
 9.85000  5.559243101440184e+00
 9.85500  5.559244140569942e+00
 9.86000  5.559245175945703e+00
 9.86500  5.559246207582921e+00
 9.87000  5.559247235496979e+00
 9.87500  5.559248259703192e+00
 9.88000  5.559249280216799e+00
 9.88500  5.559250297052975e+00
 9.89000  5.559251310226818e+00
 9.89500  5.559252319753364e+00
 9.90000  5.559253325647573e+00
 9.90500  5.559254327924340e+00
 9.91000  5.559255326598491e+00
 9.91500  5.559256321684782e+00
 9.92000  5.559257313197903e+00
 9.92500  5.559258301152476e+00
 9.93000  5.559259285563057e+00
 9.93500  5.559260266444131e+00
 9.94000  5.559261243810122e+00
 9.94500  5.559262217675384e+00
 9.95000  5.559263188054206e+00
 9.95500  5.559264154960814e+00
 9.96000  5.559265118409366e+00
 9.96500  5.559266078413955e+00
 9.97000  5.559267034988612e+00
 9.97500  5.559267988147302e+00
 9.98000  5.559268937903926e+00
 9.98500  5.559269884272323e+00
 9.99000  5.559270827266269e+00
 9.99500  5.559271766899474e+00
10.00000  5.559272703185590e+00
