  0.00000  0.20765570E+04
  0.00500  0.21000192E+04
  0.01000  0.21153945E+04
  0.01500  0.20707610E+04
  0.02000  0.20455073E+04
  0.02500  0.19837436E+04
  0.03000  0.20613991E+04
  0.03500  0.21123167E+04
  0.04000  0.20812723E+04
  0.04500  0.21140453E+04
  0.05000  0.20952374E+04
  0.05500  0.20521173E+04
  0.06000  0.20193355E+04
  0.06500  0.19839275E+04
  0.07000  0.19499903E+04
  0.07500  0.19164510E+04
  0.08000  0.18834924E+04
  0.08500  0.18511075E+04
  0.09000  0.18192626E+04
  0.09500  0.17879636E+04
  0.10000  0.17571943E+04
  0.10500  0.17269488E+04
  0.11000  0.16972170E+04
  0.11500  0.16679907E+04
  0.12000  0.16392612E+04
  0.12500  0.16110202E+04
  0.13000  0.15832595E+04
  0.13500  0.15559708E+04
  0.14000  0.15291462E+04
  0.14500  0.15027781E+04
  0.15000  0.14768586E+04
  0.15500  0.14513802E+04
  0.16000  0.14263354E+04
  0.16500  0.14017169E+04
  0.17000  0.13775175E+04
  0.17500  0.13537300E+04
  0.18000  0.13303477E+04
  0.18500  0.13073636E+04
  0.19000  0.12847711E+04
  0.19500  0.12625636E+04
  0.20000  0.12407346E+04
  0.20500  0.12192773E+04
  0.21000  0.11981857E+04
  0.21500  0.11774538E+04
  0.22000  0.11570753E+04
  0.22500  0.11370442E+04
  0.23000  0.11173550E+04
  0.23500  0.10980018E+04
  0.24000  0.10789786E+04
  0.24500  0.10602800E+04
  0.25000  0.10419004E+04
  0.25500  0.10238347E+04
  0.26000  0.10060775E+04
  0.26500  0.98862349E+03
  0.27000  0.97146760E+03
  0.27500  0.95460468E+03
  0.28000  0.93802987E+03
  0.28500  0.92173829E+03
  0.29000  0.90572516E+03
  0.29500  0.88998579E+03
  0.30000  0.87451550E+03
  0.30500  0.85930975E+03
  0.31000  0.84436409E+03
  0.31500  0.82967410E+03
  0.32000  0.81523545E+03
  0.32500  0.80104391E+03
  0.33000  0.78709529E+03
  0.33500  0.77338546E+03
  0.34000  0.75991040E+03
  0.34500  0.74666614E+03
  0.35000  0.73364874E+03
  0.35500  0.72085438E+03
  0.36000  0.70827931E+03
  0.36500  0.69591978E+03
  0.37000  0.68377214E+03
  0.37500  0.67183281E+03
  0.38000  0.66009828E+03
  0.38500  0.64856506E+03
  0.39000  0.63722975E+03
  0.39500  0.62608898E+03
  0.40000  0.61513944E+03
  0.40500  0.60437791E+03
  0.41000  0.59380124E+03
  0.41500  0.58340628E+03
  0.42000  0.57318989E+03
  0.42500  0.56314906E+03
  0.43000  0.55328087E+03
  0.43500  0.54358236E+03
  0.44000  0.53405064E+03
  0.44500  0.52468288E+03
  0.45000  0.51547632E+03
  0.45500  0.50642824E+03
  0.46000  0.49753590E+03
  0.46500  0.48879668E+03
  0.47000  0.48020799E+03
  0.47500  0.47176727E+03
  0.48000  0.46347200E+03
  0.48500  0.45531972E+03
  0.49000  0.44730800E+03
  0.49500  0.43943446E+03
  0.50000  0.43169674E+03
  0.50500  0.42409253E+03
  0.51000  0.41661955E+03
  0.51500  0.40927559E+03
  0.52000  0.40205848E+03
  0.52500  0.39496604E+03
  0.53000  0.38799613E+03
  0.53500  0.38114669E+03
  0.54000  0.37441567E+03
  0.54500  0.36780108E+03
  0.55000  0.36130090E+03
  0.55500  0.35491319E+03
  0.56000  0.34863604E+03
  0.56500  0.34246758E+03
  0.57000  0.33640596E+03
  0.57500  0.33044936E+03
  0.58000  0.32459599E+03
  0.58500  0.31884409E+03
  0.59000  0.31319190E+03
  0.59500  0.30763779E+03
  0.60000  0.30218005E+03
  0.60500  0.29681703E+03
  0.61000  0.29154714E+03
  0.61500  0.28636880E+03
  0.62000  0.28128042E+03
  0.62500  0.27628044E+03
  0.63000  0.27136742E+03
  0.63500  0.26653985E+03
  0.64000  0.26179626E+03
  0.64500  0.25713525E+03
  0.65000  0.25255538E+03
  0.65500  0.24805528E+03
  0.66000  0.24363358E+03
  0.66500  0.23928893E+03
  0.67000  0.23502004E+03
  0.67500  0.23082561E+03
  0.68000  0.22670437E+03
  0.68500  0.22265507E+03
  0.69000  0.21867646E+03
  0.69500  0.21476734E+03
  0.70000  0.21092654E+03
  0.70500  0.20715290E+03
  0.71000  0.20344524E+03
  0.71500  0.19980246E+03
  0.72000  0.19622343E+03
  0.72500  0.19270707E+03
  0.73000  0.18925229E+03
  0.73500  0.18585807E+03
  0.74000  0.18252336E+03
  0.74500  0.17924711E+03
  0.75000  0.17602833E+03
  0.75500  0.17286609E+03
  0.76000  0.16975938E+03
  0.76500  0.16670725E+03
  0.77000  0.16370876E+03
  0.77500  0.16076299E+03
  0.78000  0.15786905E+03
  0.78500  0.15502605E+03
  0.79000  0.15223309E+03
  0.79500  0.14948934E+03
  0.80000  0.14679396E+03
  0.80500  0.14414610E+03
  0.81000  0.14154495E+03
  0.81500  0.13898970E+03
  0.82000  0.13647958E+03
  0.82500  0.13401383E+03
  0.83000  0.13159164E+03
  0.83500  0.12921227E+03
  0.84000  0.12687503E+03
  0.84500  0.12457917E+03
  0.85000  0.12232395E+03
  0.85500  0.12010870E+03
  0.86000  0.11793273E+03
  0.86500  0.11579536E+03
  0.87000  0.11369593E+03
  0.87500  0.11163378E+03
  0.88000  0.10960827E+03
  0.88500  0.10761880E+03
  0.89000  0.10566469E+03
  0.89500  0.10374536E+03
  0.90000  0.10186023E+03
  0.90500  0.10000868E+03
  0.91000  0.98190155E+02
  0.91500  0.96404060E+02
  0.92000  0.94649847E+02
  0.92500  0.92926965E+02
  0.93000  0.91234873E+02
  0.93500  0.89573043E+02
  0.94000  0.87940949E+02
  0.94500  0.86338077E+02
  0.95000  0.84763923E+02
  0.95500  0.83217990E+02
  0.96000  0.81699792E+02
  0.96500  0.80208848E+02
  0.97000  0.78744681E+02
  0.97500  0.77306833E+02
  0.98000  0.75894848E+02
  0.98500  0.74508277E+02
  0.99000  0.73146681E+02
  0.99500  0.71809627E+02
  1.00000  0.70496687E+02
  1.00500  0.69207442E+02
  1.01000  0.67941486E+02
  1.01500  0.66698412E+02
  1.02000  0.65477823E+02
  1.02500  0.64279329E+02
  1.03000  0.63102543E+02
  1.03500  0.61947091E+02
  1.04000  0.60812603E+02
  1.04500  0.59698711E+02
  1.05000  0.58605059E+02
  1.05500  0.57531297E+02
  1.06000  0.56477076E+02
  1.06500  0.55442056E+02
  1.07000  0.54425901E+02
  1.07500  0.53428282E+02
  1.08000  0.52448881E+02
  1.08500  0.51487376E+02
  1.09000  0.50543456E+02
  1.09500  0.49616816E+02
  1.10000  0.48707151E+02
  1.10500  0.47814166E+02
  1.11000  0.46937569E+02
  1.11500  0.46077074E+02
  1.12000  0.45232403E+02
  1.12500  0.44403273E+02
  1.13000  0.43589415E+02
  1.13500  0.42790561E+02
  1.14000  0.42006449E+02
  1.14500  0.41236821E+02
  1.15000  0.40481422E+02
  1.15500  0.39740005E+02
  1.16000  0.39012322E+02
  1.16500  0.38298132E+02
  1.17000  0.37597201E+02
  1.17500  0.36909292E+02
  1.18000  0.36234177E+02
  1.18500  0.35571636E+02
  1.19000  0.34921444E+02
  1.19500  0.34283382E+02
  1.20000  0.33657241E+02
  1.20500  0.33042807E+02
  1.21000  0.32439875E+02
  1.21500  0.31848243E+02
  1.22000  0.31267710E+02
  1.22500  0.30698080E+02
  1.23000  0.30139165E+02
  1.23500  0.29590774E+02
  1.24000  0.29052717E+02
  1.24500  0.28524814E+02
  1.25000  0.28006886E+02
  1.25500  0.27498755E+02
  1.26000  0.27000250E+02
  1.26500  0.26511199E+02
  1.27000  0.26031434E+02
  1.27500  0.25560791E+02
  1.28000  0.25099108E+02
  1.28500  0.24646223E+02
  1.29000  0.24201982E+02
  1.29500  0.23766235E+02
  1.30000  0.23338826E+02
  1.30500  0.22919608E+02
  1.31000  0.22508437E+02
  1.31500  0.22105169E+02
  1.32000  0.21709660E+02
  1.32500  0.21321778E+02
  1.33000  0.20941381E+02
  1.33500  0.20568335E+02
  1.34000  0.20202510E+02
  1.34500  0.19843779E+02
  1.35000  0.19492016E+02
  1.35500  0.19147095E+02
  1.36000  0.18808892E+02
  1.36500  0.18477287E+02
  1.37000  0.18152162E+02
  1.37500  0.17833398E+02
  1.38000  0.17520886E+02
  1.38500  0.17214512E+02
  1.39000  0.16914165E+02
  1.39500  0.16619735E+02
  1.40000  0.16331119E+02
  1.40500  0.16048206E+02
  1.41000  0.15770901E+02
  1.41500  0.15499098E+02
  1.42000  0.15232698E+02
  1.42500  0.14971607E+02
  1.43000  0.14715725E+02
  1.43500  0.14464960E+02
  1.44000  0.14219216E+02
  1.44500  0.13978404E+02
  1.45000  0.13742435E+02
  1.45500  0.13511222E+02
  1.46000  0.13284680E+02
  1.46500  0.13062719E+02
  1.47000  0.12845259E+02
  1.47500  0.12632220E+02
  1.48000  0.12423516E+02
  1.48500  0.12219071E+02
  1.49000  0.12018808E+02
  1.49500  0.11822649E+02
  1.50000  0.11630520E+02
  1.50500  0.11442348E+02
  1.51000  0.11258057E+02
  1.51500  0.11077581E+02
  1.52000  0.10900848E+02
  1.52500  0.10727788E+02
  1.53000  0.10558334E+02
  1.53500  0.10392419E+02
  1.54000  0.10229980E+02
  1.54500  0.10070952E+02
  1.55000  0.99152712E+01
  1.55500  0.97628780E+01
  1.56000  0.96137091E+01
  1.56500  0.94677057E+01
  1.57000  0.93248095E+01
  1.57500  0.91849626E+01
  1.58000  0.90481090E+01
  1.58500  0.89141928E+01
  1.59000  0.87831595E+01
  1.59500  0.86549549E+01
  1.60000  0.85295267E+01
  1.60500  0.84068234E+01
  1.61000  0.82867940E+01
  1.61500  0.81693883E+01
  1.62000  0.80545574E+01
  1.62500  0.79422529E+01
  1.63000  0.78324276E+01
  1.63500  0.77250350E+01
  1.64000  0.76200294E+01
  1.64500  0.75173657E+01
  1.65000  0.74169998E+01
  1.65500  0.73188887E+01
  1.66000  0.72229897E+01
  1.66500  0.71292605E+01
  1.67000  0.70376606E+01
  1.67500  0.69481495E+01
  1.68000  0.68606874E+01
  1.68500  0.67752357E+01
  1.69000  0.66917560E+01
  1.69500  0.66102105E+01
  1.70000  0.65305626E+01
  1.70500  0.64527760E+01
  1.71000  0.63768151E+01
  1.71500  0.63026449E+01
  1.72000  0.62302312E+01
  1.72500  0.61595402E+01
  1.73000  0.60905386E+01
  1.73500  0.60231941E+01
  1.74000  0.59574746E+01
  1.74500  0.58933488E+01
  1.75000  0.58307860E+01
  1.75500  0.57697555E+01
  1.76000  0.57102279E+01
  1.76500  0.56521736E+01
  1.77000  0.55955655E+01
  1.77500  0.55403725E+01
  1.78000  0.54865683E+01
  1.78500  0.54341442E+01
  1.79000  0.53832103E+01
  1.79500  0.53331577E+01
  1.80000  0.52840471E+01
  1.80500  0.52358974E+01
  1.81000  0.51887388E+01
  1.81500  0.51425978E+01
  1.82000  0.50975022E+01
  1.82500  0.50534799E+01
  1.83000  0.50105579E+01
  1.83500  0.49687641E+01
  1.84000  0.49281261E+01
  1.84500  0.48886713E+01
  1.85000  0.48504273E+01
  1.85500  0.48134220E+01
  1.86000  0.47776815E+01
  1.86500  0.47432371E+01
  1.87000  0.47105617E+01
  1.87500  0.46788576E+01
  1.88000  0.46481804E+01
  1.88500  0.46184497E+01
  1.89000  0.45895838E+01
  1.89500  0.45615074E+01
  1.90000  0.45344222E+01
  1.90500  0.45080193E+01
  1.91000  0.44822986E+01
  1.91500  0.44572603E+01
  1.92000  0.44329044E+01
  1.92500  0.44092309E+01
  1.93000  0.43862400E+01
  1.93500  0.43639316E+01
  1.94000  0.43425489E+01
  1.94500  0.43218896E+01
  1.95000  0.43019876E+01
  1.95500  0.42828655E+01
  1.96000  0.42644993E+01
  1.96500  0.42468534E+01
  1.97000  0.42298920E+01
  1.97500  0.42135796E+01
  1.98000  0.41978804E+01
  1.98500  0.41827589E+01
  1.99000  0.41681793E+01
  1.99500  0.41541062E+01
  2.00000  0.41405037E+01
  2.00500  0.41273394E+01
  2.01000  0.41147107E+01
  2.01500  0.41025292E+01
  2.02000  0.40908138E+01
  2.02500  0.40795606E+01
  2.03000  0.40687724E+01
  2.03500  0.40584485E+01
  2.04000  0.40485870E+01
  2.04500  0.40391857E+01
  2.05000  0.40302436E+01
  2.05500  0.40217602E+01
  2.06000  0.40137344E+01
  2.06500  0.40061663E+01
  2.07000  0.39990553E+01
  2.07500  0.39924023E+01
  2.08000  0.39862075E+01
  2.08500  0.39804706E+01
  2.09000  0.39751931E+01
  2.09500  0.39703754E+01
  2.10000  0.39660181E+01
  2.10500  0.39621178E+01
  2.11000  0.39586615E+01
  2.11500  0.39556336E+01
  2.12000  0.39530180E+01
  2.12500  0.39508004E+01
  2.13000  0.39489648E+01
  2.13500  0.39474965E+01
  2.14000  0.39463808E+01
  2.14500  0.39456022E+01
  2.15000  0.39451460E+01
  2.15500  0.39449980E+01
  2.16000  0.39451434E+01
  2.16500  0.39455672E+01
  2.17000  0.39462551E+01
  2.17500  0.39471927E+01
  2.18000  0.39483654E+01
  2.18500  0.39497596E+01
  2.19000  0.39513605E+01
  2.19500  0.39531544E+01
  2.20000  0.39551268E+01
  2.20500  0.39572715E+01
  2.21000  0.39595904E+01
  2.21500  0.39620805E+01
  2.22000  0.39647374E+01
  2.22500  0.39675580E+01
  2.23000  0.39705379E+01
  2.23500  0.39736738E+01
  2.24000  0.39769620E+01
  2.24500  0.39803989E+01
  2.25000  0.39839810E+01
  2.25500  0.39877058E+01
  2.26000  0.39915749E+01
  2.26500  0.39955914E+01
  2.27000  0.39997583E+01
  2.27500  0.40040783E+01
  2.28000  0.40085544E+01
  2.28500  0.40131896E+01
  2.29000  0.40179870E+01
  2.29500  0.40229498E+01
  2.30000  0.40280809E+01
  2.30500  0.40333828E+01
  2.31000  0.40388508E+01
  2.31500  0.40444793E+01
  2.32000  0.40502619E+01
  2.32500  0.40561933E+01
  2.33000  0.40622674E+01
  2.33500  0.40684792E+01
  2.34000  0.40748231E+01
  2.34500  0.40812945E+01
  2.35000  0.40878868E+01
  2.35500  0.40942895E+01
  2.36000  0.41011254E+01
  2.36500  0.41080646E+01
  2.37000  0.41151038E+01
  2.37500  0.41222394E+01
  2.38000  0.41294680E+01
  2.38500  0.41367865E+01
  2.39000  0.41441914E+01
  2.39500  0.41516795E+01
  2.40000  0.41592478E+01
  2.40500  0.41668827E+01
  2.41000  0.41745720E+01
  2.41500  0.41823139E+01
  2.42000  0.41901067E+01
  2.42500  0.41979487E+01
  2.43000  0.42058390E+01
  2.43500  0.42137756E+01
  2.44000  0.42217574E+01
  2.44500  0.42297830E+01
  2.45000  0.42378507E+01
  2.45500  0.42459614E+01
  2.46000  0.42541217E+01
  2.46500  0.42623393E+01
  2.47000  0.42706229E+01
  2.47500  0.42789807E+01
  2.48000  0.42874212E+01
  2.48500  0.42959523E+01
  2.49000  0.43045831E+01
  2.49500  0.43133218E+01
  2.50000  0.43221769E+01
  2.50500  0.43311513E+01
  2.51000  0.43402239E+01
  2.51500  0.43493673E+01
  2.52000  0.43585548E+01
  2.52500  0.43677597E+01
  2.53000  0.43769546E+01
  2.53500  0.43861131E+01
  2.54000  0.43952083E+01
  2.54500  0.44042137E+01
  2.55000  0.44131020E+01
  2.55500  0.44218548E+01
  2.56000  0.44304830E+01
  2.56500  0.44390069E+01
  2.57000  0.44474446E+01
  2.57500  0.44558160E+01
  2.58000  0.44641408E+01
  2.58500  0.44724378E+01
  2.59000  0.44807266E+01
  2.59500  0.44890270E+01
  2.60000  0.44973583E+01
  2.60500  0.45057357E+01
  2.61000  0.45141590E+01
  2.61500  0.45226237E+01
  2.62000  0.45311250E+01
  2.62500  0.45396586E+01
  2.63000  0.45482200E+01
  2.63500  0.45568047E+01
  2.64000  0.45654084E+01
  2.64500  0.45740267E+01
  2.65000  0.45826553E+01
  2.65500  0.45912893E+01
  2.66000  0.45999211E+01
  2.66500  0.46085427E+01
  2.67000  0.46171459E+01
  2.67500  0.46257229E+01
  2.68000  0.46342653E+01
  2.68500  0.46427656E+01
  2.69000  0.46512155E+01
  2.69500  0.46596069E+01
  2.70000  0.46679323E+01
  2.70500  0.46761871E+01
  2.71000  0.46843800E+01
  2.71500  0.46925232E+01
  2.72000  0.47006291E+01
  2.72500  0.47087102E+01
  2.73000  0.47167783E+01
  2.73500  0.47248462E+01
  2.74000  0.47329261E+01
  2.74500  0.47410301E+01
  2.75000  0.47491711E+01
  2.75500  0.47573554E+01
  2.76000  0.47655661E+01
  2.76500  0.47737817E+01
  2.77000  0.47819790E+01
  2.77500  0.47901360E+01
  2.78000  0.47982308E+01
  2.78500  0.48062403E+01
  2.79000  0.48141429E+01
  2.79500  0.48219159E+01
  2.80000  0.48295375E+01
  2.80500  0.48369933E+01
  2.81000  0.48443016E+01
  2.81500  0.48514885E+01
  2.82000  0.48585810E+01
  2.82500  0.48656047E+01
  2.83000  0.48725866E+01
  2.83500  0.48795529E+01
  2.84000  0.48865300E+01
  2.84500  0.48935444E+01
  2.85000  0.49006224E+01
  2.85500  0.49077815E+01
  2.86000  0.49150018E+01
  2.86500  0.49222550E+01
  2.87000  0.49295123E+01
  2.87500  0.49367450E+01
  2.88000  0.49439245E+01
  2.88500  0.49510223E+01
  2.89000  0.49580093E+01
  2.89500  0.49648574E+01
  2.90000  0.49715374E+01
  2.90500  0.49780305E+01
  2.91000  0.49843552E+01
  2.91500  0.49905400E+01
  2.92000  0.49966123E+01
  2.92500  0.50026007E+01
  2.93000  0.50085331E+01
  2.93500  0.50144377E+01
  2.94000  0.50203428E+01
  2.94500  0.50262763E+01
  2.95000  0.50322665E+01
  2.95500  0.50383334E+01
  2.96000  0.50444660E+01
  2.96500  0.50506453E+01
  2.97000  0.50568524E+01
  2.97500  0.50630680E+01
  2.98000  0.50692734E+01
  2.98500  0.50754495E+01
  2.99000  0.50815773E+01
  2.99500  0.50876379E+01
  3.00000  0.50936119E+01
  3.00500  0.50994843E+01
  3.01000  0.51052544E+01
  3.01500  0.51109254E+01
  3.02000  0.51165000E+01
  3.02500  0.51219819E+01
  3.03000  0.51273738E+01
  3.03500  0.51326786E+01
  3.04000  0.51378995E+01
  3.04500  0.51430396E+01
  3.05000  0.51481018E+01
  3.05500  0.51530891E+01
  3.06000  0.51580034E+01
  3.06500  0.51628469E+01
  3.07000  0.51676210E+01
  3.07500  0.51723280E+01
  3.08000  0.51769698E+01
  3.08500  0.51815476E+01
  3.09000  0.51860641E+01
  3.09500  0.51905206E+01
  3.10000  0.51949189E+01
  3.10500  0.51992605E+01
  3.11000  0.52035456E+01
  3.11500  0.52077733E+01
  3.12000  0.52119431E+01
  3.12500  0.52160550E+01
  3.13000  0.52201075E+01
  3.13500  0.52241012E+01
  3.14000  0.52280345E+01
  3.14500  0.52319072E+01
  3.15000  0.52358765E+01
  3.15500  0.52394777E+01
  3.16000  0.52425980E+01
  3.16500  0.52457250E+01
  3.17000  0.52488269E+01
  3.17500  0.52519129E+01
  3.18000  0.52549906E+01
  3.18500  0.52580614E+01
  3.19000  0.52611334E+01
  3.19500  0.52642078E+01
  3.20000  0.52672647E+01
  3.20500  0.52702853E+01
  3.21000  0.52732677E+01
  3.21500  0.52762174E+01
  3.22000  0.52791324E+01
  3.22500  0.52820205E+01
  3.23000  0.52848961E+01
  3.23500  0.52877470E+01
  3.24000  0.52905595E+01
  3.24500  0.52933466E+01
  3.25000  0.52961184E+01
  3.25500  0.52988747E+01
  3.26000  0.53016179E+01
  3.26500  0.53043504E+01
  3.27000  0.53070744E+01
  3.27500  0.53097923E+01
  3.28000  0.53125066E+01
  3.28500  0.53152198E+01
  3.29000  0.53179333E+01
  3.29500  0.53206514E+01
  3.30000  0.53233721E+01
  3.30500  0.53260820E+01
  3.31000  0.53287702E+01
  3.31500  0.53314355E+01
  3.32000  0.53340778E+01
  3.32500  0.53366962E+01
  3.33000  0.53392896E+01
  3.33500  0.53418575E+01
  3.34000  0.53443993E+01
  3.34500  0.53469140E+01
  3.35000  0.53494011E+01
  3.35500  0.53518599E+01
  3.36000  0.53542894E+01
  3.36500  0.53566886E+01
  3.37000  0.53590570E+01
  3.37500  0.53613942E+01
  3.38000  0.53636991E+01
  3.38500  0.53659708E+01
  3.39000  0.53682085E+01
  3.39500  0.53704120E+01
  3.40000  0.53725791E+01
  3.40500  0.53747263E+01
  3.41000  0.53768773E+01
  3.41500  0.53790369E+01
  3.42000  0.53812077E+01
  3.42500  0.53833843E+01
  3.43000  0.53855513E+01
  3.43500  0.53876982E+01
  3.44000  0.53898243E+01
  3.44500  0.53919310E+01
  3.45000  0.53940182E+01
  3.45500  0.53960857E+01
  3.46000  0.53981339E+01
  3.46500  0.54001631E+01
  3.47000  0.54021735E+01
  3.47500  0.54041651E+01
  3.48000  0.54061378E+01
  3.48500  0.54080924E+01
  3.49000  0.54100286E+01
  3.49500  0.54119467E+01
  3.50000  0.54138468E+01
  3.50500  0.54157291E+01
  3.51000  0.54175937E+01
  3.51500  0.54194410E+01
  3.52000  0.54212707E+01
  3.52500  0.54230830E+01
  3.53000  0.54248785E+01
  3.53500  0.54266572E+01
  3.54000  0.54284189E+01
  3.54500  0.54301641E+01
  3.55000  0.54318929E+01
  3.55500  0.54336054E+01
  3.56000  0.54353016E+01
  3.56500  0.54369820E+01
  3.57000  0.54386461E+01
  3.57500  0.54402946E+01
  3.58000  0.54419276E+01
  3.58500  0.54435451E+01
  3.59000  0.54451472E+01
  3.59500  0.54467341E+01
  3.60000  0.54483058E+01
  3.60500  0.54498628E+01
  3.61000  0.54514051E+01
  3.61500  0.54529325E+01
  3.62000  0.54544454E+01
  3.62500  0.54559440E+01
  3.63000  0.54574281E+01
  3.63500  0.54588982E+01
  3.64000  0.54603542E+01
  3.64500  0.54617964E+01
  3.65000  0.54632249E+01
  3.65500  0.54646396E+01
  3.66000  0.54660408E+01
  3.66500  0.54674289E+01
  3.67000  0.54688036E+01
  3.67500  0.54701649E+01
  3.68000  0.54715133E+01
  3.68500  0.54728485E+01
  3.69000  0.54741711E+01
  3.69500  0.54754813E+01
  3.70000  0.54767788E+01
  3.70500  0.54780638E+01
  3.71000  0.54793363E+01
  3.71500  0.54805968E+01
  3.72000  0.54818451E+01
  3.72500  0.54830813E+01
  3.73000  0.54843057E+01
  3.73500  0.54855185E+01
  3.74000  0.54867193E+01
  3.74500  0.54879087E+01
  3.75000  0.54890866E+01
  3.75500  0.54902532E+01
  3.76000  0.54914086E+01
  3.76500  0.54925527E+01
  3.77000  0.54936858E+01
  3.77500  0.54948078E+01
  3.78000  0.54959192E+01
  3.78500  0.54970200E+01
  3.79000  0.54981099E+01
  3.79500  0.54991893E+01
  3.80000  0.55002583E+01
  3.80500  0.55013171E+01
  3.81000  0.55023654E+01
  3.81500  0.55034036E+01
  3.82000  0.55044319E+01
  3.82500  0.55054501E+01
  3.83000  0.55064583E+01
  3.83500  0.55074568E+01
  3.84000  0.55084459E+01
  3.84500  0.55094252E+01
  3.85000  0.55103949E+01
  3.85500  0.55113553E+01
  3.86000  0.55123065E+01
  3.86500  0.55132484E+01
  3.87000  0.55141808E+01
  3.87500  0.55151045E+01
  3.88000  0.55160193E+01
  3.88500  0.55169251E+01
  3.89000  0.55178218E+01
  3.89500  0.55187098E+01
  3.90000  0.55195895E+01
  3.90500  0.55204606E+01
  3.91000  0.55213229E+01
  3.91500  0.55221769E+01
  3.92000  0.55230227E+01
  3.92500  0.55238601E+01
  3.93000  0.55246894E+01
  3.93500  0.55255107E+01
  3.94000  0.55263239E+01
  3.94500  0.55271291E+01
  3.95000  0.55279265E+01
  3.95500  0.55287162E+01
  3.96000  0.55294981E+01
  3.96500  0.55302724E+01
  3.97000  0.55310392E+01
  3.97500  0.55317985E+01
  3.98000  0.55325501E+01
  3.98500  0.55332946E+01
  3.99000  0.55340319E+01
  3.99500  0.55347616E+01
  4.00000  0.55354845E+01
  4.00500  0.55362002E+01
  4.01000  0.55369088E+01
  4.01500  0.55376107E+01
  4.02000  0.55383056E+01
  4.02500  0.55389936E+01
  4.03000  0.55396750E+01
  4.03500  0.55403496E+01
  4.04000  0.55410176E+01
  4.04500  0.55416792E+01
  4.05000  0.55423342E+01
  4.05500  0.55429827E+01
  4.06000  0.55436250E+01
  4.06500  0.55442609E+01
  4.07000  0.55448906E+01
  4.07500  0.55455141E+01
  4.08000  0.55461314E+01
  4.08500  0.55467425E+01
  4.09000  0.55473479E+01
  4.09500  0.55479473E+01
  4.10000  0.55485406E+01
  4.10500  0.55491282E+01
  4.11000  0.55497100E+01
  4.11500  0.55502860E+01
  4.12000  0.55508565E+01
  4.12500  0.55514214E+01
  4.13000  0.55519806E+01
  4.13500  0.55525344E+01
  4.14000  0.55530827E+01
  4.14500  0.55536257E+01
  4.15000  0.55541630E+01
  4.15500  0.55546953E+01
  4.16000  0.55552224E+01
  4.16500  0.55557442E+01
  4.17000  0.55562608E+01
  4.17500  0.55567724E+01
  4.18000  0.55572789E+01
  4.18500  0.55577805E+01
  4.19000  0.55582773E+01
  4.19500  0.55587690E+01
  4.20000  0.55592558E+01
  4.20500  0.55597378E+01
  4.21000  0.55602152E+01
  4.21500  0.55606878E+01
  4.22000  0.55611557E+01
  4.22500  0.55616191E+01
  4.23000  0.55620779E+01
  4.23500  0.55625320E+01
  4.24000  0.55629816E+01
  4.24500  0.55634267E+01
  4.25000  0.55638677E+01
  4.25500  0.55643043E+01
  4.26000  0.55647364E+01
  4.26500  0.55651643E+01
  4.27000  0.55655880E+01
  4.27500  0.55660076E+01
  4.28000  0.55664231E+01
  4.28500  0.55668343E+01
  4.29000  0.55672414E+01
  4.29500  0.55676446E+01
  4.30000  0.55680438E+01
  4.30500  0.55684391E+01
  4.31000  0.55688302E+01
  4.31500  0.55692177E+01
  4.32000  0.55696014E+01
  4.32500  0.55699811E+01
  4.33000  0.55703571E+01
  4.33500  0.55707295E+01
  4.34000  0.55710982E+01
  4.34500  0.55714632E+01
  4.35000  0.55718246E+01
  4.35500  0.55721824E+01
  4.36000  0.55725365E+01
  4.36500  0.55728873E+01
  4.37000  0.55732345E+01
  4.37500  0.55735784E+01
  4.38000  0.55739189E+01
  4.38500  0.55742560E+01
  4.39000  0.55745895E+01
  4.39500  0.55749198E+01
  4.40000  0.55752470E+01
  4.40500  0.55755710E+01
  4.41000  0.55758918E+01
  4.41500  0.55762092E+01
  4.42000  0.55765234E+01
  4.42500  0.55768346E+01
  4.43000  0.55771427E+01
  4.43500  0.55774478E+01
  4.44000  0.55777499E+01
  4.44500  0.55780489E+01
  4.45000  0.55783448E+01
  4.45500  0.55786381E+01
  4.46000  0.55789284E+01
  4.46500  0.55792157E+01
  4.47000  0.55795002E+01
  4.47500  0.55797819E+01
  4.48000  0.55800608E+01
  4.48500  0.55803368E+01
  4.49000  0.55806101E+01
  4.49500  0.55808808E+01
  4.50000  0.55811488E+01
  4.50500  0.55814139E+01
  4.51000  0.55816766E+01
  4.51500  0.55819368E+01
  4.52000  0.55821943E+01
  4.52500  0.55824492E+01
  4.53000  0.55827015E+01
  4.53500  0.55829512E+01
  4.54000  0.55831987E+01
  4.54500  0.55834438E+01
  4.55000  0.55836862E+01
  4.55500  0.55839262E+01
  4.56000  0.55841640E+01
  4.56500  0.55843994E+01
  4.57000  0.55846323E+01
  4.57500  0.55848627E+01
  4.58000  0.55850913E+01
  4.58500  0.55853174E+01
  4.59000  0.55855423E+01
  4.59500  0.55857689E+01
  4.60000  0.55859954E+01
  4.60500  0.55862195E+01
  4.61000  0.55864413E+01
  4.61500  0.55866608E+01
  4.62000  0.55868783E+01
  4.62500  0.55870935E+01
  4.63000  0.55873065E+01
  4.63500  0.55875175E+01
  4.64000  0.55877266E+01
  4.64500  0.55879336E+01
  4.65000  0.55881385E+01
  4.65500  0.55883413E+01
  4.66000  0.55885423E+01
  4.66500  0.55887413E+01
  4.67000  0.55889383E+01
  4.67500  0.55891333E+01
  4.68000  0.55893264E+01
  4.68500  0.55895177E+01
  4.69000  0.55897071E+01
  4.69500  0.55898944E+01
  4.70000  0.55900800E+01
  4.70500  0.55902639E+01
  4.71000  0.55904459E+01
  4.71500  0.55906260E+01
  4.72000  0.55908047E+01
  4.72500  0.55909813E+01
  4.73000  0.55911562E+01
  4.73500  0.55913295E+01
  4.74000  0.55915010E+01
  4.74500  0.55916708E+01
  4.75000  0.55918391E+01
  4.75500  0.55920056E+01
  4.76000  0.55921703E+01
  4.76500  0.55923338E+01
  4.77000  0.55924955E+01
  4.77500  0.55926554E+01
  4.78000  0.55928139E+01
  4.78500  0.55929708E+01
  4.79000  0.55931263E+01
  4.79500  0.55932802E+01
  4.80000  0.55934325E+01
  4.80500  0.55935832E+01
  4.81000  0.55937326E+01
  4.81500  0.55938805E+01
  4.82000  0.55940270E+01
  4.82500  0.55941720E+01
  4.83000  0.55943154E+01
  4.83500  0.55944576E+01
  4.84000  0.55945984E+01
  4.84500  0.55947376E+01
  4.85000  0.55948756E+01
  4.85500  0.55950123E+01
  4.86000  0.55951477E+01
  4.86500  0.55952815E+01
  4.87000  0.55954141E+01
  4.87500  0.55955455E+01
  4.88000  0.55956756E+01
  4.88500  0.55958043E+01
  4.89000  0.55959318E+01
  4.89500  0.55960579E+01
  4.90000  0.55961830E+01
  4.90500  0.55963068E+01
  4.91000  0.55964293E+01
  4.91500  0.55965508E+01
  4.92000  0.55966707E+01
  4.92500  0.55967896E+01
  4.93000  0.55969075E+01
  4.93500  0.55970240E+01
  4.94000  0.55971395E+01
  4.94500  0.55972540E+01
  4.95000  0.55973671E+01
  4.95500  0.55974791E+01
  4.96000  0.55975901E+01
  4.96500  0.55977000E+01
  4.97000  0.55978087E+01
  4.97500  0.55979165E+01
  4.98000  0.55980232E+01
  4.98500  0.55981289E+01
  4.99000  0.55982335E+01
  4.99500  0.55983371E+01
  5.00000  0.55984396E+01
  5.00500  0.55985411E+01
  5.01000  0.55986414E+01
  5.01500  0.55987409E+01
  5.02000  0.55988395E+01
  5.02500  0.55989369E+01
  5.03000  0.55990336E+01
  5.03500  0.55991294E+01
  5.04000  0.55992241E+01
  5.04500  0.55993179E+01
  5.05000  0.55994109E+01
  5.05500  0.55995028E+01
  5.06000  0.55995936E+01
  5.06500  0.55996838E+01
  5.07000  0.55997732E+01
  5.07500  0.55998616E+01
  5.08000  0.55999490E+01
  5.08500  0.56000355E+01
  5.09000  0.56001213E+01
  5.09500  0.56002063E+01
  5.10000  0.56002904E+01
  5.10500  0.56003737E+01
  5.11000  0.56004561E+01
  5.11500  0.56005377E+01
  5.12000  0.56006187E+01
  5.12500  0.56006987E+01
  5.13000  0.56007779E+01
  5.13500  0.56008564E+01
  5.14000  0.56009339E+01
  5.14500  0.56010107E+01
  5.15000  0.56010871E+01
  5.15500  0.56011627E+01
  5.16000  0.56012372E+01
  5.16500  0.56013111E+01
  5.17000  0.56013843E+01
  5.17500  0.56014566E+01
  5.18000  0.56015285E+01
  5.18500  0.56015997E+01
  5.19000  0.56016700E+01
  5.19500  0.56017395E+01
  5.20000  0.56018084E+01
  5.20500  0.56018768E+01
  5.21000  0.56019445E+01
  5.21500  0.56020114E+01
  5.22000  0.56020776E+01
  5.22500  0.56021432E+01
  5.23000  0.56022083E+01
  5.23500  0.56022726E+01
  5.24000  0.56023364E+01
  5.24500  0.56023995E+01
  5.25000  0.56024618E+01
  5.25500  0.56025236E+01
  5.26000  0.56025848E+01
  5.26500  0.56026455E+01
  5.27000  0.56027055E+01
  5.27500  0.56027649E+01
  5.28000  0.56028239E+01
  5.28500  0.56028822E+01
  5.29000  0.56029399E+01
  5.29500  0.56029970E+01
  5.30000  0.56030534E+01
  5.30500  0.56031094E+01
  5.31000  0.56031650E+01
  5.31500  0.56032199E+01
  5.32000  0.56032741E+01
  5.32500  0.56033280E+01
  5.33000  0.56033813E+01
  5.33500  0.56034340E+01
  5.34000  0.56034863E+01
  5.34500  0.56035380E+01
  5.35000  0.56035891E+01
  5.35500  0.56036399E+01
  5.36000  0.56036901E+01
  5.36500  0.56037399E+01
  5.37000  0.56037891E+01
  5.37500  0.56038378E+01
  5.38000  0.56038862E+01
  5.38500  0.56039340E+01
  5.39000  0.56039814E+01
  5.39500  0.56040281E+01
  5.40000  0.56040744E+01
  5.40500  0.56041202E+01
  5.41000  0.56041656E+01
  5.41500  0.56042106E+01
  5.42000  0.56042554E+01
  5.42500  0.56042994E+01
  5.43000  0.56043432E+01
  5.43500  0.56043866E+01
  5.44000  0.56044293E+01
  5.44500  0.56044717E+01
  5.45000  0.56045138E+01
  5.45500  0.56045554E+01
  5.46000  0.56045966E+01
  5.46500  0.56046374E+01
  5.47000  0.56046777E+01
  5.47500  0.56047176E+01
  5.48000  0.56047573E+01
  5.48500  0.56047964E+01
  5.49000  0.56048350E+01
  5.49500  0.56048734E+01
  5.50000  0.56049116E+01
  5.50500  0.56049493E+01
  5.51000  0.56049865E+01
  5.51500  0.56050232E+01
  5.52000  0.56050599E+01
  5.52500  0.56050962E+01
  5.53000  0.56051320E+01
  5.53500  0.56051675E+01
  5.54000  0.56052026E+01
  5.54500  0.56052373E+01
  5.55000  0.56052718E+01
  5.55500  0.56053060E+01
  5.56000  0.56053397E+01
  5.56500  0.56053730E+01
  5.57000  0.56054062E+01
  5.57500  0.56054389E+01
  5.58000  0.56054713E+01
  5.58500  0.56055036E+01
  5.59000  0.56055354E+01
  5.59500  0.56055668E+01
  5.60000  0.56055979E+01
  5.60500  0.56056287E+01
  5.61000  0.56056594E+01
  5.61500  0.56056897E+01
  5.62000  0.56057197E+01
  5.62500  0.56057495E+01
  5.63000  0.56057788E+01
  5.63500  0.56058078E+01
  5.64000  0.56058366E+01
  5.64500  0.56058650E+01
  5.65000  0.56058932E+01
  5.65500  0.56059211E+01
  5.66000  0.56059489E+01
  5.66500  0.56059763E+01
  5.67000  0.56060035E+01
  5.67500  0.56060304E+01
  5.68000  0.56060569E+01
  5.68500  0.56060831E+01
  5.69000  0.56061093E+01
  5.69500  0.56061351E+01
  5.70000  0.56061608E+01
  5.70500  0.56061861E+01
  5.71000  0.56062111E+01
  5.71500  0.56062360E+01
  5.72000  0.56062606E+01
  5.72500  0.56062848E+01
  5.73000  0.56063090E+01
  5.73500  0.56063328E+01
  5.74000  0.56063565E+01
  5.74500  0.56063798E+01
  5.75000  0.56064029E+01
  5.75500  0.56064258E+01
  5.76000  0.56064485E+01
  5.76500  0.56064710E+01
  5.77000  0.56064933E+01
  5.77500  0.56065153E+01
  5.78000  0.56065371E+01
  5.78500  0.56065587E+01
  5.79000  0.56065802E+01
  5.79500  0.56066013E+01
  5.80000  0.56066222E+01
  5.80500  0.56066430E+01
  5.81000  0.56066634E+01
  5.81500  0.56066837E+01
  5.82000  0.56067037E+01
  5.82500  0.56067237E+01
  5.83000  0.56067436E+01
  5.83500  0.56067634E+01
  5.84000  0.56067827E+01
  5.84500  0.56068017E+01
  5.85000  0.56068208E+01
  5.85500  0.56068395E+01
  5.86000  0.56068583E+01
  5.86500  0.56068765E+01
  5.87000  0.56068948E+01
  5.87500  0.56069130E+01
  5.88000  0.56069308E+01
  5.88500  0.56069485E+01
  5.89000  0.56069662E+01
  5.89500  0.56069835E+01
  5.90000  0.56070005E+01
  5.90500  0.56070175E+01
  5.91000  0.56070343E+01
  5.91500  0.56070510E+01
  5.92000  0.56070677E+01
  5.92500  0.56070839E+01
  5.93000  0.56071001E+01
  5.93500  0.56071161E+01
  5.94000  0.56071319E+01
  5.94500  0.56071476E+01
  5.95000  0.56071632E+01
  5.95500  0.56071785E+01
  5.96000  0.56071940E+01
  5.96500  0.56072091E+01
  5.97000  0.56072240E+01
  5.97500  0.56072387E+01
  5.98000  0.56072534E+01
  5.98500  0.56072681E+01
  5.99000  0.56072824E+01
  5.99500  0.56072966E+01
  6.00000  0.56073109E+01
  6.00500  0.56073247E+01
  6.01000  0.56073384E+01
  6.01500  0.56073522E+01
  6.02000  0.56073657E+01
  6.02500  0.56073792E+01
  6.03000  0.56073924E+01
  6.03500  0.56074054E+01
  6.04000  0.56074185E+01
  6.04500  0.56074315E+01
  6.05000  0.56074442E+01
  6.05500  0.56074567E+01
  6.06000  0.56074693E+01
  6.06500  0.56074817E+01
  6.07000  0.56074938E+01
  6.07500  0.56075060E+01
  6.08000  0.56075181E+01
  6.08500  0.56075298E+01
  6.09000  0.56075417E+01
  6.09500  0.56075535E+01
  6.10000  0.56075651E+01
  6.10500  0.56075764E+01
  6.11000  0.56075877E+01
  6.11500  0.56075990E+01
  6.12000  0.56076101E+01
  6.12500  0.56076210E+01
  6.13000  0.56076318E+01
  6.13500  0.56076428E+01
  6.14000  0.56076534E+01
  6.14500  0.56076638E+01
  6.15000  0.56076743E+01
  6.15500  0.56076848E+01
  6.16000  0.56076950E+01
  6.16500  0.56077052E+01
  6.17000  0.56077151E+01
  6.17500  0.56077251E+01
  6.18000  0.56077350E+01
  6.18500  0.56077447E+01
  6.19000  0.56077543E+01
  6.19500  0.56077638E+01
  6.20000  0.56077734E+01
  6.20500  0.56077828E+01
  6.21000  0.56077921E+01
  6.21500  0.56078013E+01
  6.22000  0.56078104E+01
  6.22500  0.56078194E+01
  6.23000  0.56078284E+01
  6.23500  0.56078371E+01
  6.24000  0.56078458E+01
  6.24500  0.56078545E+01
  6.25000  0.56078630E+01
  6.25500  0.56078716E+01
  6.26000  0.56078799E+01
  6.26500  0.56078882E+01
  6.27000  0.56078964E+01
  6.27500  0.56079046E+01
  6.28000  0.56079128E+01
  6.28500  0.56079208E+01
  6.29000  0.56079288E+01
  6.29500  0.56079365E+01
  6.30000  0.56079441E+01
  6.30500  0.56079520E+01
  6.31000  0.56079596E+01
  6.31500  0.56079671E+01
  6.32000  0.56079746E+01
  6.32500  0.56079820E+01
  6.33000  0.56079893E+01
  6.33500  0.56079966E+01
  6.34000  0.56080038E+01
  6.34500  0.56080108E+01
  6.35000  0.56080178E+01
  6.35500  0.56080248E+01
  6.36000  0.56080316E+01
  6.36500  0.56080386E+01
  6.37000  0.56080453E+01
  6.37500  0.56080519E+01
  6.38000  0.56080585E+01
  6.38500  0.56080651E+01
  6.39000  0.56080716E+01
  6.39500  0.56080780E+01
  6.40000  0.56080845E+01
  6.40500  0.56080908E+01
  6.41000  0.56080970E+01
  6.41500  0.56081031E+01
  6.42000  0.56081092E+01
  6.42500  0.56081153E+01
  6.43000  0.56081212E+01
  6.43500  0.56081272E+01
  6.44000  0.56081332E+01
  6.44500  0.56081389E+01
  6.45000  0.56081447E+01
  6.45500  0.56081505E+01
  6.46000  0.56081561E+01
  6.46500  0.56081618E+01
  6.47000  0.56081672E+01
  6.47500  0.56081727E+01
  6.48000  0.56081781E+01
  6.48500  0.56081834E+01
  6.49000  0.56081888E+01
  6.49500  0.56081940E+01
  6.50000  0.56081992E+01
  6.50500  0.56082044E+01
  6.51000  0.56082096E+01
  6.51500  0.56082148E+01
  6.52000  0.56082197E+01
  6.52500  0.56082246E+01
  6.53000  0.56082295E+01
  6.53500  0.56082344E+01
  6.54000  0.56082393E+01
  6.54500  0.56082440E+01
  6.55000  0.56082488E+01
  6.55500  0.56082535E+01
  6.56000  0.56082580E+01
  6.56500  0.56082626E+01
  6.57000  0.56082671E+01
  6.57500  0.56082716E+01
  6.58000  0.56082761E+01
  6.58500  0.56082806E+01
  6.59000  0.56082849E+01
  6.59500  0.56082892E+01
  6.60000  0.56082936E+01
  6.60500  0.56082977E+01
  6.61000  0.56083019E+01
  6.61500  0.56083061E+01
  6.62000  0.56083102E+01
  6.62500  0.56083140E+01
  6.63000  0.56083182E+01
  6.63500  0.56083223E+01
  6.64000  0.56083262E+01
  6.64500  0.56083299E+01
  6.65000  0.56083337E+01
  6.65500  0.56083376E+01
  6.66000  0.56083416E+01
  6.66500  0.56083454E+01
  6.67000  0.56083491E+01
  6.67500  0.56083527E+01
  6.68000  0.56083563E+01
  6.68500  0.56083599E+01
  6.69000  0.56083635E+01
  6.69500  0.56083672E+01
  6.70000  0.56083706E+01
  6.70500  0.56083740E+01
  6.71000  0.56083776E+01
  6.71500  0.56083808E+01
  6.72000  0.56083841E+01
  6.72500  0.56083876E+01
  6.73000  0.56083909E+01
  6.73500  0.56083942E+01
  6.74000  0.56083975E+01
  6.74500  0.56084007E+01
  6.75000  0.56084037E+01
  6.75500  0.56084070E+01
  6.76000  0.56084101E+01
  6.76500  0.56084131E+01
  6.77000  0.56084162E+01
  6.77500  0.56084193E+01
  6.78000  0.56084223E+01
  6.78500  0.56084252E+01
  6.79000  0.56084280E+01
  6.79500  0.56084310E+01
  6.80000  0.56084338E+01
  6.80500  0.56084366E+01
  6.81000  0.56084395E+01
  6.81500  0.56084423E+01
  6.82000  0.56084450E+01
  6.82500  0.56084478E+01
  6.83000  0.56084504E+01
  6.83500  0.56084532E+01
  6.84000  0.56084559E+01
  6.84500  0.56084585E+01
  6.85000  0.56084610E+01
  6.85500  0.56084637E+01
  6.86000  0.56084662E+01
  6.86500  0.56084686E+01
  6.87000  0.56084710E+01
  6.87500  0.56084737E+01
  6.88000  0.56084762E+01
  6.88500  0.56084786E+01
  6.89000  0.56084810E+01
  6.89500  0.56084834E+01
  6.90000  0.56084857E+01
  6.90500  0.56084879E+01
  6.91000  0.56084903E+01
  6.91500  0.56084927E+01
  6.92000  0.56084950E+01
  6.92500  0.56084972E+01
  6.93000  0.56084993E+01
  6.93500  0.56085016E+01
  6.94000  0.56085040E+01
  6.94500  0.56085059E+01
  6.95000  0.56085080E+01
  6.95500  0.56085102E+01
  6.96000  0.56085122E+01
  6.96500  0.56085143E+01
  6.97000  0.56085163E+01
  6.97500  0.56085182E+01
  6.98000  0.56085204E+01
  6.98500  0.56085225E+01
  6.99000  0.56085244E+01
  6.99500  0.56085261E+01
  7.00000  0.56085282E+01
  7.00500  0.56085302E+01
  7.01000  0.56085320E+01
  7.01500  0.56085339E+01
  7.02000  0.56085358E+01
  7.02500  0.56085378E+01
  7.03000  0.56085394E+01
  7.03500  0.56085411E+01
  7.04000  0.56085429E+01
  7.04500  0.56085448E+01
  7.05000  0.56085466E+01
  7.05500  0.56085483E+01
  7.06000  0.56085500E+01
  7.06500  0.56085517E+01
  7.07000  0.56085534E+01
  7.07500  0.56085551E+01
  7.08000  0.56085566E+01
  7.08500  0.56085584E+01
  7.09000  0.56085600E+01
  7.09500  0.56085615E+01
  7.10000  0.56085631E+01
  7.10500  0.56085646E+01
  7.11000  0.56085662E+01
  7.11500  0.56085678E+01
  7.12000  0.56085694E+01
  7.12500  0.56085708E+01
  7.13000  0.56085722E+01
  7.13500  0.56085737E+01
  7.14000  0.56085753E+01
  7.14500  0.56085767E+01
  7.15000  0.56085780E+01
  7.15500  0.56085796E+01
  7.16000  0.56085809E+01
  7.16500  0.56085823E+01
  7.17000  0.56085837E+01
  7.17500  0.56085852E+01
  7.18000  0.56085864E+01
  7.18500  0.56085878E+01
  7.19000  0.56085891E+01
  7.19500  0.56085904E+01
  7.20000  0.56085917E+01
  7.20500  0.56085929E+01
  7.21000  0.56085942E+01
  7.21500  0.56085956E+01
  7.22000  0.56085968E+01
  7.22500  0.56085980E+01
  7.23000  0.56085992E+01
  7.23500  0.56086004E+01
  7.24000  0.56086016E+01
  7.24500  0.56086028E+01
  7.25000  0.56086038E+01
  7.25500  0.56086051E+01
  7.26000  0.56086064E+01
  7.26500  0.56086076E+01
  7.27000  0.56086086E+01
  7.27500  0.56086097E+01
  7.28000  0.56086108E+01
  7.28500  0.56086120E+01
  7.29000  0.56086129E+01
  7.29500  0.56086140E+01
  7.30000  0.56086151E+01
  7.30500  0.56086162E+01
  7.31000  0.56086173E+01
  7.31500  0.56086183E+01
  7.32000  0.56086192E+01
  7.32500  0.56086202E+01
  7.33000  0.56086213E+01
  7.33500  0.56086223E+01
  7.34000  0.56086232E+01
  7.34500  0.56086243E+01
  7.35000  0.56086252E+01
  7.35500  0.56086264E+01
  7.36000  0.56086272E+01
  7.36500  0.56086280E+01
  7.37000  0.56086289E+01
  7.37500  0.56086300E+01
  7.38000  0.56086308E+01
  7.38500  0.56086316E+01
  7.39000  0.56086325E+01
  7.39500  0.56086335E+01
  7.40000  0.56086343E+01
  7.40500  0.56086351E+01
  7.41000  0.56086359E+01
  7.41500  0.56086368E+01
  7.42000  0.56086377E+01
  7.42500  0.56086386E+01
  7.43000  0.56086394E+01
  7.43500  0.56086402E+01
  7.44000  0.56086411E+01
  7.44500  0.56086419E+01
  7.45000  0.56086427E+01
  7.45500  0.56086434E+01
  7.46000  0.56086441E+01
  7.46500  0.56086449E+01
  7.47000  0.56086457E+01
  7.47500  0.56086465E+01
  7.48000  0.56086471E+01
  7.48500  0.56086479E+01
  7.49000  0.56086486E+01
  7.49500  0.56086493E+01
  7.50000  0.56086501E+01
  7.50500  0.56086509E+01
  7.51000  0.56086515E+01
  7.51500  0.56086520E+01
  7.52000  0.56086527E+01
  7.52500  0.56086535E+01
  7.53000  0.56086542E+01
  7.53500  0.56086548E+01
  7.54000  0.56086555E+01
  7.54500  0.56086562E+01
  7.55000  0.56086567E+01
  7.55500  0.56086574E+01
  7.56000  0.56086581E+01
  7.56500  0.56086586E+01
  7.57000  0.56086593E+01
  7.57500  0.56086600E+01
  7.58000  0.56086607E+01
  7.58500  0.56086613E+01
  7.59000  0.56086618E+01
  7.59500  0.56086624E+01
  7.60000  0.56086630E+01
  7.60500  0.56086636E+01
  7.61000  0.56086641E+01
  7.61500  0.56086646E+01
  7.62000  0.56086652E+01
  7.62500  0.56086659E+01
  7.63000  0.56086664E+01
  7.63500  0.56086669E+01
  7.64000  0.56086675E+01
  7.64500  0.56086680E+01
  7.65000  0.56086685E+01
  7.65500  0.56086690E+01
  7.66000  0.56086695E+01
  7.66500  0.56086700E+01
  7.67000  0.56086706E+01
  7.67500  0.56086710E+01
  7.68000  0.56086714E+01
  7.68500  0.56086720E+01
  7.69000  0.56086726E+01
  7.69500  0.56086730E+01
  7.70000  0.56086734E+01
  7.70500  0.56086740E+01
  7.71000  0.56086745E+01
  7.71500  0.56086749E+01
  7.72000  0.56086754E+01
  7.72500  0.56086759E+01
  7.73000  0.56086764E+01
  7.73500  0.56086768E+01
  7.74000  0.56086773E+01
  7.74500  0.56086777E+01
  7.75000  0.56086780E+01
  7.75500  0.56086785E+01
  7.76000  0.56086790E+01
  7.76500  0.56086793E+01
  7.77000  0.56086798E+01
  7.77500  0.56086801E+01
  7.78000  0.56086806E+01
  7.78500  0.56086811E+01
  7.79000  0.56086814E+01
  7.79500  0.56086817E+01
  7.80000  0.56086820E+01
  7.80500  0.56086825E+01
  7.81000  0.56086829E+01
  7.81500  0.56086834E+01
  7.82000  0.56086838E+01
  7.82500  0.56086841E+01
  7.83000  0.56086844E+01
  7.83500  0.56086848E+01
  7.84000  0.56086853E+01
  7.84500  0.56086857E+01
  7.85000  0.56086860E+01
  7.85500  0.56086863E+01
  7.86000  0.56086867E+01
  7.86500  0.56086871E+01
  7.87000  0.56086873E+01
  7.87500  0.56086876E+01
  7.88000  0.56086881E+01
  7.88500  0.56086884E+01
  7.89000  0.56086887E+01
  7.89500  0.56086891E+01
  7.90000  0.56086893E+01
  7.90500  0.56086896E+01
  7.91000  0.56086900E+01
  7.91500  0.56086903E+01
  7.92000  0.56086907E+01
  7.92500  0.56086909E+01
  7.93000  0.56086912E+01
  7.93500  0.56086915E+01
  7.94000  0.56086918E+01
  7.94500  0.56086920E+01
  7.95000  0.56086923E+01
  7.95500  0.56086927E+01
  7.96000  0.56086930E+01
  7.96500  0.56086933E+01
  7.97000  0.56086936E+01
  7.97500  0.56086939E+01
  7.98000  0.56086941E+01
  7.98500  0.56086942E+01
  7.99000  0.56086946E+01
  7.99500  0.56086949E+01
  8.00000  0.56086951E+01
  8.00500  0.56086955E+01
  8.01000  0.56086958E+01
  8.01500  0.56086959E+01
  8.02000  0.56086963E+01
  8.02500  0.56086965E+01
  8.03000  0.56086966E+01
  8.03500  0.56086969E+01
  8.04000  0.56086973E+01
  8.04500  0.56086975E+01
  8.05000  0.56086976E+01
  8.05500  0.56086979E+01
  8.06000  0.56086981E+01
  8.06500  0.56086982E+01
  8.07000  0.56086985E+01
  8.07500  0.56086988E+01
  8.08000  0.56086990E+01
  8.08500  0.56086991E+01
  8.09000  0.56086995E+01
  8.09500  0.56086997E+01
  8.10000  0.56086999E+01
  8.10500  0.56087003E+01
  8.11000  0.56087005E+01
  8.11500  0.56087005E+01
  8.12000  0.56087008E+01
  8.12500  0.56087010E+01
  8.13000  0.56087010E+01
  8.13500  0.56087012E+01
  8.14000  0.56087015E+01
  8.14500  0.56087016E+01
  8.15000  0.56087019E+01
  8.15500  0.56087020E+01
  8.16000  0.56087023E+01
  8.16500  0.56087027E+01
  8.17000  0.56087029E+01
  8.17500  0.56087029E+01
  8.18000  0.56087032E+01
  8.18500  0.56087034E+01
  8.19000  0.56087034E+01
  8.19500  0.56087037E+01
  8.20000  0.56087038E+01
  8.20500  0.56087039E+01
  8.21000  0.56087042E+01
  8.21500  0.56087045E+01
  8.22000  0.56087046E+01
  8.22500  0.56087048E+01
  8.23000  0.56087050E+01
  8.23500  0.56087050E+01
  8.24000  0.56087052E+01
  8.24500  0.56087055E+01
  8.25000  0.56087057E+01
  8.25500  0.56087059E+01
  8.26000  0.56087059E+01
  8.26500  0.56087060E+01
  8.27000  0.56087062E+01
  8.27500  0.56087064E+01
  8.28000  0.56087065E+01
  8.28500  0.56087067E+01
  8.29000  0.56087068E+01
  8.29500  0.56087070E+01
  8.30000  0.56087071E+01
  8.30500  0.56087073E+01
  8.31000  0.56087075E+01
  8.31500  0.56087075E+01
  8.32000  0.56087076E+01
  8.32500  0.56087078E+01
  8.33000  0.56087081E+01
  8.33500  0.56087081E+01
  8.34000  0.56087081E+01
  8.34500  0.56087084E+01
  8.35000  0.56087085E+01
  8.35500  0.56087085E+01
  8.36000  0.56087086E+01
  8.36500  0.56087088E+01
  8.37000  0.56087091E+01
  8.37500  0.56087091E+01
  8.38000  0.56087092E+01
  8.38500  0.56087093E+01
  8.39000  0.56087095E+01
  8.39500  0.56087097E+01
  8.40000  0.56087097E+01
  8.40500  0.56087098E+01
  8.41000  0.56087100E+01
  8.41500  0.56087102E+01
  8.42000  0.56087103E+01
  8.42500  0.56087103E+01
  8.43000  0.56087104E+01
  8.43500  0.56087105E+01
  8.44000  0.56087105E+01
  8.44500  0.56087107E+01
  8.45000  0.56087108E+01
  8.45500  0.56087110E+01
  8.46000  0.56087112E+01
  8.46500  0.56087112E+01
  8.47000  0.56087112E+01
  8.47500  0.56087113E+01
  8.48000  0.56087115E+01
  8.48500  0.56087117E+01
  8.49000  0.56087117E+01
  8.49500  0.56087118E+01
  8.50000  0.56087119E+01
  8.50500  0.56087120E+01
  8.51000  0.56087122E+01
  8.51500  0.56087122E+01
  8.52000  0.56087122E+01
  8.52500  0.56087124E+01
  8.53000  0.56087124E+01
  8.53500  0.56087124E+01
  8.54000  0.56087125E+01
  8.54500  0.56087127E+01
  8.55000  0.56087129E+01
  8.55500  0.56087129E+01
  8.56000  0.56087129E+01
  8.56500  0.56087130E+01
  8.57000  0.56087132E+01
  8.57500  0.56087133E+01
  8.58000  0.56087133E+01
  8.58500  0.56087134E+01
  8.59000  0.56087136E+01
  8.59500  0.56087136E+01
  8.60000  0.56087137E+01
  8.60500  0.56087138E+01
  8.61000  0.56087138E+01
  8.61500  0.56087138E+01
  8.62000  0.56087138E+01
  8.62500  0.56087140E+01
  8.63000  0.56087143E+01
  8.63500  0.56087143E+01
  8.64000  0.56087143E+01
  8.64500  0.56087144E+01
  8.65000  0.56087144E+01
  8.65500  0.56087144E+01
  8.66000  0.56087146E+01
  8.66500  0.56087147E+01
  8.67000  0.56087147E+01
  8.67500  0.56087148E+01
  8.68000  0.56087148E+01
  8.68500  0.56087148E+01
  8.69000  0.56087148E+01
  8.69500  0.56087149E+01
  8.70000  0.56087151E+01
  8.70500  0.56087153E+01
  8.71000  0.56087153E+01
  8.71500  0.56087153E+01
  8.72000  0.56087153E+01
  8.72500  0.56087154E+01
  8.73000  0.56087154E+01
  8.73500  0.56087154E+01
  8.74000  0.56087154E+01
  8.74500  0.56087156E+01
  8.75000  0.56087158E+01
  8.75500  0.56087158E+01
  8.76000  0.56087158E+01
  8.76500  0.56087159E+01
  8.77000  0.56087159E+01
  8.77500  0.56087160E+01
  8.78000  0.56087160E+01
  8.78500  0.56087161E+01
  8.79000  0.56087162E+01
  8.79500  0.56087162E+01
  8.80000  0.56087162E+01
  8.80500  0.56087163E+01
  8.81000  0.56087163E+01
  8.81500  0.56087164E+01
  8.82000  0.56087164E+01
  8.82500  0.56087164E+01
  8.83000  0.56087165E+01
  8.83500  0.56087166E+01
  8.84000  0.56087167E+01
  8.84500  0.56087167E+01
  8.85000  0.56087168E+01
  8.85500  0.56087169E+01
  8.86000  0.56087169E+01
  8.86500  0.56087169E+01
  8.87000  0.56087170E+01
  8.87500  0.56087170E+01
  8.88000  0.56087170E+01
  8.88500  0.56087171E+01
  8.89000  0.56087172E+01
  8.89500  0.56087172E+01
  8.90000  0.56087172E+01
  8.90500  0.56087173E+01
  8.91000  0.56087173E+01
  8.91500  0.56087174E+01
  8.92000  0.56087174E+01
  8.92500  0.56087174E+01
  8.93000  0.56087174E+01
  8.93500  0.56087175E+01
  8.94000  0.56087175E+01
  8.94500  0.56087176E+01
  8.95000  0.56087177E+01
  8.95500  0.56087177E+01
  8.96000  0.56087177E+01
  8.96500  0.56087178E+01
  8.97000  0.56087178E+01
  8.97500  0.56087179E+01
  8.98000  0.56087179E+01
  8.98500  0.56087179E+01
  8.99000  0.56087180E+01
  8.99500  0.56087180E+01
  9.00000  0.56087180E+01
  9.00500  0.56087181E+01
  9.01000  0.56087182E+01
  9.01500  0.56087182E+01
  9.02000  0.56087182E+01
  9.02500  0.56087183E+01
  9.03000  0.56087183E+01
  9.03500  0.56087183E+01
  9.04000  0.56087183E+01
  9.04500  0.56087184E+01
  9.05000  0.56087184E+01
  9.05500  0.56087184E+01
  9.06000  0.56087185E+01
  9.06500  0.56087185E+01
  9.07000  0.56087185E+01
  9.07500  0.56087185E+01
  9.08000  0.56087185E+01
  9.08500  0.56087185E+01
  9.09000  0.56087186E+01
  9.09500  0.56087186E+01
  9.10000  0.56087187E+01
  9.10500  0.56087188E+01
  9.11000  0.56087188E+01
  9.11500  0.56087188E+01
  9.12000  0.56087188E+01
  9.12500  0.56087189E+01
  9.13000  0.56087189E+01
  9.13500  0.56087189E+01
  9.14000  0.56087189E+01
  9.14500  0.56087190E+01
  9.15000  0.56087190E+01
  9.15500  0.56087190E+01
  9.16000  0.56087190E+01
  9.16500  0.56087190E+01
  9.17000  0.56087191E+01
  9.17500  0.56087191E+01
  9.18000  0.56087191E+01
  9.18500  0.56087191E+01
  9.19000  0.56087191E+01
  9.19500  0.56087192E+01
  9.20000  0.56087193E+01
  9.20500  0.56087193E+01
  9.21000  0.56087193E+01
  9.21500  0.56087193E+01
  9.22000  0.56087193E+01
  9.22500  0.56087193E+01
  9.23000  0.56087194E+01
  9.23500  0.56087194E+01
  9.24000  0.56087194E+01
  9.24500  0.56087195E+01
  9.25000  0.56087195E+01
  9.25500  0.56087195E+01
  9.26000  0.56087195E+01
  9.26500  0.56087195E+01
  9.27000  0.56087195E+01
  9.27500  0.56087195E+01
  9.28000  0.56087196E+01
  9.28500  0.56087196E+01
  9.29000  0.56087196E+01
  9.29500  0.56087196E+01
  9.30000  0.56087196E+01
  9.30500  0.56087197E+01
  9.31000  0.56087198E+01
  9.31500  0.56087198E+01
  9.32000  0.56087198E+01
  9.32500  0.56087198E+01
  9.33000  0.56087198E+01
  9.33500  0.56087198E+01
  9.34000  0.56087199E+01
  9.34500  0.56087199E+01
  9.35000  0.56087199E+01
  9.35500  0.56087199E+01
  9.36000  0.56087199E+01
  9.36500  0.56087199E+01
  9.37000  0.56087199E+01
  9.37500  0.56087200E+01
  9.38000  0.56087200E+01
  9.38500  0.56087200E+01
  9.39000  0.56087200E+01
  9.39500  0.56087200E+01
  9.40000  0.56087200E+01
  9.40500  0.56087200E+01
  9.41000  0.56087201E+01
  9.41500  0.56087201E+01
  9.42000  0.56087201E+01
  9.42500  0.56087201E+01
  9.43000  0.56087201E+01
  9.43500  0.56087201E+01
  9.44000  0.56087201E+01
  9.44500  0.56087201E+01
  9.45000  0.56087201E+01
9.455 5.6087202
9.46 5.6087203
9.465 5.6087203
9.47 5.6087203
9.475 5.6087203
9.48 5.6087203
9.485 5.6087203
9.49 5.6087203
9.495 5.6087203
9.5 5.6087204
9.505 5.6087204
9.51 5.6087204
9.515 5.6087204
9.52 5.6087204
9.525 5.6087204
9.53 5.6087204
9.535 5.6087204
9.54 5.6087205
9.545 5.6087205
9.55 5.6087205
9.555 5.6087205
9.56 5.6087205
9.565 5.6087205
9.57 5.6087205
9.575 5.6087205
9.58 5.6087205
9.585 5.6087205
9.59 5.6087205
9.595 5.6087206
9.6 5.6087206
9.605 5.6087206
9.61 5.6087206
9.615 5.6087206
9.62 5.6087206
9.625 5.6087206
9.63 5.6087206
9.635 5.6087206
9.64 5.6087206
9.645 5.6087206
9.65 5.6087206
9.655 5.6087207
9.66 5.6087208
9.665 5.6087208
9.67 5.6087208
9.675 5.6087208
9.68 5.6087208
9.685 5.6087208
9.69 5.6087208
9.695 5.6087208
9.7 5.6087208
9.705 5.6087208
9.71 5.6087208
9.715 5.6087208
9.72 5.6087208
9.725 5.6087208
9.73 5.6087209
9.735 5.6087209
9.74 5.6087209
9.745 5.6087209
9.75 5.6087209
9.755 5.6087209
9.76 5.6087209
9.765 5.6087209
9.77 5.6087209
9.775 5.6087209
9.78 5.6087209
9.785 5.6087209
9.79 5.6087209
9.795 5.6087209
9.8 5.6087209
9.805 5.6087209
9.81 5.6087209
9.815 5.608721
9.82 5.608721
9.825 5.608721
9.83 5.608721
9.835 5.608721
9.84 5.608721
9.845 5.608721
9.85 5.608721
9.855 5.608721
9.86 5.608721
9.865 5.608721
9.87 5.6087225
9.875 5.608724
9.88 5.6087255
9.885 5.608727
9.89 5.6087285
9.895 5.60873
9.9 5.6087315
9.905 5.608733
9.91 5.6087345
9.915 5.608736
9.92 5.6087375
9.925 5.608739
9.93 5.6087405
9.935 5.608743
9.94 5.6087445
9.945 5.608746
9.95 5.6087475
9.955 5.608749
9.96 5.6087491
9.965 5.6087492
9.97 5.6087493
9.975 5.6087494
9.98 5.6087495
9.985 5.6087496
9.99 5.6087497
9.995 5.60875
10 5.6087504

