# 2.25000000(Re)  0.60794434(De)  3.87718071(Te)  0.95305066(beta) Bpp3P1.dat
 0.00000  5.998952806253083e+03
 0.00500  5.878645423515295e+03
 0.01000  5.758338040777507e+03
 0.01500  5.640482114839171e+03
 0.02000  5.525027819711310e+03
 0.02500  5.411926340839523e+03
 0.03000  5.301129854585580e+03
 0.03500  5.192591508125086e+03
 0.04000  5.086265399752859e+03
 0.04500  4.982106559587685e+03
 0.05000  4.880070930668401e+03
 0.05500  4.780115350433362e+03
 0.06000  4.682197532575484e+03
 0.06500  4.586276049265312e+03
 0.07000  4.492310313734563e+03
 0.07500  4.400260563212945e+03
 0.08000  4.310087842210984e+03
 0.08500  4.221753986141895e+03
 0.09000  4.135221605275628e+03
 0.09500  4.050454069018326e+03
 0.10000  3.967415490510616e+03
 0.10500  3.886070711538263e+03
 0.11000  3.806385287748852e+03
 0.11500  3.728325474168290e+03
 0.12000  3.651858211011060e+03
 0.12500  3.576951109778229e+03
 0.13000  3.503572439637475e+03
 0.13500  3.431691114079282e+03
 0.14000  3.361276677843794e+03
 0.14500  3.292299294112815e+03
 0.15000  3.224729731961578e+03
 0.15500  3.158539354065013e+03
 0.16000  3.093700104653347e+03
 0.16500  3.030184497712007e+03
 0.17000  2.967965605420835e+03
 0.17500  2.907017046827796e+03
 0.18000  2.847312976752381e+03
 0.18500  2.788828074914130e+03
 0.19000  2.731537535281589e+03
 0.19500  2.675417055637351e+03
 0.20000  2.620442827354708e+03
 0.20500  2.566591525381681e+03
 0.21000  2.513840298428198e+03
 0.21500  2.462166759352303e+03
 0.22000  2.411548975741360e+03
 0.22500  2.361965460684306e+03
 0.23000  2.313395163731054e+03
 0.23500  2.265817462035302e+03
 0.24000  2.219212151676965e+03
 0.24500  2.173559439160634e+03
 0.25000  2.128839933086470e+03
 0.25500  2.085034635990052e+03
 0.26000  2.042124936347736e+03
 0.26500  2.000092600744178e+03
 0.27000  1.958919766198734e+03
 0.27500  1.918588932647513e+03
 0.28000  1.879082955577923e+03
 0.28500  1.840385038812624e+03
 0.29000  1.802478727439840e+03
 0.29500  1.765347900887110e+03
 0.30000  1.728976766135501e+03
 0.30500  1.693349851071487e+03
 0.31000  1.658451997973682e+03
 0.31500  1.624268357131694e+03
 0.32000  1.590784380594424e+03
 0.32500  1.557985816045175e+03
 0.33000  1.525858700801019e+03
 0.33500  1.494389355933885e+03
 0.34000  1.463564380510894e+03
 0.34500  1.433370645951554e+03
 0.35000  1.403795290499407e+03
 0.35500  1.374825713805829e+03
 0.36000  1.346449571623711e+03
 0.36500  1.318654770608779e+03
 0.37000  1.291429463226377e+03
 0.37500  1.264762042761574e+03
 0.38000  1.238641138430502e+03
 0.38500  1.213055610590868e+03
 0.39000  1.187994546049630e+03
 0.39500  1.163447253465866e+03
 0.40000  1.139403258846911e+03
 0.40500  1.115852301135857e+03
 0.41000  1.092784327888576e+03
 0.41500  1.070189491038455e+03
 0.42000  1.048058142747038e+03
 0.42500  1.026380831338868e+03
 0.43000  1.005148297318783e+03
 0.43500  9.843514694700385e+02
 0.44000  9.639814610315753e+02
 0.44500  9.440295659528491e+02
 0.45000  9.244872552246477e+02
 0.45500  9.053461732843526e+02
 0.46000  8.865981344941266e+02
 0.46500  8.682351196905691e+02
 0.47000  8.502492728043654e+02
 0.47500  8.326328975485262e+02
 0.48000  8.153784541738244e+02
 0.48500  7.984785562900560e+02
 0.49000  7.819259677518081e+02
 0.49500  7.657135996074080e+02
 0.50000  7.498345071097799e+02
 0.50500  7.342818867879563e+02
 0.51000  7.190490735780090e+02
 0.51500  7.041295380121933e+02
 0.52000  6.895168834651332e+02
 0.52500  6.752048434558819e+02
 0.53000  6.611872790047253e+02
 0.53500  6.474581760436255e+02
 0.54000  6.340116428792062e+02
 0.54500  6.208419077072213e+02
 0.55000  6.079433161774633e+02
 0.55500  5.953103290080805e+02
 0.56000  5.829375196483080e+02
 0.56500  5.708195719886309e+02
 0.57000  5.589512781174113e+02
 0.57500  5.473275361230419e+02
 0.58000  5.359433479407037e+02
 0.58500  5.247938172428179e+02
 0.59000  5.138741473723080e+02
 0.59500  5.031796393178087e+02
 0.60000  4.927056897299619e+02
 0.60500  4.824477889779729e+02
 0.61000  4.724015192456078e+02
 0.61500  4.625625526658331e+02
 0.62000  4.529266494933108e+02
 0.62500  4.434896563139877e+02
 0.63000  4.342475042910167e+02
 0.63500  4.251962074462828e+02
 0.64000  4.163318609768047e+02
 0.64500  4.076506396053093e+02
 0.65000  3.991487959642803e+02
 0.65500  3.908226590128106e+02
 0.66000  3.826686324855822e+02
 0.66500  3.746831933733318e+02
 0.67000  3.668628904341560e+02
 0.67500  3.592043427350363e+02
 0.68000  3.517042382229646e+02
 0.68500  3.443593323250770e+02
 0.69000  3.371664465771990e+02
 0.69500  3.301224672802300e+02
 0.70000  3.232243441838039e+02
 0.70500  3.164690891966677e+02
 0.71000  3.098537751232406e+02
 0.71500  3.033755344258201e+02
 0.72000  2.970315580119159e+02
 0.72500  2.908190940461989e+02
 0.73000  2.847354467865728e+02
 0.73500  2.787779754438704e+02
 0.74000  2.729440930647006e+02
 0.74500  2.672312654369763e+02
 0.75000  2.616370100176613e+02
 0.75500  2.561588948822853e+02
 0.76000  2.507945376957866e+02
 0.76500  2.455416047042511e+02
 0.77000  2.403978097471193e+02
 0.77500  2.353609132894500e+02
 0.78000  2.304287214738330e+02
 0.78500  2.255990851915502e+02
 0.79000  2.208698991725967e+02
 0.79500  2.162391010941793e+02
 0.80000  2.117046707073158e+02
 0.80500  2.072646289811683e+02
 0.81000  2.029170372647528e+02
 0.81500  1.986599964656699e+02
 0.82000  1.944916462455113e+02
 0.82500  1.904101642316075e+02
 0.83000  1.864137652447798e+02
 0.83500  1.825007005427754e+02
 0.84000  1.786692570790664e+02
 0.84500  1.749177567767008e+02
 0.85000  1.712445558169009e+02
 0.85500  1.676480439421080e+02
 0.86000  1.641266437731831e+02
 0.86500  1.606788101404726e+02
 0.87000  1.573030294284624e+02
 0.87500  1.539978189337399e+02
 0.88000  1.507617262359970e+02
 0.88500  1.475933285818087e+02
 0.89000  1.444912322809276e+02
 0.89500  1.414540721148394e+02
 0.90000  1.384805107573347e+02
 0.90500  1.355692382068473e+02
 0.91000  1.327189712303248e+02
 0.91500  1.299284528183957e+02
 0.92000  1.271964516516042e+02
 0.92500  1.245217615774867e+02
 0.93000  1.219032010982733e+02
 0.93500  1.193396128689944e+02
 0.94000  1.168298632057846e+02
 0.94500  1.143728416041755e+02
 0.95000  1.119674602671746e+02
 0.95500  1.096126536429322e+02
 0.96000  1.073073779718020e+02
 0.96500  1.050506108426033e+02
 0.97000  1.028413507578995e+02
 0.97500  1.006786167081100e+02
 0.98000  9.856144775427430e+01
 0.98500  9.648890261929533e+01
 0.99000  9.446005928748782e+01
 0.99500  9.247401461226440e+01
 1.00000  9.052988393179319e+01
 1.00500  8.862680069246652e+01
 1.01000  8.676391608002102e+01
 1.01500  8.494039865815340e+01
 1.02000  8.315543401448201e+01
 1.02500  8.140822441370253e+01
 1.03000  7.969798845779282e+01
 1.03500  7.802396075312470e+01
 1.04000  7.638539158434062e+01
 1.04500  7.478154659485946e+01
 1.05000  7.321170647387592e+01
 1.05500  7.167516664972287e+01
 1.06000  7.017123698946541e+01
 1.06500  6.869924150460267e+01
 1.07000  6.725851806275143e+01
 1.07500  6.584841810519093e+01
 1.08000  6.446830637014962e+01
 1.08500  6.311756062171817e+01
 1.09000  6.179557138427239e+01
 1.09500  6.050174168229698e+01
 1.10000  5.923548678549815e+01
 1.10500  5.799623395909905e+01
 1.11000  5.678342221921201e+01
 1.11500  5.559650209318557e+01
 1.12000  5.443493538482356e+01
 1.12500  5.329819494437937e+01
 1.13000  5.218576444322680e+01
 1.13500  5.109713815311346e+01
 1.14000  5.003182072990299e+01
 1.14500  4.898932700171617e+01
 1.15000  4.796918176137962e+01
 1.15500  4.697091956309680e+01
 1.16000  4.599408452325405e+01
 1.16500  4.503823012527813e+01
 1.17000  4.410291902846338e+01
 1.17500  4.318772288068737e+01
 1.18000  4.229222213493619e+01
 1.18500  4.141600586956219e+01
 1.19000  4.055867161219857e+01
 1.19500  3.971982516725551e+01
 1.20000  3.889908044692669e+01
 1.20500  3.809605930563348e+01
 1.21000  3.731039137783797e+01
 1.21500  3.654171391915554e+01
 1.22000  3.578967165070119e+01
 1.22500  3.505391660660221e+01
 1.23000  3.433410798461483e+01
 1.23500  3.362991199978023e+01
 1.24000  3.294100174105892e+01
 1.24500  3.226705703088291e+01
 1.25000  3.160776428756653e+01
 1.25500  3.096281639051711e+01
 1.26000  3.033191254818983e+01
 1.26500  2.971475816872992e+01
 1.27000  2.911106473324821e+01
 1.27500  2.852054967167624e+01
 1.28000  2.794293624114901e+01
 1.28500  2.737795340686316e+01
 1.29000  2.682533572536119e+01
 1.29500  2.628482323019191e+01
 1.30000  2.575616131989893e+01
 1.30500  2.523910064829003e+01
 1.31000  2.473339701694082e+01
 1.31500  2.423881126988766e+01
 1.32000  2.375510919046489e+01
 1.32500  2.328206140024329e+01
 1.33000  2.281944326002661e+01
 1.33500  2.236703477286483e+01
 1.34000  2.192462048904254e+01
 1.34500  2.149198941300316e+01
 1.35000  2.106893491216869e+01
 1.35500  2.065525462761734e+01
 1.36000  2.025075038658060e+01
 1.36500  1.985522811672335e+01
 1.37000  1.946849776217021e+01
 1.37500  1.909037320124317e+01
 1.38000  1.872067216587531e+01
 1.38500  1.835921616266678e+01
 1.39000  1.800583039554951e+01
 1.39500  1.766034369002818e+01
 1.40000  1.732258841896503e+01
 1.40500  1.699240042987757e+01
 1.41000  1.666961897371807e+01
 1.41500  1.635408663510489e+01
 1.42000  1.604564926397620e+01
 1.42500  1.574415590863688e+01
 1.43000  1.544945875017068e+01
 1.43500  1.516141303818952e+01
 1.44000  1.487987702789298e+01
 1.44500  1.460471191841118e+01
 1.45000  1.433578179240522e+01
 1.45500  1.407295355689912e+01
 1.46000  1.381609688531883e+01
 1.46500  1.356508416071324e+01
 1.47000  1.331979042013355e+01
 1.47500  1.308009330014705e+01
 1.48000  1.284587298346271e+01
 1.48500  1.261701214664544e+01
 1.49000  1.239339590889747e+01
 1.49500  1.217491178188447e+01
 1.50000  1.196144962058588e+01
 1.50500  1.175290157514799e+01
 1.51000  1.154916204371978e+01
 1.51500  1.135012762625134e+01
 1.52000  1.115569707923540e+01
 1.52500  1.096577127137261e+01
 1.53000  1.078025314014208e+01
 1.53500  1.059904764925838e+01
 1.54000  1.042206174699730e+01
 1.54500  1.024920432537250e+01
 1.55000  1.008038618014581e+01
 1.55500  9.915519971654243e+00
 1.56000  9.754520186436945e+00
 1.56500  9.597303099646117e+00
 1.57000  9.443786738225525e+00
 1.57500  9.293890844841462e+00
 1.58000  9.147536842550389e+00
 1.58500  9.004647800188623e+00
 1.59000  8.865148398469135e+00
 1.59500  8.728964896771251e+00
 1.60000  8.596025100608935e+00
 1.60500  8.466258329764129e+00
 1.61000  8.339595387071288e+00
 1.61500  8.215968527840161e+00
 1.62000  8.095311429903560e+00
 1.62500  7.977559164277627e+00
 1.63000  7.862648166421906e+00
 1.63500  7.750516208087222e+00
 1.64000  7.641102369739214e+00
 1.64500  7.534347013545936e+00
 1.65000  7.430191756917954e+00
 1.65500  7.328579446589755e+00
 1.66000  7.229454133231344e+00
 1.66500  7.132761046579394e+00
 1.67000  7.038446571077178e+00
 1.67500  6.946458222013061e+00
 1.68000  6.856744622147357e+00
 1.68500  6.769255478817557e+00
 1.69000  6.683941561512259e+00
 1.69500  6.600754679904183e+00
 1.70000  6.519647662332989e+00
 1.70500  6.440574334728641e+00
 1.71000  6.363489499966458e+00
 1.71500  6.288348917644932e+00
 1.72000  6.215109284277808e+00
 1.72500  6.143728213891896e+00
 1.73000  6.074164219022434e+00
 1.73500  6.006376692097785e+00
 1.74000  5.940325887205674e+00
 1.74500  5.875972902233054e+00
 1.75000  5.813279661372094e+00
 1.75500  5.752208897984725e+00
 1.76000  5.692724137818552e+00
 1.76500  5.634789682566832e+00
 1.77000  5.578370593765642e+00
 1.77500  5.523432677021246e+00
 1.78000  5.469942466561004e+00
 1.78500  5.417867210101187e+00
 1.79000  5.367174854025257e+00
 1.79500  5.317834028866251e+00
 1.80000  5.269814035087116e+00
 1.80500  5.223084829152857e+00
 1.81000  5.177617009888600e+00
 1.81500  5.133381805117705e+00
 1.82000  5.090351058574216e+00
 1.82500  5.048497217084083e+00
 1.83000  5.007793318009625e+00
 1.83500  4.968212976951904e+00
 1.84000  4.929730375705719e+00
 1.84500  4.892320250462090e+00
 1.85000  4.855957880253143e+00
 1.85500  4.820619075634507e+00
 1.86000  4.786280167600300e+00
 1.86500  4.752917996726040e+00
 1.87000  4.720509902534738e+00
 1.87500  4.689033713081717e+00
 1.88000  4.658467734753581e+00
 1.88500  4.628790742277067e+00
 1.89000  4.599981968933410e+00
 1.89500  4.572021096974083e+00
 1.90000  4.544888248233759e+00
 1.90500  4.518563974936496e+00
 1.91000  4.493029250691170e+00
 1.91500  4.468265461672322e+00
 1.92000  4.444254397982605e+00
 1.92500  4.420978245193127e+00
 1.93000  4.398419576058071e+00
 1.93500  4.376561342399999e+00
 1.94000  4.355386867162389e+00
 1.94500  4.334879836625960e+00
 1.95000  4.315024292785440e+00
 1.95500  4.295804625883513e+00
 1.96000  4.277013032354362e+00
 1.96500  4.258835666869402e+00
 1.97000  4.246806470536173e+00
 1.97500  4.235832595763086e+00
 1.98000  4.223146248958289e+00
 1.98500  4.207257768318060e+00
 1.99000  4.192981116409103e+00
 1.99500  4.181762655807781e+00
 2.00000  4.170997647260111e+00
 2.00500  4.158855142666101e+00
 2.01000  4.143040694754553e+00
 2.01500  4.126313494903299e+00
 2.02000  4.112350124636750e+00
 2.02500  4.100334361122976e+00
 2.03000  4.089429055147223e+00
 2.03500  4.079229243345668e+00
 2.04000  4.069426580518157e+00
 2.04500  4.059812999064911e+00
 2.05000  4.050269632935332e+00
 2.05500  4.040794607674027e+00
 2.06000  4.031532951472029e+00
 2.06500  4.022605572918061e+00
 2.07000  4.014081417311473e+00
 2.07500  4.005971413828452e+00
 2.08000  3.998228819839361e+00
 2.08500  3.990815631747965e+00
 2.09000  3.983703908012600e+00
 2.09500  3.976873053506261e+00
 2.10000  3.970309311275824e+00
 2.10500  3.964007318195191e+00
 2.11000  3.957962765947841e+00
 2.11500  3.952171148827809e+00
 2.12000  3.946627770110202e+00
 2.12500  3.941327856351172e+00
 2.13000  3.936266722262205e+00
 2.13500  3.931439509531754e+00
 2.14000  3.926841269542147e+00
 2.14500  3.922467537142145e+00
 2.15000  3.918314309314599e+00
 2.15500  3.914377965272795e+00
 2.16000  3.910655201315504e+00
 2.16500  3.907142980612009e+00
 2.17000  3.903838484806982e+00
 2.17500  3.900739091772099e+00
 2.18000  3.897842287418802e+00
 2.18500  3.895145682129204e+00
 2.19000  3.892647211418044e+00
 2.19500  3.890344411659212e+00
 2.20000  3.888234458173039e+00
 2.20500  3.886316385004345e+00
 2.21000  3.884590210971431e+00
 2.21500  3.883051696097851e+00
 2.22000  3.881692740813954e+00
 2.22500  3.880505814624041e+00
 2.23000  3.879489692977589e+00
 2.23500  3.878646695168775e+00
 2.24000  3.877979224751589e+00
 2.24500  3.877489731587123e+00
 2.25000  3.877180712195966e+00
 2.25500  3.877053361290693e+00
 2.26000  3.877103524964701e+00
 2.26500  3.877325744491444e+00
 2.27000  3.877714601867155e+00
 2.27500  3.878264716636494e+00
 2.28000  3.878970742797311e+00
 2.28500  3.879827365783064e+00
 2.29000  3.880829299521472e+00
 2.29500  3.881971434359688e+00
 2.30000  3.883251639077585e+00
 2.30500  3.884670504368395e+00
 2.31000  3.886228661707974e+00
 2.31500  3.887924320449345e+00
 2.32000  3.889752986816687e+00
 2.32500  3.891710395148468e+00
 2.33000  3.893793479778393e+00
 2.33500  3.895999313404508e+00
 2.34000  3.898324501409881e+00
 2.34500  3.900765581633585e+00
 2.35000  3.903319189109202e+00
 2.35500  3.905981917117274e+00
 2.36000  3.908750301021820e+00
 2.36500  3.911620865964973e+00
 2.37000  3.914590120993527e+00
 2.37500  3.917654557859061e+00
 2.38000  3.920810659953326e+00
 2.38500  3.924054906729742e+00
 2.39000  3.927383777773797e+00
 2.39500  3.930793755004262e+00
 2.40000  3.934281328264583e+00
 2.40500  3.937843002594953e+00
 2.41000  3.941475252911366e+00
 2.41500  3.945174500908751e+00
 2.42000  3.948937315259130e+00
 2.42500  3.952760424377400e+00
 2.43000  3.956640636326024e+00
 2.43500  3.960574877735020e+00
 2.44000  3.964560203948686e+00
 2.44500  3.968593759496673e+00
 2.45000  3.972672791668129e+00
 2.45500  3.976794605422131e+00
 2.46000  3.980956861830556e+00
 2.46500  3.985157947580831e+00
 2.47000  3.989396030240390e+00
 2.47500  3.993668572995635e+00
 2.48000  3.997972714592496e+00
 2.48500  4.002305569934623e+00
 2.49000  4.006664245300022e+00
 2.49500  4.011045589777550e+00
 2.50000  4.015446332340991e+00
 2.50500  4.019862138930127e+00
 2.51000  4.024285170091360e+00
 2.51500  4.028709946964643e+00
 2.52000  4.033133167056695e+00
 2.52500  4.037554485915179e+00
 2.53000  4.041974462507604e+00
 2.53500  4.046393696016858e+00
 2.54000  4.050812981350632e+00
 2.54500  4.055233264810948e+00
 2.55000  4.059662865435946e+00
 2.55500  4.064116709141416e+00
 2.56000  4.068601241973909e+00
 2.56500  4.073122673887263e+00
 2.57000  4.077681237813702e+00
 2.57500  4.082274228003833e+00
 2.58000  4.086898545600404e+00
 2.58500  4.091550771910169e+00
 2.59000  4.096225223883864e+00
 2.59500  4.100913776882749e+00
 2.60000  4.105610834711810e+00
 2.60500  4.110308353657286e+00
 2.61000  4.114999630982113e+00
 2.61500  4.119680645726238e+00
 2.62000  4.124347602749230e+00
 2.62500  4.128996041377396e+00
 2.63000  4.133590051233089e+00
 2.63500  4.138087707354896e+00
 2.64000  4.142481424549534e+00
 2.64500  4.146764220745816e+00
 2.65000  4.150933112990680e+00
 2.65500  4.154995099483924e+00
 2.66000  4.158961053508386e+00
 2.66500  4.162838463624487e+00
 2.67000  4.166653132500708e+00
 2.67500  4.170484547521166e+00
 2.68000  4.174362156453323e+00
 2.68500  4.178310410128899e+00
 2.69000  4.182357913852195e+00
 2.69500  4.186540738217459e+00
 2.70000  4.190883616592259e+00
 2.70500  4.195393092974511e+00
 2.71000  4.200040772366513e+00
 2.71500  4.204640897785079e+00
 2.72000  4.209126898309923e+00
 2.72500  4.213471071495378e+00
 2.73000  4.217654929777301e+00
 2.73500  4.221666459293025e+00
 2.74000  4.225511785510934e+00
 2.74500  4.229216171694490e+00
 2.75000  4.232823787975547e+00
 2.75500  4.236428552616518e+00
 2.76000  4.240054150447641e+00
 2.76500  4.243714112677064e+00
 2.77000  4.247423150273222e+00
 2.77500  4.251198560264623e+00
 2.78000  4.255060886661980e+00
 2.78500  4.259022926885924e+00
 2.79000  4.263043924711003e+00
 2.79500  4.266933903782026e+00
 2.80000  4.270620796327674e+00
 2.80500  4.274107170802573e+00
 2.81000  4.277403899373821e+00
 2.81500  4.280521447380202e+00
 2.82000  4.283470108033784e+00
 2.82500  4.286259643059105e+00
 2.83000  4.288899595986384e+00
 2.83500  4.291406411512398e+00
 2.84000  4.293820998857710e+00
 2.84500  4.296183357219013e+00
 2.85000  4.298505572385143e+00
 2.85500  4.300796503336655e+00
 2.86000  4.303064666301362e+00
 2.86500  4.305318593479590e+00
 2.87000  4.307565181392022e+00
 2.87500  4.309809671328519e+00
 2.88000  4.312056559803598e+00
 2.88500  4.314311304602150e+00
 2.89000  4.316579217745999e+00
 2.89500  4.318810736241971e+00
 2.90000  4.321008935247315e+00
 2.90500  4.323174368431680e+00
 2.91000  4.325307579334273e+00
 2.91500  4.327409101566174e+00
 2.92000  4.329479459008275e+00
 2.92500  4.331519166004943e+00
 2.93000  4.333528727553503e+00
 2.93500  4.335508639489644e+00
 2.94000  4.337459388668842e+00
 2.94500  4.339381453143886e+00
 2.95000  4.341275302338606e+00
 2.95500  4.343141397217877e+00
 2.96000  4.344980190454010e+00
 2.96500  4.346792126589579e+00
 2.97000  4.348577642196790e+00
 2.97500  4.350337166033470e+00
 2.98000  4.352071119195745e+00
 2.98500  4.353779915267482e+00
 2.99000  4.355463960466571e+00
 2.99500  4.357123653788132e+00
 3.00000  4.358759387144691e+00
 3.00500  4.360371545503419e+00
 3.01000  4.361960507020481e+00
 3.01500  4.363526643172579e+00
 3.02000  4.365070318885727e+00
 3.02500  4.366591892661351e+00
 3.03000  4.368091716699753e+00
 3.03500  4.369570137020997e+00
 3.04000  4.371027493583296e+00
 3.04500  4.372464120398927e+00
 3.05000  4.373880345647756e+00
 3.05500  4.375276491788406e+00
 3.06000  4.376652875667129e+00
 3.06500  4.378009808624446e+00
 3.07000  4.379347596599570e+00
 3.07500  4.380666540232700e+00
 3.08000  4.381966934965211e+00
 3.08500  4.383249071137783e+00
 3.09000  4.384513234086537e+00
 3.09500  4.385759704237198e+00
 3.10000  4.386988757197335e+00
 3.10500  4.388200663846741e+00
 3.11000  4.389395690425949e+00
 3.11500  4.390574098622978e+00
 3.12000  4.391736145658303e+00
 3.12500  4.392882084368118e+00
 3.13000  4.394012163285909e+00
 3.13500  4.395126626722387e+00
 3.14000  4.396225714843813e+00
 3.14500  4.397309663748741e+00
 3.15000  4.398378705543236e+00
 3.15500  4.399433068414564e+00
 3.16000  4.400472976703426e+00
 3.16500  4.401498650974743e+00
 3.17000  4.402510308087022e+00
 3.17500  4.403508161260357e+00
 3.18000  4.404492420143062e+00
 3.18500  4.405463290876988e+00
 3.19000  4.406420976161550e+00
 3.19500  4.407365675316485e+00
 3.20000  4.408297584343356e+00
 3.20500  4.409216895985869e+00
 3.21000  4.410123799788980e+00
 3.21500  4.411018482156847e+00
 3.22000  4.411901126409653e+00
 3.22500  4.412771912839295e+00
 3.23000  4.413631018764005e+00
 3.23500  4.414478618581889e+00
 3.24000  4.415314883823422e+00
 3.24500  4.416139983202934e+00
 3.25000  4.416954082669073e+00
 3.25500  4.417757345454307e+00
 3.26000  4.418549932123454e+00
 3.26500  4.419332000621278e+00
 3.27000  4.420103706319161e+00
 3.27500  4.420865202060877e+00
 3.28000  4.421616638207487e+00
 3.28500  4.422358162681356e+00
 3.29000  4.423089921009341e+00
 3.29500  4.423812056365138e+00
 3.30000  4.424524709610830e+00
 3.30500  4.425228019337621e+00
 3.31000  4.425922121905814e+00
 3.31500  4.426607151484008e+00
 3.32000  4.427283240087563e+00
 3.32500  4.427950517616320e+00
 3.33000  4.428609111891615e+00
 3.33500  4.429259148692590e+00
 3.34000  4.429900751791810e+00
 3.34500  4.430534042990213e+00
 3.35000  4.431159142151397e+00
 3.35500  4.431776167235265e+00
 3.36000  4.432385234331030e+00
 3.36500  4.432986457689608e+00
 3.37000  4.433579949755389e+00
 3.37500  4.434165821197440e+00
 3.38000  4.434744180940086e+00
 3.38500  4.435315136192958e+00
 3.39000  4.435878792480453e+00
 3.39500  4.436435253670656e+00
 3.40000  4.436984622003725e+00
 3.40500  4.437526998119748e+00
 3.41000  4.438062481086082e+00
 3.41500  4.438591168424179e+00
 3.42000  4.439113156135938e+00
 3.42500  4.439628538729539e+00
 3.43000  4.440137409244828e+00
 3.43500  4.440639859278220e+00
 3.44000  4.441135979007149e+00
 3.44500  4.441625857214065e+00
 3.45000  4.442109581310000e+00
 3.45500  4.442587237357690e+00
 3.46000  4.443058910094286e+00
 3.46500  4.443524682953646e+00
 3.47000  4.443984638088214e+00
 3.47500  4.444438856390517e+00
 3.48000  4.444887417514253e+00
 3.48500  4.445330399895006e+00
 3.49000  4.445767880770592e+00
 3.49500  4.446199936201017e+00
 3.50000  4.446626641088097e+00
 3.50500  4.447048069194708e+00
 3.51000  4.447464293163694e+00
 3.51500  4.447875384536440e+00
 3.52000  4.448281413771100e+00
 3.52500  4.448682450260513e+00
 3.53000  4.449078562349780e+00
 3.53500  4.449469817353545e+00
 3.54000  4.449856281572949e+00
 3.54500  4.450238020312300e+00
 3.55000  4.450615097895431e+00
 3.55500  4.450987577681774e+00
 3.56000  4.451355522082145e+00
 3.56500  4.451718992574257e+00
 3.57000  4.452078049717946e+00
 3.57500  4.452432753170133e+00
 3.58000  4.452783161699534e+00
 3.58500  4.453129333201080e+00
 3.59000  4.453471324710119e+00
 3.59500  4.453809192416340e+00
 3.60000  4.454142991677470e+00
 3.60500  4.454472777032718e+00
 3.61000  4.454798602215993e+00
 3.61500  4.455120520168886e+00
 3.62000  4.455438583053428e+00
 3.62500  4.455752842264617e+00
 3.63000  4.456063348442743e+00
 3.63500  4.456370151485482e+00
 3.64000  4.456673300559786e+00
 3.64500  4.456972844113571e+00
 3.65000  4.457268829887197e+00
 3.65500  4.457561304924750e+00
 3.66000  4.457850315585129e+00
 3.66500  4.458135907552948e+00
 3.67000  4.458418125849237e+00
 3.67500  4.458697014841973e+00
 3.68000  4.458972618256418e+00
 3.68500  4.459244979185288e+00
 3.69000  4.459514140098745e+00
 3.69500  4.459780142854217e+00
 3.70000  4.460043028706044e+00
 3.70500  4.460302838314977e+00
 3.71000  4.460559611757501e+00
 3.71500  4.460813388534990e+00
 3.72000  4.461064207582738e+00
 3.72500  4.461312107278800e+00
 3.73000  4.461557125452712e+00
 3.73500  4.461799299394042e+00
 3.74000  4.462038665860812e+00
 3.74500  4.462275261087769e+00
 3.75000  4.462509120794521e+00
 3.75500  4.462740280193527e+00
 3.76000  4.462968773997972e+00
 3.76500  4.463194636429481e+00
 3.77000  4.463417901225735e+00
 3.77500  4.463638601647930e+00
 3.78000  4.463856770488138e+00
 3.78500  4.464072440076522e+00
 3.79000  4.464285642288444e+00
 3.79500  4.464496408551454e+00
 3.80000  4.464704769852155e+00
 3.80500  4.464910756742960e+00
 3.81000  4.465114399348736e+00
 3.81500  4.465315727373340e+00
 3.82000  4.465514770106035e+00
 3.82500  4.465711556427817e+00
 3.83000  4.465906114817630e+00
 3.83500  4.466098473358469e+00
 3.84000  4.466288659743399e+00
 3.84500  4.466476701281462e+00
 3.85000  4.466662624903497e+00
 3.85500  4.466846457167855e+00
 3.86000  4.467028224266027e+00
 3.86500  4.467207952028175e+00
 3.87000  4.467385665928579e+00
 3.87500  4.467561391090989e+00
 3.88000  4.467735152293892e+00
 3.88500  4.467906973975693e+00
 3.89000  4.468076880239812e+00
 3.89500  4.468244894859699e+00
 3.90000  4.468411041283764e+00
 3.90500  4.468575342640234e+00
 3.91000  4.468737821741924e+00
 3.91500  4.468898501090933e+00
 3.92000  4.469057402883269e+00
 3.92500  4.469214549013395e+00
 3.93000  4.469369961078697e+00
 3.93500  4.469523660383895e+00
 3.94000  4.469675667945364e+00
 3.94500  4.469826004495404e+00
 3.95000  4.469974690486429e+00
 3.95500  4.470121746095089e+00
 3.96000  4.470267191226339e+00
 3.96500  4.470411045517428e+00
 3.97000  4.470553328341832e+00
 3.97500  4.470694058813123e+00
 3.98000  4.470833255788778e+00
 3.98500  4.470970937873926e+00
 3.99000  4.471107123425030e+00
 3.99500  4.471241830553526e+00
 4.00000  4.471375077129383e+00
 4.00500  4.471506880784632e+00
 4.01000  4.471637258916814e+00
 4.01500  4.471766228692389e+00
 4.02000  4.471893807050092e+00
 4.02500  4.472020010704227e+00
 4.03000  4.472144856147914e+00
 4.03500  4.472268359656291e+00
 4.04000  4.472390537289653e+00
 4.04500  4.472511404896551e+00
 4.05000  4.472630978116846e+00
 4.05500  4.472749272384702e+00
 4.06000  4.472866302931546e+00
 4.06500  4.472982084788972e+00
 4.07000  4.473096632791609e+00
 4.07500  4.473209961579935e+00
 4.08000  4.473322085603051e+00
 4.08500  4.473433019121420e+00
 4.09000  4.473542776209548e+00
 4.09500  4.473651370758637e+00
 4.10000  4.473758816479192e+00
 4.10500  4.473865126903585e+00
 4.11000  4.473970315388582e+00
 4.11500  4.474074395117839e+00
 4.12000  4.474177379104342e+00
 4.12500  4.474279280192826e+00
 4.13000  4.474380111062149e+00
 4.13500  4.474479884227632e+00
 4.14000  4.474578612043361e+00
 4.14500  4.474676306704457e+00
 4.15000  4.474772980249310e+00
 4.15500  4.474868644561774e+00
 4.16000  4.474963311373342e+00
 4.16500  4.475056992265272e+00
 4.17000  4.475149698670691e+00
 4.17500  4.475241441876663e+00
 4.18000  4.475332233026228e+00
 4.18500  4.475422083120408e+00
 4.19000  4.475511003020184e+00
 4.19500  4.475599003448443e+00
 4.20000  4.475686094991898e+00
 4.20500  4.475772288102966e+00
 4.21000  4.475857593101646e+00
 4.21500  4.475942020177337e+00
 4.22000  4.476025579390644e+00
 4.22500  4.476108280675165e+00
 4.23000  4.476190133839231e+00
 4.23500  4.476271148567642e+00
 4.24000  4.476351334423353e+00
 4.24500  4.476430700849164e+00
 4.25000  4.476509257169351e+00
 4.25500  4.476587012591307e+00
 4.26000  4.476663976207132e+00
 4.26500  4.476740156995212e+00
 4.27000  4.476815563821773e+00
 4.27500  4.476890205442413e+00
 4.28000  4.476964090503606e+00
 4.28500  4.477037227544186e+00
 4.29000  4.477109624996817e+00
 4.29500  4.477181291189431e+00
 4.30000  4.477252234346643e+00
 4.30500  4.477322462591162e+00
 4.31000  4.477391983945161e+00
 4.31500  4.477460806331639e+00
 4.32000  4.477528937575763e+00
 4.32500  4.477596385406181e+00
 4.33000  4.477663157456325e+00
 4.33500  4.477729261265696e+00
 4.34000  4.477794704281120e+00
 4.34500  4.477859493857995e+00
 4.35000  4.477923637261519e+00
 4.35500  4.477987141667894e+00
 4.36000  4.478050014165518e+00
 4.36500  4.478112261756161e+00
 4.37000  4.478173891356117e+00
 4.37500  4.478234909797346e+00
 4.38000  4.478295323828595e+00
 4.38500  4.478355140116511e+00
 4.39000  4.478414365246723e+00
 4.39500  4.478473005724924e+00
 4.40000  4.478531067977926e+00
 4.40500  4.478588558354709e+00
 4.41000  4.478645483127448e+00
 4.41500  4.478701848492524e+00
 4.42000  4.478757660571534e+00
 4.42500  4.478812925412269e+00
 4.43000  4.478867648989685e+00
 4.43500  4.478921837206867e+00
 4.44000  4.478975495895969e+00
 4.44500  4.479028630819146e+00
 4.45000  4.479081247669470e+00
 4.45500  4.479133352071836e+00
 4.46000  4.479184949583857e+00
 4.46500  4.479236045696735e+00
 4.47000  4.479286645836135e+00
 4.47500  4.479336755363036e+00
 4.48000  4.479386379574573e+00
 4.48500  4.479435523704868e+00
 4.49000  4.479484192925852e+00
 4.49500  4.479532392348063e+00
 4.50000  4.479580127021452e+00
 4.50500  4.479627401936165e+00
 4.51000  4.479674222023308e+00
 4.51500  4.479720592155724e+00
 4.52000  4.479766517148732e+00
 4.52500  4.479812001760878e+00
 4.53000  4.479857050694660e+00
 4.53500  4.479901668597252e+00
 4.54000  4.479945860061214e+00
 4.54500  4.479989629625192e+00
 4.55000  4.480032981774612e+00
 4.55500  4.480075920942359e+00
 4.56000  4.480118451509450e+00
 4.56500  4.480160577805698e+00
 4.57000  4.480202304110364e+00
 4.57500  4.480243634652800e+00
 4.58000  4.480284573613090e+00
 4.58500  4.480325125122672e+00
 4.59000  4.480365293264959e+00
 4.59500  4.480405082075946e+00
 4.60000  4.480444495544815e+00
 4.60500  4.480483537614526e+00
 4.61000  4.480522212182400e+00
 4.61500  4.480560523100701e+00
 4.62000  4.480598474177200e+00
 4.62500  4.480636069175739e+00
 4.63000  4.480673311816783e+00
 4.63500  4.480710205777968e+00
 4.64000  4.480746754694637e+00
 4.64500  4.480782962160374e+00
 4.65000  4.480818831727523e+00
 4.65500  4.480854366907715e+00
 4.66000  4.480889571172362e+00
 4.66500  4.480924447953176e+00
 4.67000  4.480959000642654e+00
 4.67500  4.480993232594574e+00
 4.68000  4.481027147124474e+00
 4.68500  4.481060747510126e+00
 4.69000  4.481094036992016e+00
 4.69500  4.481127018773793e+00
 4.70000  4.481159696022739e+00
 4.70500  4.481192071870209e+00
 4.71000  4.481224149412089e+00
 4.71500  4.481255931709222e+00
 4.72000  4.481287421787846e+00
 4.72500  4.481318622640027e+00
 4.73000  4.481349537224069e+00
 4.73500  4.481380168464945e+00
 4.74000  4.481410519254689e+00
 4.74500  4.481440592452818e+00
 4.75000  4.481470390886724e+00
 4.75500  4.481499917352060e+00
 4.76000  4.481529174613150e+00
 4.76500  4.481558165403349e+00
 4.77000  4.481586892425439e+00
 4.77500  4.481615358351997e+00
 4.78000  4.481643565825759e+00
 4.78500  4.481671517459990e+00
 4.79000  4.481699215838841e+00
 4.79500  4.481726663517705e+00
 4.80000  4.481753863023560e+00
 4.80500  4.481780816855326e+00
 4.81000  4.481807527484192e+00
 4.81500  4.481833997353962e+00
 4.82000  4.481860228881379e+00
 4.82500  4.481886224456460e+00
 4.83000  4.481911986442813e+00
 4.83500  4.481937517177958e+00
 4.84000  4.481962818973641e+00
 4.84500  4.481987894116145e+00
 4.85000  4.482012744866595e+00
 4.85500  4.482037373461261e+00
 4.86000  4.482061782111860e+00
 4.86500  4.482085973005842e+00
 4.87000  4.482109948306689e+00
 4.87500  4.482133710154197e+00
 4.88000  4.482157260664763e+00
 4.88500  4.482180601931663e+00
 4.89000  4.482203736025325e+00
 4.89500  4.482226664993603e+00
 4.90000  4.482249390862052e+00
 4.90500  4.482271915634179e+00
 4.91000  4.482294241291723e+00
 4.91500  4.482316369794899e+00
 4.92000  4.482338303082661e+00
 4.92500  4.482360043072949e+00
 4.93000  4.482381591662941e+00
 4.93500  4.482402950729300e+00
 4.94000  4.482424122128412e+00
 4.94500  4.482445107696629e+00
 4.95000  4.482465909250499e+00
 4.95500  4.482486528587009e+00
 4.96000  4.482506967483809e+00
 4.96500  4.482527227699436e+00
 4.97000  4.482547310973549e+00
 4.97500  4.482567219027138e+00
 4.98000  4.482586953562752e+00
 4.98500  4.482606516264712e+00
 4.99000  4.482625908799321e+00
 4.99500  4.482645132815080e+00
 5.00000  4.482664189942891e+00
 5.00500  4.482683081796266e+00
 5.01000  4.482701809971529e+00
 5.01500  4.482720376048008e+00
 5.02000  4.482738781588250e+00
 5.02500  4.482757028138196e+00
 5.03000  4.482775117227388e+00
 5.03500  4.482793050369151e+00
 5.04000  4.482810829060786e+00
 5.04500  4.482828454783754e+00
 5.05000  4.482845929003854e+00
 5.05500  4.482863253171414e+00
 5.06000  4.482880428721456e+00
 5.06500  4.482897457073887e+00
 5.07000  4.482914339633660e+00
 5.07500  4.482931077790957e+00
 5.08000  4.482947672921348e+00
 5.08500  4.482964126385968e+00
 5.09000  4.482980439531677e+00
 5.09500  4.482996613691228e+00
 5.10000  4.483012650183418e+00
 5.10500  4.483028550313265e+00
 5.11000  4.483044315372148e+00
 5.11500  4.483059946637973e+00
 5.12000  4.483075445375324e+00
 5.12500  4.483090812835613e+00
 5.13000  4.483106050257231e+00
 5.13500  4.483121158865699e+00
 5.14000  4.483136139873809e+00
 5.14500  4.483150994481768e+00
 5.15000  4.483165723877351e+00
 5.15500  4.483180329236025e+00
 5.16000  4.483194811721105e+00
 5.16500  4.483209172483879e+00
 5.17000  4.483223412663749e+00
 5.17500  4.483237533388366e+00
 5.18000  4.483251535773760e+00
 5.18500  4.483265420924471e+00
 5.19000  4.483279189933678e+00
 5.19500  4.483292843883330e+00
 5.20000  4.483306383844268e+00
 5.20500  4.483319810876351e+00
 5.21000  4.483333126028580e+00
 5.21500  4.483346330339216e+00
 5.22000  4.483359424835908e+00
 5.22500  4.483372410535799e+00
 5.23000  4.483385288445657e+00
 5.23500  4.483398059561980e+00
 5.24000  4.483410724871114e+00
 5.24500  4.483423285349373e+00
 5.25000  4.483435741963135e+00
 5.25500  4.483448095668966e+00
 5.26000  4.483460347413727e+00
 5.26500  4.483472498134674e+00
 5.27000  4.483484548759569e+00
 5.27500  4.483496500206790e+00
 5.28000  4.483508353385426e+00
 5.28500  4.483520109195385e+00
 5.29000  4.483531768527492e+00
 5.29500  4.483543332263594e+00
 5.30000  4.483554801276655e+00
 5.30500  4.483566176430854e+00
 5.31000  4.483577458581679e+00
 5.31500  4.483588648576032e+00
 5.32000  4.483599747252313e+00
 5.32500  4.483610755440516e+00
 5.33000  4.483621673962325e+00
 5.33500  4.483632503631201e+00
 5.34000  4.483643245252470e+00
 5.34500  4.483653899623418e+00
 5.35000  4.483664467533376e+00
 5.35500  4.483674949763802e+00
 5.36000  4.483685347088374e+00
 5.36500  4.483695660273073e+00
 5.37000  4.483705890076259e+00
 5.37500  4.483716037248767e+00
 5.38000  4.483726102533976e+00
 5.38500  4.483736086667900e+00
 5.39000  4.483745990379258e+00
 5.39500  4.483755814389564e+00
 5.40000  4.483765559413193e+00
 5.40500  4.483775226157469e+00
 5.41000  4.483784815322732e+00
 5.41500  4.483794327602420e+00
 5.42000  4.483803763683140e+00
 5.42500  4.483813124244742e+00
 5.43000  4.483822409960391e+00
 5.43500  4.483831621496643e+00
 5.44000  4.483840759513508e+00
 5.44500  4.483849824664527e+00
 5.45000  4.483858817596841e+00
 5.45500  4.483867738951252e+00
 5.46000  4.483876589362303e+00
 5.46500  4.483885369458332e+00
 5.47000  4.483894079861551e+00
 5.47500  4.483902721188096e+00
 5.48000  4.483911294048109e+00
 5.48500  4.483919799045786e+00
 5.49000  4.483928236779454e+00
 5.49500  4.483936607841621e+00
 5.50000  4.483944912819046e+00
 5.50500  4.483953152292800e+00
 5.51000  4.483961326838318e+00
 5.51500  4.483969437025470e+00
 5.52000  4.483977483418609e+00
 5.52500  4.483985466576639e+00
 5.53000  4.483993387053065e+00
 5.53500  4.484001245396056e+00
 5.54000  4.484009042148494e+00
 5.54500  4.484016777848038e+00
 5.55000  4.484024453027173e+00
 5.55500  4.484032068213264e+00
 5.56000  4.484039623928616e+00
 5.56500  4.484047120690522e+00
 5.57000  4.484054559011313e+00
 5.57500  4.484061939398417e+00
 5.58000  4.484069262354407e+00
 5.58500  4.484076528377049e+00
 5.59000  4.484083737959355e+00
 5.59500  4.484090891589636e+00
 5.60000  4.484097989751543e+00
 5.60500  4.484105032924123e+00
 5.61000  4.484112021581860e+00
 5.61500  4.484118956194729e+00
 5.62000  4.484125837228241e+00
 5.62500  4.484132665143487e+00
 5.63000  4.484139440397183e+00
 5.63500  4.484146163441721e+00
 5.64000  4.484152834725210e+00
 5.64500  4.484159454691517e+00
 5.65000  4.484166023780320e+00
 5.65500  4.484172542427139e+00
 5.66000  4.484179011063392e+00
 5.66500  4.484185430116426e+00
 5.67000  4.484191800009568e+00
 5.67500  4.484198121162157e+00
 5.68000  4.484204393989595e+00
 5.68500  4.484210618903377e+00
 5.69000  4.484216796311144e+00
 5.69500  4.484222926616709e+00
 5.70000  4.484229010220104e+00
 5.70500  4.484235047517616e+00
 5.71000  4.484241038901831e+00
 5.71500  4.484246984761661e+00
 5.72000  4.484252885482391e+00
 5.72500  4.484258741445712e+00
 5.73000  4.484264553029756e+00
 5.73500  4.484270320609139e+00
 5.74000  4.484276044554989e+00
 5.74500  4.484281725234982e+00
 5.75000  4.484287363013387e+00
 5.75500  4.484292958251087e+00
 5.76000  4.484298511305623e+00
 5.76500  4.484304022531221e+00
 5.77000  4.484309492278832e+00
 5.77500  4.484314920896161e+00
 5.78000  4.484320308727701e+00
 5.78500  4.484325656114765e+00
 5.79000  4.484330963395518e+00
 5.79500  4.484336230905010e+00
 5.80000  4.484341458975204e+00
 5.80500  4.484346647935014e+00
 5.81000  4.484351798110326e+00
 5.81500  4.484356909824038e+00
 5.82000  4.484361983396082e+00
 5.82500  4.484367019143458e+00
 5.83000  4.484372017380264e+00
 5.83500  4.484376978417722e+00
 5.84000  4.484381902564208e+00
 5.84500  4.484386790125283e+00
 5.85000  4.484391641403717e+00
 5.85500  4.484396456699518e+00
 5.86000  4.484401236309964e+00
 5.86500  4.484405980529621e+00
 5.87000  4.484410689650378e+00
 5.87500  4.484415363961474e+00
 5.88000  4.484420003749516e+00
 5.88500  4.484424609298513e+00
 5.89000  4.484429180889898e+00
 5.89500  4.484433718802558e+00
 5.90000  4.484438223312850e+00
 5.90500  4.484442694694637e+00
 5.91000  4.484447133219305e+00
 5.91500  4.484451539155792e+00
 5.92000  4.484455912770606e+00
 5.92500  4.484460254327858e+00
 5.93000  4.484464564089278e+00
 5.93500  4.484468842314239e+00
 5.94000  4.484473089259788e+00
 5.94500  4.484477305180659e+00
 5.95000  4.484481490329297e+00
 5.95500  4.484485644955891e+00
 5.96000  4.484489769308381e+00
 5.96500  4.484493863632492e+00
 5.97000  4.484497928171749e+00
 5.97500  4.484501963167499e+00
 5.98000  4.484505968858938e+00
 5.98500  4.484509945483125e+00
 5.99000  4.484513893275004e+00
 5.99500  4.484517812467429e+00
 6.00000  4.484521703291180e+00
 6.00500  4.484525565974986e+00
 6.01000  4.484529400745541e+00
 6.01500  4.484533207827530e+00
 6.02000  4.484536987443643e+00
 6.02500  4.484540739814594e+00
 6.03000  4.484544465159148e+00
 6.03500  4.484548163694127e+00
 6.04000  4.484551835634440e+00
 6.04500  4.484555481193099e+00
 6.05000  4.484559100581232e+00
 6.05500  4.484562694008107e+00
 6.06000  4.484566261681148e+00
 6.06500  4.484569803805949e+00
 6.07000  4.484573320586303e+00
 6.07500  4.484576812224203e+00
 6.08000  4.484580278919872e+00
 6.08500  4.484583720871777e+00
 6.09000  4.484587138276640e+00
 6.09500  4.484590531329464e+00
 6.10000  4.484593900223542e+00
 6.10500  4.484597245150477e+00
 6.11000  4.484600566300197e+00
 6.11500  4.484603863860973e+00
 6.12000  4.484607138019428e+00
 6.12500  4.484610388960566e+00
 6.13000  4.484613616867771e+00
 6.13500  4.484616821922836e+00
 6.14000  4.484620004305971e+00
 6.14500  4.484623164195819e+00
 6.15000  4.484626301769472e+00
 6.15500  4.484629417202486e+00
 6.16000  4.484632510668896e+00
 6.16500  4.484635582341228e+00
 6.17000  4.484638632390513e+00
 6.17500  4.484641660986306e+00
 6.18000  4.484644668296695e+00
 6.18500  4.484647654488317e+00
 6.19000  4.484650619726370e+00
 6.19500  4.484653564174631e+00
 6.20000  4.484656487995463e+00
 6.20500  4.484659391349832e+00
 6.21000  4.484662274397322e+00
 6.21500  4.484665137296143e+00
 6.22000  4.484667980203148e+00
 6.22500  4.484670803273842e+00
 6.23000  4.484673606662401e+00
 6.23500  4.484676390521677e+00
 6.24000  4.484679155003215e+00
 6.24500  4.484681900257264e+00
 6.25000  4.484684626432787e+00
 6.25500  4.484687333677480e+00
 6.26000  4.484690022137774e+00
 6.26500  4.484692691958854e+00
 6.27000  4.484695343284666e+00
 6.27500  4.484697976257935e+00
 6.28000  4.484700591020168e+00
 6.28500  4.484703187711673e+00
 6.29000  4.484705766471563e+00
 6.29500  4.484708327437773e+00
 6.30000  4.484710870747070e+00
 6.30500  4.484713396535058e+00
 6.31000  4.484715904936198e+00
 6.31500  4.484718396083811e+00
 6.32000  4.484720870110091e+00
 6.32500  4.484723327146118e+00
 6.33000  4.484725767321863e+00
 6.33500  4.484728190766205e+00
 6.34000  4.484730597606934e+00
 6.34500  4.484732987970766e+00
 6.35000  4.484735361983349e+00
 6.35500  4.484737719769278e+00
 6.36000  4.484740061452101e+00
 6.36500  4.484742387154327e+00
 6.37000  4.484744696997439e+00
 6.37500  4.484746991101905e+00
 6.38000  4.484749269587180e+00
 6.38500  4.484751532571722e+00
 6.39000  4.484753780172999e+00
 6.39500  4.484756012507497e+00
 6.40000  4.484758229690731e+00
 6.40500  4.484760431837251e+00
 6.41000  4.484762619060654e+00
 6.41500  4.484764791473592e+00
 6.42000  4.484766949187778e+00
 6.42500  4.484769092313994e+00
 6.43000  4.484771220962108e+00
 6.43500  4.484773335241072e+00
 6.44000  4.484775435258935e+00
 6.44500  4.484777521122847e+00
 6.45000  4.484779592939081e+00
 6.45500  4.484781650813018e+00
 6.46000  4.484783694849176e+00
 6.46500  4.484785725151207e+00
 6.47000  4.484787741821906e+00
 6.47500  4.484789744963224e+00
 6.48000  4.484791734676265e+00
 6.48500  4.484793711061308e+00
 6.49000  4.484795674217803e+00
 6.49500  4.484797624244378e+00
 6.50000  4.484799561238859e+00
 6.50500  4.484801485298262e+00
 6.51000  4.484803396518809e+00
 6.51500  4.484805294995935e+00
 6.52000  4.484807180824291e+00
 6.52500  4.484809054097752e+00
 6.53000  4.484810914909430e+00
 6.53500  4.484812763351670e+00
 6.54000  4.484814599516067e+00
 6.54500  4.484816423493467e+00
 6.55000  4.484818235373976e+00
 6.55500  4.484820035246964e+00
 6.56000  4.484821823201073e+00
 6.56500  4.484823599324227e+00
 6.57000  4.484825363703633e+00
 6.57500  4.484827116425789e+00
 6.58000  4.484828857576492e+00
 6.58500  4.484830587240841e+00
 6.59000  4.484832305503250e+00
 6.59500  4.484834012447443e+00
 6.60000  4.484835708156472e+00
 6.60500  4.484837392712714e+00
 6.61000  4.484839066197880e+00
 6.61500  4.484840728693023e+00
 6.62000  4.484842380278542e+00
 6.62500  4.484844021034187e+00
 6.63000  4.484845651039064e+00
 6.63500  4.484847270371645e+00
 6.64000  4.484848879109769e+00
 6.64500  4.484850477330650e+00
 6.65000  4.484852065110882e+00
 6.65500  4.484853642526442e+00
 6.66000  4.484855209652700e+00
 6.66500  4.484856766564421e+00
 6.67000  4.484858313335772e+00
 6.67500  4.484859850040327e+00
 6.68000  4.484861376751069e+00
 6.68500  4.484862893540399e+00
 6.69000  4.484864400480140e+00
 6.69500  4.484865897641543e+00
 6.70000  4.484867385095292e+00
 6.70500  4.484868862911504e+00
 6.71000  4.484870331159739e+00
 6.71500  4.484871789909006e+00
 6.72000  4.484873239227763e+00
 6.72500  4.484874679183926e+00
 6.73000  4.484876109844870e+00
 6.73500  4.484877531277437e+00
 6.74000  4.484878943547940e+00
 6.74500  4.484880346722163e+00
 6.75000  4.484881740865376e+00
 6.75500  4.484883126042326e+00
 6.76000  4.484884502317251e+00
 6.76500  4.484885869753885e+00
 6.77000  4.484887228415452e+00
 6.77500  4.484888578364686e+00
 6.78000  4.484889919663819e+00
 6.78500  4.484891252374598e+00
 6.79000  4.484892576558281e+00
 6.79500  4.484893892275648e+00
 6.80000  4.484895199586998e+00
 6.80500  4.484896498552159e+00
 6.81000  4.484897789230490e+00
 6.81500  4.484899071680880e+00
 6.82000  4.484900345961764e+00
 6.82500  4.484901612131113e+00
 6.83000  4.484902870246450e+00
 6.83500  4.484904120364844e+00
 6.84000  4.484905362542921e+00
 6.84500  4.484906596836864e+00
 6.85000  4.484907823302419e+00
 6.85500  4.484909041994895e+00
 6.86000  4.484910252969174e+00
 6.86500  4.484911456279706e+00
 6.87000  4.484912651980523e+00
 6.87500  4.484913840125234e+00
 6.88000  4.484915020767033e+00
 6.88500  4.484916193958699e+00
 6.89000  4.484917359752605e+00
 6.89500  4.484918518200716e+00
 6.90000  4.484919669354594e+00
 6.90500  4.484920813265405e+00
 6.91000  4.484921949983918e+00
 6.91500  4.484923079560508e+00
 6.92000  4.484924202045164e+00
 6.92500  4.484925317487489e+00
 6.93000  4.484926425936700e+00
 6.93500  4.484927527441640e+00
 6.94000  4.484928622050772e+00
 6.94500  4.484929709812187e+00
 6.95000  4.484930790773610e+00
 6.95500  4.484931864982395e+00
 6.96000  4.484932932485533e+00
 6.96500  4.484933993329657e+00
 6.97000  4.484935047561041e+00
 6.97500  4.484936095225604e+00
 6.98000  4.484937136368915e+00
 6.98500  4.484938171036193e+00
 6.99000  4.484939199272314e+00
 6.99500  4.484940221121807e+00
 7.00000  4.484941236628864e+00
 7.00500  4.484942245837343e+00
 7.01000  4.484943248790759e+00
 7.01500  4.484944245532304e+00
 7.02000  4.484945236104839e+00
 7.02500  4.484946220550897e+00
 7.03000  4.484947198912688e+00
 7.03500  4.484948171232104e+00
 7.04000  4.484949137550718e+00
 7.04500  4.484950097909785e+00
 7.05000  4.484951052350252e+00
 7.05500  4.484952000912752e+00
 7.06000  4.484952943637613e+00
 7.06500  4.484953880564858e+00
 7.07000  4.484954811734205e+00
 7.07500  4.484955737185076e+00
 7.08000  4.484956656956591e+00
 7.08500  4.484957571087577e+00
 7.09000  4.484958479616572e+00
 7.09500  4.484959382581818e+00
 7.10000  4.484960280021272e+00
 7.10500  4.484961171972607e+00
 7.11000  4.484962058473209e+00
 7.11500  4.484962939560188e+00
 7.12000  4.484963815270371e+00
 7.12500  4.484964685640313e+00
 7.13000  4.484965550706292e+00
 7.13500  4.484966410504315e+00
 7.14000  4.484967265070121e+00
 7.14500  4.484968114439179e+00
 7.15000  4.484968958646697e+00
 7.15500  4.484969797727618e+00
 7.16000  4.484970631716622e+00
 7.16500  4.484971460648134e+00
 7.17000  4.484972284556320e+00
 7.17500  4.484973103475093e+00
 7.18000  4.484973917438114e+00
 7.18500  4.484974726478791e+00
 7.19000  4.484975530630289e+00
 7.19500  4.484976329925520e+00
 7.20000  4.484977124397157e+00
 7.20500  4.484977914077628e+00
 7.21000  4.484978698999122e+00
 7.21500  4.484979479193591e+00
 7.22000  4.484980254692746e+00
 7.22500  4.484981025528067e+00
 7.23000  4.484981791730803e+00
 7.23500  4.484982553331966e+00
 7.24000  4.484983310362347e+00
 7.24500  4.484984062852503e+00
 7.25000  4.484984810832771e+00
 7.25500  4.484985554333260e+00
 7.26000  4.484986293383862e+00
 7.26500  4.484987028014247e+00
 7.27000  4.484987758253865e+00
 7.27500  4.484988484131954e+00
 7.28000  4.484989205677532e+00
 7.28500  4.484989922919412e+00
 7.29000  4.484990635886186e+00
 7.29500  4.484991344606245e+00
 7.30000  4.484992049107767e+00
 7.30500  4.484992749418726e+00
 7.31000  4.484993445566893e+00
 7.31500  4.484994137579833e+00
 7.32000  4.484994825484912e+00
 7.32500  4.484995509309295e+00
 7.33000  4.484996189079951e+00
 7.33500  4.484996864823649e+00
 7.34000  4.484997536566966e+00
 7.34500  4.484998204336286e+00
 7.35000  4.484998868157800e+00
 7.35500  4.484999528057509e+00
 7.36000  4.485000184061224e+00
 7.36500  4.485000836194571e+00
 7.37000  4.485001484482989e+00
 7.37500  4.485002128951734e+00
 7.38000  4.485002769625877e+00
 7.38500  4.485003406530308e+00
 7.39000  4.485004039689739e+00
 7.39500  4.485004669128700e+00
 7.40000  4.485005294871548e+00
 7.40500  4.485005916942463e+00
 7.41000  4.485006535365446e+00
 7.41500  4.485007150164334e+00
 7.42000  4.485007761362784e+00
 7.42500  4.485008368984287e+00
 7.43000  4.485008973052164e+00
 7.43500  4.485009573589569e+00
 7.44000  4.485010170619490e+00
 7.44500  4.485010764164747e+00
 7.45000  4.485011354248000e+00
 7.45500  4.485011940891745e+00
 7.46000  4.485012524118318e+00
 7.46500  4.485013103949893e+00
 7.47000  4.485013680408486e+00
 7.47500  4.485014253515959e+00
 7.48000  4.485014823294012e+00
 7.48500  4.485015389764196e+00
 7.49000  4.485015952947903e+00
 7.49500  4.485016512866376e+00
 7.50000  4.485017069540706e+00
 7.50500  4.485017622991832e+00
 7.51000  4.485018173240546e+00
 7.51500  4.485018720307493e+00
 7.52000  4.485019264213168e+00
 7.52500  4.485019804977924e+00
 7.53000  4.485020342621967e+00
 7.53500  4.485020877165360e+00
 7.54000  4.485021408628027e+00
 7.54500  4.485021937029745e+00
 7.55000  4.485022462390157e+00
 7.55500  4.485022984728764e+00
 7.56000  4.485023504064929e+00
 7.56500  4.485024020417880e+00
 7.57000  4.485024533806707e+00
 7.57500  4.485025044250366e+00
 7.58000  4.485025551767682e+00
 7.58500  4.485026056377344e+00
 7.59000  4.485026558097911e+00
 7.59500  4.485027056947811e+00
 7.60000  4.485027552945343e+00
 7.60500  4.485028046108677e+00
 7.61000  4.485028536455855e+00
 7.61500  4.485029024004793e+00
 7.62000  4.485029508773279e+00
 7.62500  4.485029990778982e+00
 7.63000  4.485030470039443e+00
 7.63500  4.485030946572081e+00
 7.64000  4.485031420394192e+00
 7.64500  4.485031891522953e+00
 7.65000  4.485032359975420e+00
 7.65500  4.485032825768531e+00
 7.66000  4.485033288919105e+00
 7.66500  4.485033749443843e+00
 7.67000  4.485034207359331e+00
 7.67500  4.485034662682041e+00
 7.68000  4.485035115428325e+00
 7.68500  4.485035565614427e+00
 7.69000  4.485036013256476e+00
 7.69500  4.485036458370487e+00
 7.70000  4.485036900972367e+00
 7.70500  4.485037341077912e+00
 7.71000  4.485037778702807e+00
 7.71500  4.485038213862629e+00
 7.72000  4.485038646572850e+00
 7.72500  4.485039076848828e+00
 7.73000  4.485039504705823e+00
 7.73500  4.485039930158985e+00
 7.74000  4.485040353223360e+00
 7.74500  4.485040773913888e+00
 7.75000  4.485041192245413e+00
 7.75500  4.485041608232669e+00
 7.76000  4.485042021890294e+00
 7.76500  4.485042433232821e+00
 7.77000  4.485042842274686e+00
 7.77500  4.485043249030223e+00
 7.78000  4.485043653513673e+00
 7.78500  4.485044055739172e+00
 7.79000  4.485044455720764e+00
 7.79500  4.485044853472396e+00
 7.80000  4.485045249007918e+00
 7.80500  4.485045642341086e+00
 7.81000  4.485046033485564e+00
 7.81500  4.485046422454917e+00
 7.82000  4.485046809262623e+00
 7.82500  4.485047193922065e+00
 7.83000  4.485047576446534e+00
 7.83500  4.485047956849234e+00
 7.84000  4.485048335143276e+00
 7.84500  4.485048711341682e+00
 7.85000  4.485049085457387e+00
 7.85500  4.485049457503234e+00
 7.86000  4.485049827491985e+00
 7.86500  4.485050195436309e+00
 7.87000  4.485050561348793e+00
 7.87500  4.485050925241937e+00
 7.88000  4.485051287128156e+00
 7.88500  4.485051647019782e+00
 7.89000  4.485052004929064e+00
 7.89500  4.485052360868164e+00
 7.90000  4.485052714849168e+00
 7.90500  4.485053066884075e+00
 7.91000  4.485053416984805e+00
 7.91500  4.485053765163198e+00
 7.92000  4.485054111431014e+00
 7.92500  4.485054455799932e+00
 7.93000  4.485054798281555e+00
 7.93500  4.485055138887405e+00
 7.94000  4.485055477628928e+00
 7.94500  4.485055814517494e+00
 7.95000  4.485056149564396e+00
 7.95500  4.485056482780848e+00
 7.96000  4.485056814177994e+00
 7.96500  4.485057143766898e+00
 7.97000  4.485057471558555e+00
 7.97500  4.485057797563882e+00
 7.98000  4.485058121793725e+00
 7.98500  4.485058444258857e+00
 7.99000  4.485058764969978e+00
 7.99500  4.485059083937720e+00
 8.00000  4.485059401172639e+00
 8.00500  4.485059716685223e+00
 8.01000  4.485060030485892e+00
 8.01500  4.485060342584992e+00
 8.02000  4.485060652992805e+00
 8.02500  4.485060961719539e+00
 8.03000  4.485061268775340e+00
 8.03500  4.485061574170282e+00
 8.04000  4.485061877914373e+00
 8.04500  4.485062180017558e+00
 8.05000  4.485062480489711e+00
 8.05500  4.485062779340645e+00
 8.06000  4.485063076580102e+00
 8.06500  4.485063372217765e+00
 8.07000  4.485063666263252e+00
 8.07500  4.485063958726115e+00
 8.08000  4.485064249615844e+00
 8.08500  4.485064538941867e+00
 8.09000  4.485064826713549e+00
 8.09500  4.485065112940192e+00
 8.10000  4.485065397631040e+00
 8.10500  4.485065680795272e+00
 8.11000  4.485065962442010e+00
 8.11500  4.485066242580315e+00
 8.12000  4.485066521219186e+00
 8.12500  4.485066798367565e+00
 8.13000  4.485067074034335e+00
 8.13500  4.485067348228320e+00
 8.14000  4.485067620958287e+00
 8.14500  4.485067892232946e+00
 8.15000  4.485068162060948e+00
 8.15500  4.485068430450887e+00
 8.16000  4.485068697411303e+00
 8.16500  4.485068962950680e+00
 8.17000  4.485069227077443e+00
 8.17500  4.485069489799967e+00
 8.18000  4.485069751126568e+00
 8.18500  4.485070011065510e+00
 8.19000  4.485070269625004e+00
 8.19500  4.485070526813201e+00
 8.20000  4.485070782638210e+00
 8.20500  4.485071037108078e+00
 8.21000  4.485071290230802e+00
 8.21500  4.485071542014329e+00
 8.22000  4.485071792466552e+00
 8.22500  4.485072041595314e+00
 8.23000  4.485072289408407e+00
 8.23500  4.485072535913573e+00
 8.24000  4.485072781118500e+00
 8.24500  4.485073025030832e+00
 8.25000  4.485073267658160e+00
 8.25500  4.485073509008024e+00
 8.26000  4.485073749087921e+00
 8.26500  4.485073987905295e+00
 8.27000  4.485074225467542e+00
 8.27500  4.485074461782013e+00
 8.28000  4.485074696856008e+00
 8.28500  4.485074930696784e+00
 8.29000  4.485075163311547e+00
 8.29500  4.485075394707460e+00
 8.30000  4.485075624891636e+00
 8.30500  4.485075853871148e+00
 8.31000  4.485076081653018e+00
 8.31500  4.485076308244225e+00
 8.32000  4.485076533651705e+00
 8.32500  4.485076757882346e+00
 8.33000  4.485076980942994e+00
 8.33500  4.485077202840451e+00
 8.34000  4.485077423581473e+00
 8.34500  4.485077643172777e+00
 8.35000  4.485077861621035e+00
 8.35500  4.485078078932874e+00
 8.36000  4.485078295114882e+00
 8.36500  4.485078510173604e+00
 8.37000  4.485078724115542e+00
 8.37500  4.485078936947158e+00
 8.38000  4.485079148674871e+00
 8.38500  4.485079359305061e+00
 8.39000  4.485079568844066e+00
 8.39500  4.485079777298186e+00
 8.40000  4.485079984673676e+00
 8.40500  4.485080190976757e+00
 8.41000  4.485080396213607e+00
 8.41500  4.485080600390365e+00
 8.42000  4.485080803513132e+00
 8.42500  4.485081005587969e+00
 8.43000  4.485081206620903e+00
 8.43500  4.485081406617915e+00
 8.44000  4.485081605584955e+00
 8.44500  4.485081803527931e+00
 8.45000  4.485082000452716e+00
 8.45500  4.485082196365147e+00
 8.46000  4.485082391271020e+00
 8.46500  4.485082585176098e+00
 8.47000  4.485082778086106e+00
 8.47500  4.485082970006734e+00
 8.48000  4.485083160943635e+00
 8.48500  4.485083350902426e+00
 8.49000  4.485083539888691e+00
 8.49500  4.485083727907977e+00
 8.50000  4.485083914965796e+00
 8.50500  4.485084101067626e+00
 8.51000  4.485084286218910e+00
 8.51500  4.485084470425059e+00
 8.52000  4.485084653691446e+00
 8.52500  4.485084836023415e+00
 8.53000  4.485085017426272e+00
 8.53500  4.485085197905293e+00
 8.54000  4.485085377465720e+00
 8.54500  4.485085556112763e+00
 8.55000  4.485085733851595e+00
 8.55500  4.485085910687365e+00
 8.56000  4.485086086625182e+00
 8.56500  4.485086261670128e+00
 8.57000  4.485086435827250e+00
 8.57500  4.485086609101566e+00
 8.58000  4.485086781498061e+00
 8.58500  4.485086953021691e+00
 8.59000  4.485087123677379e+00
 8.59500  4.485087293470018e+00
 8.60000  4.485087462404472e+00
 8.60500  4.485087630485574e+00
 8.61000  4.485087797718124e+00
 8.61500  4.485087964106898e+00
 8.62000  4.485088129656639e+00
 8.62500  4.485088294372058e+00
 8.63000  4.485088458257843e+00
 8.63500  4.485088621318647e+00
 8.64000  4.485088783559100e+00
 8.64500  4.485088944983800e+00
 8.65000  4.485089105597313e+00
 8.65500  4.485089265404185e+00
 8.66000  4.485089424408928e+00
 8.66500  4.485089582616027e+00
 8.67000  4.485089740029942e+00
 8.67500  4.485089896655102e+00
 8.68000  4.485090052495911e+00
 8.68500  4.485090207556746e+00
 8.69000  4.485090361841956e+00
 8.69500  4.485090515355862e+00
 8.70000  4.485090668102764e+00
 8.70500  4.485090820086927e+00
 8.71000  4.485090971312598e+00
 8.71500  4.485091121783993e+00
 8.72000  4.485091271505305e+00
 8.72500  4.485091420480698e+00
 8.73000  4.485091568714314e+00
 8.73500  4.485091716210267e+00
 8.74000  4.485091862972648e+00
 8.74500  4.485092009005521e+00
 8.75000  4.485092154312928e+00
 8.75500  4.485092298898882e+00
 8.76000  4.485092442767374e+00
 8.76500  4.485092585922373e+00
 8.77000  4.485092728367820e+00
 8.77500  4.485092870107635e+00
 8.78000  4.485093011145709e+00
 8.78500  4.485093151485916e+00
 8.79000  4.485093291132102e+00
 8.79500  4.485093430088092e+00
 8.80000  4.485093568357687e+00
 8.80500  4.485093705944663e+00
 8.81000  4.485093842852775e+00
 8.81500  4.485093979085756e+00
 8.82000  4.485094114647316e+00
 8.82500  4.485094249541140e+00
 8.83000  4.485094383770893e+00
 8.83500  4.485094517340219e+00
 8.84000  4.485094650252737e+00
 8.84500  4.485094782512045e+00
 8.85000  4.485094914121722e+00
 8.85500  4.485095045085321e+00
 8.86000  4.485095175406376e+00
 8.86500  4.485095305088401e+00
 8.87000  4.485095434134885e+00
 8.87500  4.485095562549300e+00
 8.88000  4.485095690335095e+00
 8.88500  4.485095817495699e+00
 8.89000  4.485095944034519e+00
 8.89500  4.485096069954943e+00
 8.90000  4.485096195260337e+00
 8.90500  4.485096319954051e+00
 8.91000  4.485096444039409e+00
 8.91500  4.485096567519719e+00
 8.92000  4.485096690398268e+00
 8.92500  4.485096812678323e+00
 8.93000  4.485096934363134e+00
 8.93500  4.485097055455926e+00
 8.94000  4.485097175959911e+00
 8.94500  4.485097295878277e+00
 8.95000  4.485097415214196e+00
 8.95500  4.485097533970820e+00
 8.96000  4.485097652151282e+00
 8.96500  4.485097769758696e+00
 8.97000  4.485097886796160e+00
 8.97500  4.485098003266748e+00
 8.98000  4.485098119173522e+00
 8.98500  4.485098234519522e+00
 8.99000  4.485098349307770e+00
 8.99500  4.485098463541273e+00
 9.00000  4.485098577223018e+00
 9.00500  4.485098690355971e+00
 9.01000  4.485098802943088e+00
 9.01500  4.485098914987301e+00
 9.02000  4.485099026491526e+00
 9.02500  4.485099137458665e+00
 9.03000  4.485099247891600e+00
 9.03500  4.485099357793194e+00
 9.04000  4.485099467166298e+00
 9.04500  4.485099576013742e+00
 9.05000  4.485099684338342e+00
 9.05500  4.485099792142895e+00
 9.06000  4.485099899430184e+00
 9.06500  4.485100006202973e+00
 9.07000  4.485100112464014e+00
 9.07500  4.485100218216036e+00
 9.08000  4.485100323461758e+00
 9.08500  4.485100428203880e+00
 9.09000  4.485100532445087e+00
 9.09500  4.485100636188048e+00
 9.10000  4.485100739435418e+00
 9.10500  4.485100842189833e+00
 9.11000  4.485100944453915e+00
 9.11500  4.485101046230272e+00
 9.12000  4.485101147521497e+00
 9.12500  4.485101248330164e+00
 9.13000  4.485101348658836e+00
 9.13500  4.485101448510060e+00
 9.14000  4.485101547886365e+00
 9.14500  4.485101646790270e+00
 9.15000  4.485101745224276e+00
 9.15500  4.485101843190872e+00
 9.16000  4.485101940692529e+00
 9.16500  4.485102037731708e+00
 9.17000  4.485102134310851e+00
 9.17500  4.485102230432388e+00
 9.18000  4.485102326098736e+00
 9.18500  4.485102421312296e+00
 9.19000  4.485102516075456e+00
 9.19500  4.485102610390589e+00
 9.20000  4.485102704260057e+00
 9.20500  4.485102797686205e+00
 9.21000  4.485102890671365e+00
 9.21500  4.485102983217859e+00
 9.22000  4.485103075327991e+00
 9.22500  4.485103167004053e+00
 9.23000  4.485103258248325e+00
 9.23500  4.485103349063071e+00
 9.24000  4.485103439450548e+00
 9.24500  4.485103529412993e+00
 9.25000  4.485103618952633e+00
 9.25500  4.485103708071682e+00
 9.26000  4.485103796772341e+00
 9.26500  4.485103885056800e+00
 9.27000  4.485103972927234e+00
 9.27500  4.485104060385805e+00
 9.28000  4.485104147434667e+00
 9.28500  4.485104234075957e+00
 9.29000  4.485104320311800e+00
 9.29500  4.485104406144312e+00
 9.30000  4.485104491575593e+00
 9.30500  4.485104576607735e+00
 9.31000  4.485104661242814e+00
 9.31500  4.485104745482897e+00
 9.32000  4.485104829330036e+00
 9.32500  4.485104912786276e+00
 9.33000  4.485104995853646e+00
 9.33500  4.485105078534165e+00
 9.34000  4.485105160829840e+00
 9.34500  4.485105242742668e+00
 9.35000  4.485105324274631e+00
 9.35500  4.485105405427706e+00
 9.36000  4.485105486203852e+00
 9.36500  4.485105566605021e+00
 9.37000  4.485105646633151e+00
 9.37500  4.485105726290172e+00
 9.38000  4.485105805578001e+00
 9.38500  4.485105884498544e+00
 9.39000  4.485105963053696e+00
 9.39500  4.485106041245345e+00
 9.40000  4.485106119075362e+00
 9.40500  4.485106196545612e+00
 9.41000  4.485106273657948e+00
 9.41500  4.485106350414212e+00
 9.42000  4.485106426816237e+00
 9.42500  4.485106502865842e+00
 9.43000  4.485106578564842e+00
 9.43500  4.485106653915035e+00
 9.44000  4.485106728918212e+00
 9.44500  4.485106803576156e+00
 9.45000  4.485106877890634e+00
 9.45500  4.485106951863409e+00
 9.46000  4.485107025496233e+00
 9.46500  4.485107098790844e+00
 9.47000  4.485107171748974e+00
 9.47500  4.485107244372344e+00
 9.48000  4.485107316662666e+00
 9.48500  4.485107388621640e+00
 9.49000  4.485107460250961e+00
 9.49500  4.485107531552309e+00
 9.50000  4.485107602527359e+00
 9.50500  4.485107673177774e+00
 9.51000  4.485107743505210e+00
 9.51500  4.485107813511308e+00
 9.52000  4.485107883197709e+00
 9.52500  4.485107952566038e+00
 9.53000  4.485108021617911e+00
 9.53500  4.485108090354937e+00
 9.54000  4.485108158778718e+00
 9.54500  4.485108226890842e+00
 9.55000  4.485108294692891e+00
 9.55500  4.485108362186438e+00
 9.56000  4.485108429373049e+00
 9.56500  4.485108496254276e+00
 9.57000  4.485108562831668e+00
 9.57500  4.485108629106762e+00
 9.58000  4.485108695081087e+00
 9.58500  4.485108760756166e+00
 9.59000  4.485108826133508e+00
 9.59500  4.485108891214620e+00
 9.60000  4.485108956000995e+00
 9.60500  4.485109020494122e+00
 9.61000  4.485109084695480e+00
 9.61500  4.485109148606539e+00
 9.62000  4.485109212228763e+00
 9.62500  4.485109275563604e+00
 9.63000  4.485109338612510e+00
 9.63500  4.485109401376919e+00
 9.64000  4.485109463858261e+00
 9.64500  4.485109526057959e+00
 9.65000  4.485109587977428e+00
 9.65500  4.485109649618074e+00
 9.66000  4.485109710981296e+00
 9.66500  4.485109772068486e+00
 9.67000  4.485109832881026e+00
 9.67500  4.485109893420294e+00
 9.68000  4.485109953687656e+00
 9.68500  4.485110013684474e+00
 9.69000  4.485110073412101e+00
 9.69500  4.485110132871883e+00
 9.70000  4.485110192065158e+00
 9.70500  4.485110250993257e+00
 9.71000  4.485110309657504e+00
 9.71500  4.485110368059214e+00
 9.72000  4.485110426199699e+00
 9.72500  4.485110484080258e+00
 9.73000  4.485110541702188e+00
 9.73500  4.485110599066775e+00
 9.74000  4.485110656175300e+00
 9.74500  4.485110713029036e+00
 9.75000  4.485110769629251e+00
 9.75500  4.485110825977205e+00
 9.76000  4.485110882074148e+00
 9.76500  4.485110937921329e+00
 9.77000  4.485110993519984e+00
 9.77500  4.485111048871349e+00
 9.78000  4.485111103976646e+00
 9.78500  4.485111158837096e+00
 9.79000  4.485111213453910e+00
 9.79500  4.485111267828295e+00
 9.80000  4.485111321961449e+00
 9.80500  4.485111375854564e+00
 9.81000  4.485111429508827e+00
 9.81500  4.485111482925418e+00
 9.82000  4.485111536105508e+00
 9.82500  4.485111589050265e+00
 9.83000  4.485111641760851e+00
 9.83500  4.485111694238417e+00
 9.84000  4.485111746484112e+00
 9.84500  4.485111798499078e+00
 9.85000  4.485111850284451e+00
 9.85500  4.485111901841358e+00
 9.86000  4.485111953170923e+00
 9.86500  4.485112004274264e+00
 9.87000  4.485112055152492e+00
 9.87500  4.485112105806711e+00
 9.88000  4.485112156238020e+00
 9.88500  4.485112206447512e+00
 9.89000  4.485112256436275e+00
 9.89500  4.485112306205389e+00
 9.90000  4.485112355755930e+00
 9.90500  4.485112405088967e+00
 9.91000  4.485112454205565e+00
 9.91500  4.485112503106780e+00
 9.92000  4.485112551793668e+00
 9.92500  4.485112600267271e+00
 9.93000  4.485112648528633e+00
 9.93500  4.485112696578790e+00
 9.94000  4.485112744418770e+00
 9.94500  4.485112792049599e+00
 9.95000  4.485112839472295e+00
 9.95500  4.485112886687872e+00
 9.96000  4.485112933697336e+00
 9.96500  4.485112980501691e+00
 9.97000  4.485113027101936e+00
 9.97500  4.485113073499059e+00
 9.98000  4.485113119694049e+00
 9.98500  4.485113165687887e+00
 9.99000  4.485113211481548e+00
 9.99500  4.485113257076003e+00
10.00000  4.485113302472219e+00
