# 1.81000000(Re)  9.35999999(De)  6.89765262(Te)  1.51175233(beta) C3S-1.dat
 0.00000  1.609194613982891e+03
 0.00500  1.584550423744001e+03
 0.01000  1.559906233505112e+03
 0.01500  1.535633347719210e+03
 0.02000  1.511726279327130e+03
 0.02500  1.488179621604526e+03
 0.03000  1.464988046991073e+03
 0.03500  1.442146305936702e+03
 0.04000  1.419649225764611e+03
 0.04500  1.397491709550813e+03
 0.05000  1.375668735019962e+03
 0.05500  1.354175353457261e+03
 0.06000  1.333006688636160e+03
 0.06500  1.312157935761686e+03
 0.07000  1.291624360429101e+03
 0.07500  1.271401297597740e+03
 0.08000  1.251484150579740e+03
 0.08500  1.231868390043501e+03
 0.09000  1.212549553031627e+03
 0.09500  1.193523241993156e+03
 0.10000  1.174785123829860e+03
 0.10500  1.156330928956422e+03
 0.11000  1.138156450374271e+03
 0.11500  1.120257542758913e+03
 0.12000  1.102630121560499e+03
 0.12500  1.085270162117517e+03
 0.13000  1.068173698783340e+03
 0.13500  1.051336824065503e+03
 0.14000  1.034755687777490e+03
 0.14500  1.018426496202866e+03
 0.15000  1.002345511271557e+03
 0.15500  9.865090497481245e+02
 0.16000  9.709134824318448e+02
 0.16500  9.555552333684209e+02
 0.17000  9.404307790731716e+02
 0.17500  9.255366477655092e+02
 0.18000  9.108694186145689e+02
 0.18500  8.964257209958006e+02
 0.19000  8.822022337583855e+02
 0.19500  8.681956845033069e+02
 0.20000  8.544028488719290e+02
 0.20500  8.408205498449208e+02
 0.21000  8.274456570513853e+02
 0.21500  8.142750860880434e+02
 0.22000  8.013057978483196e+02
 0.22500  7.885347978611918e+02
 0.23000  7.759591356396664e+02
 0.23500  7.635759040387238e+02
 0.24000  7.513822386226238e+02
 0.24500  7.393753170413994e+02
 0.25000  7.275523584164426e+02
 0.25500  7.159106227350172e+02
 0.26000  7.044474102535927e+02
 0.26500  6.931600609098582e+02
 0.27000  6.820459537432986e+02
 0.27500  6.711025063241963e+02
 0.28000  6.603271741909517e+02
 0.28500  6.497174502955870e+02
 0.29000  6.392708644573313e+02
 0.29500  6.289849828241445e+02
 0.30000  6.188574073420923e+02
 0.30500  6.088857752324423e+02
 0.31000  5.990677584763669e+02
 0.31500  5.894010633071530e+02
 0.32000  5.798834297098035e+02
 0.32500  5.705126309279234e+02
 0.33000  5.612864729777814e+02
 0.33500  5.522027941694531e+02
 0.34000  5.432594646349297e+02
 0.34500  5.344543858631025e+02
 0.35000  5.257854902415128e+02
 0.35500  5.172507406047812e+02
 0.36000  5.088481297896039e+02
 0.36500  5.005756801962347e+02
 0.37000  4.924314433563529e+02
 0.37500  4.844134995072217e+02
 0.38000  4.765199571720451e+02
 0.38500  4.687489527464435e+02
 0.39000  4.610986500909453e+02
 0.39500  4.535672401294171e+02
 0.40000  4.461529404533395e+02
 0.40500  4.388539949318486e+02
 0.41000  4.316686733274582e+02
 0.41500  4.245952709173751e+02
 0.42000  4.176321081203344e+02
 0.42500  4.107775301288684e+02
 0.43000  4.040299065469344e+02
 0.43500  3.973876310328169e+02
 0.44000  3.908491209472363e+02
 0.44500  3.844128170065816e+02
 0.45000  3.780771829411972e+02
 0.45500  3.718407051586439e+02
 0.46000  3.657018924118711e+02
 0.46500  3.596592754722201e+02
 0.47000  3.537114068071939e+02
 0.47500  3.478568602629202e+02
 0.48000  3.420942307512443e+02
 0.48500  3.364221339413777e+02
 0.49000  3.308392059560441e+02
 0.49500  3.253441030720502e+02
 0.50000  3.199355014252228e+02
 0.50500  3.146120967196430e+02
 0.51000  3.093726039411206e+02
 0.51500  3.042157570748448e+02
 0.52000  2.991403088271472e+02
 0.52500  2.941450303513239e+02
 0.53000  2.892287109774504e+02
 0.53500  2.843901579461391e+02
 0.54000  2.796281961461751e+02
 0.54500  2.749416678559753e+02
 0.55000  2.703294324888209e+02
 0.55500  2.657903663418009e+02
 0.56000  2.613233623484165e+02
 0.56500  2.569273298347923e+02
 0.57000  2.526011942794427e+02
 0.57500  2.483438970765412e+02
 0.58000  2.441543953026404e+02
 0.58500  2.400316614867946e+02
 0.59000  2.359746833840347e+02
 0.59500  2.319824637521458e+02
 0.60000  2.280540201317012e+02
 0.60500  2.241883846293041e+02
 0.61000  2.203846037039887e+02
 0.61500  2.166417379567403e+02
 0.62000  2.129588619230835e+02
 0.62500  2.093350638686950e+02
 0.63000  2.057694455879989e+02
 0.63500  2.022611222057004e+02
 0.64000  1.988092219812140e+02
 0.64500  1.954128861159450e+02
 0.65000  1.920712685633829e+02
 0.65500  1.887835358419648e+02
 0.66000  1.855488668506712e+02
 0.66500  1.823664526873102e+02
 0.67000  1.792354964694538e+02
 0.67500  1.761552131579888e+02
 0.68000  1.731248293832409e+02
 0.68500  1.701435832736370e+02
 0.69000  1.672107242868676e+02
 0.69500  1.643255130435145e+02
 0.70000  1.614872211631055e+02
 0.70500  1.586951311025631e+02
 0.71000  1.559485359970106e+02
 0.71500  1.532467395029030e+02
 0.72000  1.505890556434468e+02
 0.72500  1.479748086562774e+02
 0.73000  1.454033328433607e+02
 0.73500  1.428739724230840e+02
 0.74000  1.403860813845095e+02
 0.74500  1.379390233437546e+02
 0.75000  1.355321714024684e+02
 0.75500  1.331649080083765e+02
 0.76000  1.308366248178620e+02
 0.76500  1.285467225605525e+02
 0.77000  1.262946109058865e+02
 0.77500  1.240797083316270e+02
 0.78000  1.219014419942968e+02
 0.78500  1.197592476015063e+02
 0.79000  1.176525692861464e+02
 0.79500  1.155808594824183e+02
 0.80000  1.135435788036760e+02
 0.80500  1.115401959220527e+02
 0.81000  1.095701874498465e+02
 0.81500  1.076330378226382e+02
 0.82000  1.057282391841189e+02
 0.82500  1.038552912725989e+02
 0.83000  1.020137013091765e+02
 0.83500  1.002029838875401e+02
 0.84000  9.842266086538243e+01
 0.84500  9.667226125740036e+01
 0.85000  9.495132112985986e+01
 0.85500  9.325938349670200e+01
 0.86000  9.159599821716765e+01
 0.86500  8.996072189491883e+01
 0.87000  8.835311777863564e+01
 0.87500  8.677275566406561e+01
 0.88000  8.521921179750650e+01
 0.88500  8.369206878069956e+01
 0.89000  8.219091547711402e+01
 0.89500  8.071534691960260e+01
 0.90000  7.926496421940675e+01
 0.90500  7.783937447649386e+01
 0.91000  7.643819069120536e+01
 0.91500  7.506103167719742e+01
 0.92000  7.370752197565568e+01
 0.92500  7.237729177076444e+01
 0.93000  7.106997680641342e+01
 0.93500  6.978521830412255e+01
 0.94000  6.852266288216821e+01
 0.94500  6.728196247589310e+01
 0.95000  6.606277425918194e+01
 0.95500  6.486476056708703e+01
 0.96000  6.368758881958595e+01
 0.96500  6.253093144645518e+01
 0.97000  6.139446581324422e+01
 0.97500  6.027787414833261e+01
 0.98000  5.918084347105534e+01
 0.98500  5.810306552088079e+01
 0.99000  5.704423668762516e+01
 0.99500  5.600405794268951e+01
 1.00000  5.498223477130354e+01
 1.00500  5.397847710576136e+01
 1.01000  5.299249925963601e+01
 1.01500  5.202401986295676e+01
 1.02000  5.107276179833674e+01
 1.02500  5.013845213803557e+01
 1.03000  4.922082208194477e+01
 1.03500  4.831960689648172e+01
 1.04000  4.743454585437846e+01
 1.04500  4.656538217535365e+01
 1.05000  4.571186296765354e+01
 1.05500  4.487373917044992e+01
 1.06000  4.405076549708229e+01
 1.06500  4.324270037913232e+01
 1.07000  4.244930591131772e+01
 1.07500  4.167034779719456e+01
 1.08000  4.090559529565527e+01
 1.08500  4.015482116821170e+01
 1.09000  3.941780162705047e+01
 1.09500  3.869431628385115e+01
 1.10000  3.798414809935418e+01
 1.10500  3.728708333366924e+01
 1.11000  3.660291149731207e+01
 1.11500  3.593142530296014e+01
 1.12000  3.527242061791554e+01
 1.12500  3.462569641726606e+01
 1.13000  3.399105473773297e+01
 1.13500  3.336830063219667e+01
 1.14000  3.275724212488930e+01
 1.14500  3.215769016724549e+01
 1.15000  3.156945859440072e+01
 1.15500  3.099236408232882e+01
 1.16000  3.042622610560834e+01
 1.16500  2.987086689580932e+01
 1.17000  2.932611140049118e+01
 1.17500  2.879178724280245e+01
 1.18000  2.826772468167431e+01
 1.18500  2.775375657259840e+01
 1.19000  2.724971832898128e+01
 1.19500  2.675544788406607e+01
 1.20000  2.627078565341429e+01
 1.20500  2.579557449793825e+01
 1.21000  2.532965968747736e+01
 1.21500  2.487288886490922e+01
 1.22000  2.442511201078874e+01
 1.22500  2.398618140850653e+01
 1.23000  2.355595160995999e+01
 1.23500  2.313427940172882e+01
 1.24000  2.272102377174807e+01
 1.24500  2.231604587647110e+01
 1.25000  2.191920900851582e+01
 1.25500  2.153037856478636e+01
 1.26000  2.114942201506412e+01
 1.26500  2.077620887106058e+01
 1.27000  2.041061065592573e+01
 1.27500  2.005250087420482e+01
 1.28000  1.970175498223767e+01
 1.28500  1.935825035899328e+01
 1.29000  1.902186627733395e+01
 1.29500  1.869248387570241e+01
 1.30000  1.836998613022568e+01
 1.30500  1.805425782722990e+01
 1.31000  1.774518553615959e+01
 1.31500  1.744265758289617e+01
 1.32000  1.714656402346908e+01
 1.32500  1.685679661815441e+01
 1.33000  1.657324880595506e+01
 1.33500  1.629581567945698e+01
 1.34000  1.602439396005573e+01
 1.34500  1.575888197354852e+01
 1.35000  1.549917962608559e+01
 1.35500  1.524518838047649e+01
 1.36000  1.499681123284536e+01
 1.36500  1.475395268963070e+01
 1.37000  1.451651874492409e+01
 1.37500  1.428441685814333e+01
 1.38000  1.405755593203475e+01
 1.38500  1.383584629100020e+01
 1.39000  1.361919965974358e+01
 1.39500  1.340752914223274e+01
 1.40000  1.320074920097165e+01
 1.40500  1.299877563657858e+01
 1.41000  1.280152556766576e+01
 1.41500  1.260891741101606e+01
 1.42000  1.242087086205238e+01
 1.42500  1.223730687559548e+01
 1.43000  1.205814764690600e+01
 1.43500  1.188331659300645e+01
 1.44000  1.171273833427932e+01
 1.44500  1.154633867633683e+01
 1.45000  1.138404459215889e+01
 1.45500  1.122578420449475e+01
 1.46000  1.107148676852511e+01
 1.46500  1.092108265478023e+01
 1.47000  1.077450333231087e+01
 1.47500  1.063168135210794e+01
 1.48000  1.049255033076747e+01
 1.48500  1.035704493439711e+01
 1.49000  1.022510086276087e+01
 1.49500  1.009665483365831e+01
 1.50000  9.971644567535030e+00
 1.50500  9.850008772320836e+00
 1.51000  9.731687128492457e+00
 1.51500  9.616620274357320e+00
 1.52000  9.504749791555311e+00
 1.52500  9.396018190775209e+00
 1.53000  9.290368897682747e+00
 1.53500  9.187746239057082e+00
 1.54000  9.088095429132757e+00
 1.54500  8.991362556143995e+00
 1.55000  8.897494569068487e+00
 1.55500  8.806439264567681e+00
 1.56000  8.718145274120669e+00
 1.56500  8.632562051348946e+00
 1.57000  8.549639859529064e+00
 1.57500  8.469329759290618e+00
 1.58000  8.391583596496682e+00
 1.58500  8.316353990304147e+00
 1.59000  8.243594321401204e+00
 1.59500  8.173258720419497e+00
 1.60000  8.105302056518262e+00
 1.60500  8.039679926138035e+00
 1.61000  7.976348641921343e+00
 1.61500  7.915713733358710e+00
 1.62000  7.858330480268426e+00
 1.62500  7.802845175173819e+00
 1.63000  7.749235944334753e+00
 1.63500  7.697484667752682e+00
 1.64000  7.647578296028214e+00
 1.64500  7.599509004407569e+00
 1.65000  7.553262446145243e+00
 1.65500  7.508819798069809e+00
 1.66000  7.466161581698994e+00
 1.66500  7.425270739413341e+00
 1.67000  7.386130986447489e+00
 1.67500  7.348722120553199e+00
 1.68000  7.313012418680003e+00
 1.68500  7.278974438889382e+00
 1.69000  7.246574294175109e+00
 1.69500  7.215807908053571e+00
 1.70000  7.186682983192586e+00
 1.70500  7.159168199606934e+00
 1.71000  7.133200843216367e+00
 1.71500  7.108702376318377e+00
 1.72000  7.085626345114647e+00
 1.72500  7.063958917282181e+00
 1.73000  7.043722881663641e+00
 1.73500  7.024977286404284e+00
 1.74000  7.007754845949494e+00
 1.74500  6.992030157686197e+00
 1.75000  6.977744832515874e+00
 1.75500  6.964826591408542e+00
 1.76000  6.953200473383041e+00
 1.76500  6.942795033254434e+00
 1.77000  6.933546633528798e+00
 1.77500  6.925406615687717e+00
 1.78000  6.918343456835514e+00
 1.78500  6.912336615207591e+00
 1.79000  6.907362979543106e+00
 1.79500  6.903405298643795e+00
 1.80000  6.900464640950892e+00
 1.80500  6.898545475686229e+00
 1.81000  6.897652618411485e+00
 1.81500  6.897788112834201e+00
 1.82000  6.898941809991160e+00
 1.82500  6.901100824134065e+00
 1.83000  6.904252686877252e+00
 1.83500  6.908385352456573e+00
 1.84000  6.913487202146030e+00
 1.84500  6.919547016516267e+00
 1.85000  6.926548128412999e+00
 1.85500  6.934460976158914e+00
 1.86000  6.943249721430476e+00
 1.86500  6.952869851094552e+00
 1.87000  6.963270546286236e+00
 1.87500  6.974402931913832e+00
 1.88000  6.986222854747074e+00
 1.88500  6.998692195535852e+00
 1.89000  7.011781073154245e+00
 1.89500  7.025469043644502e+00
 1.90000  7.039747520024811e+00
 1.90500  7.054621825109748e+00
 1.91000  7.070106730004318e+00
 1.91500  7.086206009838954e+00
 1.92000  7.102914134863329e+00
 1.92500  7.120217078938342e+00
 1.93000  7.138093364404359e+00
 1.93500  7.156517679354390e+00
 1.94000  7.175458313231854e+00
 1.94500  7.194888020703060e+00
 1.95000  7.214788384402551e+00
 1.95500  7.235143833199317e+00
 1.96000  7.255945976567794e+00
 1.96500  7.277189025935644e+00
 1.97000  7.298861013412535e+00
 1.97500  7.320945452288594e+00
 1.98000  7.343427017027626e+00
 1.98500  7.366292199918919e+00
 1.99000  7.389526059997168e+00
 1.99500  7.413114517194810e+00
 2.00000  7.437045244060226e+00
 2.00500  7.461306711412581e+00
 2.01000  7.485887389060696e+00
 2.01500  7.510775454874826e+00
 2.02000  7.535959766842336e+00
 2.02500  7.561428654374815e+00
 2.03000  7.587170710227462e+00
 2.03500  7.613174888433830e+00
 2.04000  7.639430172070186e+00
 2.04500  7.665926211591440e+00
 2.05000  7.692653270505438e+00
 2.05500  7.719601840869383e+00
 2.06000  7.746762214884500e+00
 2.06500  7.774124389098841e+00
 2.07000  7.801678504234125e+00
 2.07500  7.829414673490177e+00
 2.08000  7.857323077800393e+00
 2.08500  7.885394008172519e+00
 2.09000  7.913618054342583e+00
 2.09500  7.941946771785798e+00
 2.10000  7.970140318311033e+00
 2.10500  7.998171570227441e+00
 2.11000  8.026041843952777e+00
 2.11500  8.053752442141654e+00
 2.12000  8.081304653861544e+00
 2.12500  8.108699754766112e+00
 2.13000  8.135939007265954e+00
 2.13500  8.163023660696746e+00
 2.14000  8.189954951484872e+00
 2.14500  8.216734103310603e+00
 2.15000  8.243362327268796e+00
 2.15500  8.269840822027234e+00
 2.16000  8.296170773982576e+00
 2.16500  8.322353357414048e+00
 2.17000  8.348389734634800e+00
 2.17500  8.374281056141077e+00
 2.18000  8.400028460759147e+00
 2.18500  8.425633075790122e+00
 2.19000  8.451096017152619e+00
 2.19500  8.476418389523342e+00
 2.20000  8.501601286475616e+00
 2.20500  8.526645790615897e+00
 2.21000  8.551552973718319e+00
 2.21500  8.576323896857264e+00
 2.22000  8.600959610538029e+00
 2.22500  8.625461154825599e+00
 2.23000  8.649829559471589e+00
 2.23500  8.674065844039323e+00
 2.24000  8.698171018027162e+00
 2.24500  8.722146080990031e+00
 2.25000  8.745992022659241e+00
 2.25500  8.769709823060593e+00
 2.26000  8.793300452630794e+00
 2.26500  8.816764872332239e+00
 2.27000  8.840104033766170e+00
 2.27500  8.863318879284220e+00
 2.28000  8.886410342098404e+00
 2.28500  8.909379346389546e+00
 2.29000  8.932226807414221e+00
 2.29500  8.954953631610152e+00
 2.30000  8.977560716700182e+00
 2.30500  9.000048951794756e+00
 2.31000  9.022419217493013e+00
 2.31500  9.044672385982464e+00
 2.32000  9.066809321137276e+00
 2.32500  9.088830878615223e+00
 2.33000  9.110737905953277e+00
 2.33500  9.132531242661910e+00
 2.34000  9.154211720318081e+00
 2.34500  9.175780162656958e+00
 2.35000  9.197237385662383e+00
 2.35500  9.218584197656114e+00
 2.36000  9.239821399385843e+00
 2.36500  9.260949784112020e+00
 2.37000  9.281970137693492e+00
 2.37500  9.302883238672020e+00
 2.38000  9.323689858355605e+00
 2.38500  9.344390760900735e+00
 2.39000  9.364986703393493e+00
 2.39500  9.385478435929608e+00
 2.40000  9.405866701693411e+00
 2.40500  9.426152237035764e+00
 2.41000  9.446335771550899e+00
 2.41500  9.466418028152315e+00
 2.42000  9.486399723147587e+00
 2.42500  9.506281566312234e+00
 2.43000  9.526064260962603e+00
 2.43500  9.545748504027767e+00
 2.44000  9.565334986120524e+00
 2.44500  9.584824391607413e+00
 2.45000  9.604217398677841e+00
 2.45500  9.623514679412306e+00
 2.46000  9.642716899849715e+00
 2.46500  9.661824720053836e+00
 2.47000  9.680838794178891e+00
 2.47500  9.699759770534280e+00
 2.48000  9.718588291648482e+00
 2.48500  9.737324994332129e+00
 2.49000  9.755970509740258e+00
 2.49500  9.774525463433774e+00
 2.50000  9.792990475440106e+00
 2.50500  9.811366160313113e+00
 2.51000  9.829653127192193e+00
 2.51500  9.847851979860655e+00
 2.52000  9.865963316803345e+00
 2.52500  9.883987731263543e+00
 2.53000  9.901925811299126e+00
 2.53500  9.919778139838019e+00
 2.54000  9.937545294732976e+00
 2.54500  9.955227848815621e+00
 2.55000  9.972826369949852e+00
 2.55500  9.990341421084537e+00
 2.56000  1.000777356030559e+01
 2.56500  1.002512334088736e+01
 2.57000  1.004239131134337e+01
 2.57500  1.005957801547651e+01
 2.58000  1.007668399242846e+01
 2.58500  1.009370977672860e+01
 2.59000  1.011065589834236e+01
 2.59500  1.012752288271879e+01
 2.60000  1.014431125083776e+01
 2.60500  1.016102151925639e+01
 2.61000  1.017765420015506e+01
 2.61500  1.019420980138276e+01
 2.62000  1.021068882650189e+01
 2.62500  1.022709177483258e+01
 2.63000  1.024341914149640e+01
 2.63500  1.025967141745953e+01
 2.64000  1.027584908957550e+01
 2.64500  1.029195264062731e+01
 2.65000  1.030798254936906e+01
 2.65500  1.032393929056712e+01
 2.66000  1.033982333504078e+01
 2.66500  1.035563514970238e+01
 2.67000  1.037137519759699e+01
 2.67500  1.038704393794163e+01
 2.68000  1.040264182616397e+01
 2.68500  1.041816931394061e+01
 2.69000  1.043362684923489e+01
 2.69500  1.044901487633423e+01
 2.70000  1.046433383588704e+01
 2.70500  1.047958416493922e+01
 2.71000  1.049476629697020e+01
 2.71500  1.050988066192853e+01
 2.72000  1.052492768626708e+01
 2.72500  1.053990779297786e+01
 2.73000  1.055482140162632e+01
 2.73500  1.056966892838541e+01
 2.74000  1.058445078606908e+01
 2.74500  1.059916738416545e+01
 2.75000  1.061381912886967e+01
 2.75500  1.062840642311626e+01
 2.76000  1.064292966661118e+01
 2.76500  1.065738925586347e+01
 2.77000  1.067178558421654e+01
 2.77500  1.068611904187911e+01
 2.78000  1.070039001595580e+01
 2.78500  1.071459889047729e+01
 2.79000  1.072874604643026e+01
 2.79500  1.074283186178688e+01
 2.80000  1.075685671153400e+01
 2.80500  1.077082096770204e+01
 2.81000  1.078472499939347e+01
 2.81500  1.079856917281104e+01
 2.82000  1.081235385128564e+01
 2.82500  1.082607939530391e+01
 2.83000  1.083974616253543e+01
 2.83500  1.085335450785968e+01
 2.84000  1.086690478339269e+01
 2.84500  1.088039733851340e+01
 2.85000  1.089383251988962e+01
 2.85500  1.090721067150386e+01
 2.86000  1.092053213467874e+01
 2.86500  1.093379724810218e+01
 2.87000  1.094700634785229e+01
 2.87500  1.096015976742197e+01
 2.88000  1.097325783774326e+01
 2.88500  1.098630088721141e+01
 2.89000  1.099928924170866e+01
 2.89500  1.101222322462780e+01
 2.90000  1.102510315689544e+01
 2.90500  1.103792935699501e+01
 2.91000  1.105070214098954e+01
 2.91500  1.106342182254417e+01
 2.92000  1.107608871294841e+01
 2.92500  1.108870312113819e+01
 2.93000  1.110126535371759e+01
 2.93500  1.111377571498040e+01
 2.94000  1.112623450693147e+01
 2.94500  1.113864202930772e+01
 2.95000  1.115099857959900e+01
 2.95500  1.116330445306876e+01
 2.96000  1.117555994277438e+01
 2.96500  1.118776533958736e+01
 2.97000  1.119992093221329e+01
 2.97500  1.121202700721159e+01
 2.98000  1.122408384901501e+01
 2.98500  1.123609173994900e+01
 2.99000  1.124805096025077e+01
 2.99500  1.125996178808818e+01
 3.00000  1.127182449957853e+01
 3.00500  1.128363936880696e+01
 3.01000  1.129540666784483e+01
 3.01500  1.130712666676778e+01
 3.02000  1.131879963367368e+01
 3.02500  1.133042583470036e+01
 3.03000  1.134200553404310e+01
 3.03500  1.135353899397206e+01
 3.04000  1.136502647484938e+01
 3.04500  1.137646823514622e+01
 3.05000  1.138786453145954e+01
 3.05500  1.139921561852874e+01
 3.06000  1.141052174925213e+01
 3.06500  1.142178317470322e+01
 3.07000  1.143300014414682e+01
 3.07500  1.144417290505500e+01
 3.08000  1.145530170312284e+01
 3.08500  1.146638678228412e+01
 3.09000  1.147742838472671e+01
 3.09500  1.148842675090787e+01
 3.10000  1.149938211956943e+01
 3.10500  1.151029472775273e+01
 3.11000  1.152116481081346e+01
 3.11500  1.153199260243634e+01
 3.12000  1.154277833464960e+01
 3.12500  1.155352223783943e+01
 3.13000  1.156422454076412e+01
 3.13500  1.157488547056821e+01
 3.14000  1.158550525279637e+01
 3.14500  1.159608411140723e+01
 3.15000  1.160662226878701e+01
 3.15500  1.161711994576306e+01
 3.16000  1.162757736161720e+01
 3.16500  1.163799473409899e+01
 3.17000  1.164837227943882e+01
 3.17500  1.165871021236087e+01
 3.18000  1.166900874609602e+01
 3.18500  1.167926809239446e+01
 3.19000  1.168948846153837e+01
 3.19500  1.169967006235431e+01
 3.20000  1.170981310222559e+01
 3.20500  1.171991778710449e+01
 3.21000  1.172998432152430e+01
 3.21500  1.174001290861134e+01
 3.22000  1.175000375009676e+01
 3.22500  1.175995704632832e+01
 3.23000  1.176987299628197e+01
 3.23500  1.177975179757335e+01
 3.24000  1.178959364646917e+01
 3.24500  1.179939873789851e+01
 3.25000  1.180916726546395e+01
 3.25500  1.181889942145263e+01
 3.26000  1.182859539684721e+01
 3.26500  1.183825538133665e+01
 3.27000  1.184787956332699e+01
 3.27500  1.185746812995196e+01
 3.28000  1.186702126708350e+01
 3.28500  1.187653915934212e+01
 3.29000  1.188602199010731e+01
 3.29500  1.189546994152769e+01
 3.30000  1.190488319453111e+01
 3.30500  1.191426192883472e+01
 3.31000  1.192360632295486e+01
 3.31500  1.193291655421685e+01
 3.32000  1.194219279876478e+01
 3.32500  1.195143523157110e+01
 3.33000  1.196064402644617e+01
 3.33500  1.196981935604770e+01
 3.34000  1.197896139189013e+01
 3.34500  1.198807030435389e+01
 3.35000  1.199714626269455e+01
 3.35500  1.200618943505196e+01
 3.36000  1.201519998845920e+01
 3.36500  1.202417808885154e+01
 3.37000  1.203312390107527e+01
 3.37500  1.204203758889641e+01
 3.38000  1.205091931500944e+01
 3.38500  1.205976924104580e+01
 3.39000  1.206858752758249e+01
 3.39500  1.207737433415041e+01
 3.40000  1.208612981924274e+01
 3.40500  1.209485414032319e+01
 3.41000  1.210354745383422e+01
 3.41500  1.211220991520510e+01
 3.42000  1.212084167885996e+01
 3.42500  1.212944289822577e+01
 3.43000  1.213801372574020e+01
 3.43500  1.214655431285943e+01
 3.44000  1.215506481006589e+01
 3.44500  1.216354536687594e+01
 3.45000  1.217199613184742e+01
 3.45500  1.218041725258724e+01
 3.46000  1.218880887575876e+01
 3.46500  1.219717114708922e+01
 3.47000  1.220550421137704e+01
 3.47500  1.221380821249906e+01
 3.48000  1.222208329341774e+01
 3.48500  1.223032959618827e+01
 3.49000  1.223854726196561e+01
 3.49500  1.224673643101145e+01
 3.50000  1.225489724270120e+01
 3.50500  1.226302983553078e+01
 3.51000  1.227113434712344e+01
 3.51500  1.227921091423649e+01
 3.52000  1.228725967276797e+01
 3.52500  1.229528075776327e+01
 3.53000  1.230327430342167e+01
 3.53500  1.231124044310281e+01
 3.54000  1.231917930933315e+01
 3.54500  1.232709103381236e+01
 3.55000  1.233497574741957e+01
 3.55500  1.234283358021969e+01
 3.56000  1.235066466146958e+01
 3.56500  1.235846911962423e+01
 3.57000  1.236624708234279e+01
 3.57500  1.237399867649466e+01
 3.58000  1.238172402816547e+01
 3.58500  1.238942326266295e+01
 3.59000  1.239709650452289e+01
 3.59500  1.240474387751491e+01
 3.60000  1.241236550464821e+01
 3.60500  1.241996150817736e+01
 3.61000  1.242753200960791e+01
 3.61500  1.243507712970204e+01
 3.62000  1.244259698848408e+01
 3.62500  1.245009170524611e+01
 3.63000  1.245756139855335e+01
 3.63500  1.246500618624964e+01
 3.64000  1.247242618546277e+01
 3.64500  1.247982151260985e+01
 3.65000  1.248719228340253e+01
 3.65500  1.249453861285230e+01
 3.66000  1.250186061527565e+01
 3.66500  1.250915840429918e+01
 3.67000  1.251643209286475e+01
 3.67500  1.252368179323451e+01
 3.68000  1.253090761699589e+01
 3.68500  1.253810967506660e+01
 3.69000  1.254528807769951e+01
 3.69500  1.255244293448758e+01
 3.70000  1.255957435436865e+01
 3.70500  1.256668244563025e+01
 3.71000  1.257376731591437e+01
 3.71500  1.258082907222215e+01
 3.72000  1.258786782091856e+01
 3.72500  1.259488366773702e+01
 3.73000  1.260187671778402e+01
 3.73500  1.260884707554365e+01
 3.74000  1.261579484488209e+01
 3.74500  1.262272012905212e+01
 3.75000  1.262962303069758e+01
 3.75500  1.263650365185767e+01
 3.76000  1.264336209397143e+01
 3.76500  1.265019845788196e+01
 3.77000  1.265701284384077e+01
 3.77500  1.266380535151202e+01
 3.78000  1.267057607997670e+01
 3.78500  1.267732512773686e+01
 3.79000  1.268405259271969e+01
 3.79500  1.269075857228168e+01
 3.80000  1.269744316321268e+01
 3.80500  1.270410646173992e+01
 3.81000  1.271074856353202e+01
 3.81500  1.271736956370298e+01
 3.82000  1.272396955681610e+01
 3.82500  1.273054863688788e+01
 3.83000  1.273710689739189e+01
 3.83500  1.274364443126265e+01
 3.84000  1.275016133089936e+01
 3.84500  1.275665768816975e+01
 3.85000  1.276313359441379e+01
 3.85500  1.276958914044738e+01
 3.86000  1.277602441656608e+01
 3.86500  1.278243951254873e+01
 3.87000  1.278883451766107e+01
 3.87500  1.279520952065935e+01
 3.88000  1.280156460979386e+01
 3.88500  1.280789987281249e+01
 3.89000  1.281421539696422e+01
 3.89500  1.282051126900260e+01
 3.90000  1.282678757518918e+01
 3.90500  1.283304440129694e+01
 3.91000  1.283928183261368e+01
 3.91500  1.284549995394535e+01
 3.92000  1.285169884961945e+01
 3.92500  1.285787860348825e+01
 3.93000  1.286403929893214e+01
 3.93500  1.287018101886284e+01
 3.94000  1.287630384572665e+01
 3.94500  1.288240786150762e+01
 3.95000  1.288849314773077e+01
 3.95500  1.289455978546517e+01
 3.96000  1.290060785532714e+01
 3.96500  1.290663743748328e+01
 3.97000  1.291264861165358e+01
 3.97500  1.291864145711446e+01
 3.98000  1.292461605270178e+01
 3.98500  1.293057247681385e+01
 3.99000  1.293651080741438e+01
 3.99500  1.294243112203548e+01
 4.00000  1.294833349778054e+01
 4.00500  1.295421801132714e+01
 4.01000  1.296008473892995e+01
 4.01500  1.296593375642357e+01
 4.02000  1.297176513922535e+01
 4.02500  1.297757896233823e+01
 4.03000  1.298337530035353e+01
 4.03500  1.298915422745369e+01
 4.04000  1.299491581741502e+01
 4.04500  1.300066014361042e+01
 4.05000  1.300638727901213e+01
 4.05500  1.301209729619433e+01
 4.06000  1.301779026733586e+01
 4.06500  1.302346626422281e+01
 4.07000  1.302912535825120e+01
 4.07500  1.303476762042950e+01
 4.08000  1.304039312138127e+01
 4.08500  1.304600193134767e+01
 4.09000  1.305159412019002e+01
 4.09500  1.305716975739232e+01
 4.10000  1.306272891206371e+01
 4.10500  1.306827165294100e+01
 4.11000  1.307379804839108e+01
 4.11500  1.307930816641336e+01
 4.12000  1.308480207464224e+01
 4.12500  1.309027984034943e+01
 4.13000  1.309574153044642e+01
 4.13500  1.310118721148675e+01
 4.14000  1.310661694966844e+01
 4.14500  1.311203081083626e+01
 4.15000  1.311742886048404e+01
 4.15500  1.312281116375700e+01
 4.16000  1.312817778545399e+01
 4.16500  1.313352879002974e+01
 4.17000  1.313886424159713e+01
 4.17500  1.314418420392938e+01
 4.18000  1.314948874046225e+01
 4.18500  1.315477791429627e+01
 4.19000  1.316005178819887e+01
 4.19500  1.316531042460652e+01
 4.20000  1.317055388562692e+01
 4.20500  1.317578223304108e+01
 4.21000  1.318099552830544e+01
 4.21500  1.318619383255392e+01
 4.22000  1.319137720660008e+01
 4.22500  1.319654571093907e+01
 4.23000  1.320169940574976e+01
 4.23500  1.320683835089670e+01
 4.24000  1.321196260593218e+01
 4.24500  1.321707223009817e+01
 4.25000  1.322216728232838e+01
 4.25500  1.322724782125013e+01
 4.26000  1.323231390518637e+01
 4.26500  1.323736559215759e+01
 4.27000  1.324240293988375e+01
 4.27500  1.324742600578616e+01
 4.28000  1.325243484698941e+01
 4.28500  1.325742952032321e+01
 4.29000  1.326241008232430e+01
 4.29500  1.326737658923825e+01
 4.30000  1.327232909702133e+01
 4.30500  1.327726766134231e+01
 4.31000  1.328219233758429e+01
 4.31500  1.328710318084648e+01
 4.32000  1.329200024594600e+01
 4.32500  1.329688358741961e+01
 4.33000  1.330175325952552e+01
 4.33500  1.330660931624508e+01
 4.34000  1.331145181128456e+01
 4.34500  1.331628079807681e+01
 4.35000  1.332109632978303e+01
 4.35500  1.332589845929439e+01
 4.36000  1.333068723923376e+01
 4.36500  1.333546272195738e+01
 4.37000  1.334022495955648e+01
 4.37500  1.334497400385894e+01
 4.38000  1.334970990643092e+01
 4.38500  1.335443271857848e+01
 4.39000  1.335914249134920e+01
 4.39500  1.336383927553374e+01
 4.40000  1.336852312166745e+01
 4.40500  1.337319408003193e+01
 4.41000  1.337785220065661e+01
 4.41500  1.338249753332027e+01
 4.42000  1.338713012755261e+01
 4.42500  1.339175003263573e+01
 4.43000  1.339635729760570e+01
 4.43500  1.340095197125403e+01
 4.44000  1.340553410212916e+01
 4.44500  1.341010373853797e+01
 4.45000  1.341466092854724e+01
 4.45500  1.341920571998509e+01
 4.46000  1.342373816044247e+01
 4.46500  1.342825829727456e+01
 4.47000  1.343276617760223e+01
 4.47500  1.343726184831346e+01
 4.48000  1.344174535606472e+01
 4.48500  1.344621674728240e+01
 4.49000  1.345067606816419e+01
 4.49500  1.345512336468045e+01
 4.50000  1.345955868257560e+01
 4.50500  1.346398206736946e+01
 4.51000  1.346839356435861e+01
 4.51500  1.347279321861773e+01
 4.52000  1.347718107500093e+01
 4.52500  1.348155717814308e+01
 4.53000  1.348592157246112e+01
 4.53500  1.349027430215532e+01
 4.54000  1.349461541121066e+01
 4.54500  1.349894494339805e+01
 4.55000  1.350326294227560e+01
 4.55500  1.350756945118995e+01
 4.56000  1.351186451327746e+01
 4.56500  1.351614817146548e+01
 4.57000  1.352042046847363e+01
 4.57500  1.352468144681496e+01
 4.58000  1.352893114879723e+01
 4.58500  1.353316961652411e+01
 4.59000  1.353739689189636e+01
 4.59500  1.354161301661307e+01
 4.60000  1.354581803217282e+01
 4.60500  1.355001197987485e+01
 4.61000  1.355419490082029e+01
 4.61500  1.355836683591324e+01
 4.62000  1.356252782586199e+01
 4.62500  1.356667791118017e+01
 4.63000  1.357081713218782e+01
 4.63500  1.357494552901262e+01
 4.64000  1.357906314159094e+01
 4.64500  1.358317000966899e+01
 4.65000  1.358726617280391e+01
 4.65500  1.359135167036491e+01
 4.66000  1.359542654153431e+01
 4.66500  1.359949082530865e+01
 4.67000  1.360354456049980e+01
 4.67500  1.360758778573599e+01
 4.68000  1.361162053946287e+01
 4.68500  1.361564285994460e+01
 4.69000  1.361965478526488e+01
 4.69500  1.362365635332800e+01
 4.70000  1.362764760185987e+01
 4.70500  1.363162856840904e+01
 4.71000  1.363559929034773e+01
 4.71500  1.363955980487285e+01
 4.72000  1.364351014900701e+01
 4.72500  1.364745035959949e+01
 4.73000  1.365138047332726e+01
 4.73500  1.365530052669598e+01
 4.74000  1.365921055604095e+01
 4.74500  1.366311059752809e+01
 4.75000  1.366700068715491e+01
 4.75500  1.367088086075150e+01
 4.76000  1.367475115398143e+01
 4.76500  1.367861160234272e+01
 4.77000  1.368246224116881e+01
 4.77500  1.368630310562945e+01
 4.78000  1.369013423073167e+01
 4.78500  1.369395565132065e+01
 4.79000  1.369776740208070e+01
 4.79500  1.370156951753611e+01
 4.80000  1.370536203205210e+01
 4.80500  1.370914497983568e+01
 4.81000  1.371291839493659e+01
 4.81500  1.371668231124814e+01
 4.82000  1.372043676250808e+01
 4.82500  1.372418178229955e+01
 4.83000  1.372791740405187e+01
 4.83500  1.373164366104143e+01
 4.84000  1.373536058639256e+01
 4.84500  1.373906821307836e+01
 4.85000  1.374276657392157e+01
 4.85500  1.374645570159537e+01
 4.86000  1.375013562862427e+01
 4.86500  1.375380638738488e+01
 4.87000  1.375746801010678e+01
 4.87500  1.376112052887331e+01
 4.88000  1.376476397562239e+01
 4.88500  1.376839838214735e+01
 4.89000  1.377202378009769e+01
 4.89500  1.377564020097989e+01
 4.90000  1.377924767615823e+01
 4.90500  1.378284623685557e+01
 4.91000  1.378643591415407e+01
 4.91500  1.379001673899604e+01
 4.92000  1.379358874218470e+01
 4.92500  1.379715195438490e+01
 4.93000  1.380070640612392e+01
 4.93500  1.380425212779223e+01
 4.94000  1.380778914964421e+01
 4.94500  1.381131750179893e+01
 4.95000  1.381483721424085e+01
 4.95500  1.381834831682062e+01
 4.96000  1.382185083925573e+01
 4.96500  1.382534481113132e+01
 4.97000  1.382883026190084e+01
 4.97500  1.383230722088680e+01
 4.98000  1.383577571728147e+01
 4.98500  1.383923578014758e+01
 4.99000  1.384268743841907e+01
 4.99500  1.384613072090171e+01
 5.00000  1.384956565627389e+01
 5.00500  1.385299227308723e+01
 5.01000  1.385641059976729e+01
 5.01500  1.385982066461427e+01
 5.02000  1.386322249580370e+01
 5.02500  1.386661612138705e+01
 5.03000  1.387000156929245e+01
 5.03500  1.387337886732535e+01
 5.04000  1.387674804316917e+01
 5.04500  1.388010912438594e+01
 5.05000  1.388346213841700e+01
 5.05500  1.388680711258359e+01
 5.06000  1.389014407408754e+01
 5.06500  1.389347305001187e+01
 5.07000  1.389679406732146e+01
 5.07500  1.390010715286367e+01
 5.08000  1.390341233336895e+01
 5.08500  1.390670963545148e+01
 5.09000  1.390999908560981e+01
 5.09500  1.391328071022741e+01
 5.10000  1.391655453557336e+01
 5.10500  1.391982058780292e+01
 5.11000  1.392307889295810e+01
 5.11500  1.392632947696834e+01
 5.12000  1.392957236565105e+01
 5.12500  1.393280758471219e+01
 5.13000  1.393603515974693e+01
 5.13500  1.393925511624014e+01
 5.14000  1.394246747956705e+01
 5.14500  1.394567227499381e+01
 5.15000  1.394886952767802e+01
 5.15500  1.395205926266936e+01
 5.16000  1.395524150491013e+01
 5.16500  1.395841627923581e+01
 5.17000  1.396158361037562e+01
 5.17500  1.396474352295310e+01
 5.18000  1.396789604148663e+01
 5.18500  1.397104119038999e+01
 5.19000  1.397417899397294e+01
 5.19500  1.397730947644172e+01
 5.20000  1.398043266189959e+01
 5.20500  1.398354857434742e+01
 5.21000  1.398665723768414e+01
 5.21500  1.398975867570735e+01
 5.22000  1.399285291211379e+01
 5.22500  1.399593997049991e+01
 5.23000  1.399901987436233e+01
 5.23500  1.400209264709841e+01
 5.24000  1.400515831200676e+01
 5.24500  1.400821689228771e+01
 5.25000  1.401126841104386e+01
 5.25500  1.401431289128056e+01
 5.26000  1.401735035590643e+01
 5.26500  1.402038082773384e+01
 5.27000  1.402340432947942e+01
 5.27500  1.402642088376453e+01
 5.28000  1.402943051311577e+01
 5.28500  1.403243323996548e+01
 5.29000  1.403542908665218e+01
 5.29500  1.403841807542108e+01
 5.30000  1.404140022842457e+01
 5.30500  1.404437556772265e+01
 5.31000  1.404734411528344e+01
 5.31500  1.405030589298365e+01
 5.32000  1.405326092260900e+01
 5.32500  1.405620922585475e+01
 5.33000  1.405915082432611e+01
 5.33500  1.406208573953872e+01
 5.34000  1.406501399291909e+01
 5.34500  1.406793560580507e+01
 5.35000  1.407085059944630e+01
 5.35500  1.407375899500462e+01
 5.36000  1.407666081355456e+01
 5.36500  1.407955607608378e+01
 5.37000  1.408244480349344e+01
 5.37500  1.408532701659875e+01
 5.38000  1.408820273612930e+01
 5.38500  1.409107198272954e+01
 5.39000  1.409393477695921e+01
 5.39500  1.409679113929376e+01
 5.40000  1.409964109012475e+01
 5.40500  1.410248464976030e+01
 5.41000  1.410532183842552e+01
 5.41500  1.410815267626287e+01
 5.42000  1.411097718333263e+01
 5.42500  1.411379537961329e+01
 5.43000  1.411660728500195e+01
 5.43500  1.411941291931472e+01
 5.44000  1.412221230228717e+01
 5.44500  1.412500545357468e+01
 5.45000  1.412779239275286e+01
 5.45500  1.413057313931793e+01
 5.46000  1.413334771268715e+01
 5.46500  1.413611613219919e+01
 5.47000  1.413887841711450e+01
 5.47500  1.414163458661573e+01
 5.48000  1.414438465980810e+01
 5.48500  1.414712865571980e+01
 5.49000  1.414986659330233e+01
 5.49500  1.415259849143091e+01
 5.50000  1.415532436890487e+01
 5.50500  1.415804424444799e+01
 5.51000  1.416075813670888e+01
 5.51500  1.416346606426136e+01
 5.52000  1.416616804560482e+01
 5.52500  1.416886409916460e+01
 5.53000  1.417155424329234e+01
 5.53500  1.417423849626632e+01
 5.54000  1.417691687629188e+01
 5.54500  1.417958940150169e+01
 5.55000  1.418225608995620e+01
 5.55500  1.418491695964392e+01
 5.56000  1.418757202848180e+01
 5.56500  1.419022131431557e+01
 5.57000  1.419286483492011e+01
 5.57500  1.419550260799977e+01
 5.58000  1.419813465118870e+01
 5.58500  1.420076098205125e+01
 5.59000  1.420338161808222e+01
 5.59500  1.420599657670730e+01
 5.60000  1.420860587528329e+01
 5.60500  1.421120953109856e+01
 5.61000  1.421380756137326e+01
 5.61500  1.421639998325973e+01
 5.62000  1.421898681384280e+01
 5.62500  1.422156807014013e+01
 5.63000  1.422414376910248e+01
 5.63500  1.422671392761411e+01
 5.64000  1.422927856249306e+01
 5.64500  1.423183769049145e+01
 5.65000  1.423439132829583e+01
 5.65500  1.423693949252747e+01
 5.66000  1.423948219974272e+01
 5.66500  1.424201946643323e+01
 5.67000  1.424455130902636e+01
 5.67500  1.424707774388542e+01
 5.68000  1.424959878731000e+01
 5.68500  1.425211445553627e+01
 5.69000  1.425462476473728e+01
 5.69500  1.425712973102329e+01
 5.70000  1.425962937044201e+01
 5.70500  1.426212369897895e+01
 5.71000  1.426461273255768e+01
 5.71500  1.426709648704015e+01
 5.72000  1.426957497822697e+01
 5.72500  1.427204822185771e+01
 5.73000  1.427451623361116e+01
 5.73500  1.427697902910566e+01
 5.74000  1.427943662389935e+01
 5.74500  1.428188903349049e+01
 5.75000  1.428433627331768e+01
 5.75500  1.428677835876022e+01
 5.76000  1.428921530513833e+01
 5.76500  1.429164712771347e+01
 5.77000  1.429407384168856e+01
 5.77500  1.429649546220833e+01
 5.78000  1.429891200435952e+01
 5.78500  1.430132348317120e+01
 5.79000  1.430372991361503e+01
 5.79500  1.430613131060551e+01
 5.80000  1.430852768900028e+01
 5.80500  1.431091906360033e+01
 5.81000  1.431330544915035e+01
 5.81500  1.431568686033890e+01
 5.82000  1.431806331179874e+01
 5.82500  1.432043481810705e+01
 5.83000  1.432280139378573e+01
 5.83500  1.432516305330159e+01
 5.84000  1.432751981106667e+01
 5.84500  1.432987168143848e+01
 5.85000  1.433221867872023e+01
 5.85500  1.433456081716107e+01
 5.86000  1.433689811095642e+01
 5.86500  1.433923057424811e+01
 5.87000  1.434155822112470e+01
 5.87500  1.434388106562173e+01
 5.88000  1.434619912172190e+01
 5.88500  1.434851240335538e+01
 5.89000  1.435082092440002e+01
 5.89500  1.435312469868160e+01
 5.90000  1.435542373997406e+01
 5.90500  1.435771806199975e+01
 5.91000  1.436000767842966e+01
 5.91500  1.436229260288365e+01
 5.92000  1.436457284893071e+01
 5.92500  1.436684843008914e+01
 5.93000  1.436911935982685e+01
 5.93500  1.437138565156154e+01
 5.94000  1.437364731866094e+01
 5.94500  1.437590437444306e+01
 5.95000  1.437815683217637e+01
 5.95500  1.438040470508009e+01
 5.96000  1.438264800632436e+01
 5.96500  1.438488674903049e+01
 5.97000  1.438712094627115e+01
 5.97500  1.438935061107065e+01
 5.98000  1.439157575640510e+01
 5.98500  1.439379639520267e+01
 5.99000  1.439601254034377e+01
 5.99500  1.439822420466131e+01
 6.00000  1.440043140094086e+01
 6.00500  1.440263414192092e+01
 6.01000  1.440483244029310e+01
 6.01500  1.440702630870233e+01
 6.02000  1.440921575974708e+01
 6.02500  1.441140080597958e+01
 6.03000  1.441358145990599e+01
 6.03500  1.441575773398667e+01
 6.04000  1.441792964063631e+01
 6.04500  1.442009719222419e+01
 6.05000  1.442226040107438e+01
 6.05500  1.442441927946589e+01
 6.06000  1.442657383963296e+01
 6.06500  1.442872409376517e+01
 6.07000  1.443087005400769e+01
 6.07500  1.443301173246150e+01
 6.08000  1.443514914118350e+01
 6.08500  1.443728229218681e+01
 6.09000  1.443941119744089e+01
 6.09500  1.444153586887177e+01
 6.10000  1.444365631836224e+01
 6.10500  1.444577255775203e+01
 6.11000  1.444788459883800e+01
 6.11500  1.444999245337435e+01
 6.12000  1.445209613307280e+01
 6.12500  1.445419564960276e+01
 6.13000  1.445629101459153e+01
 6.13500  1.445838223962451e+01
 6.14000  1.446046933624535e+01
 6.14500  1.446255231595613e+01
 6.15000  1.446463119021760e+01
 6.15500  1.446670597044929e+01
 6.16000  1.446877666802973e+01
 6.16500  1.447084329429664e+01
 6.17000  1.447290586054708e+01
 6.17500  1.447496437803764e+01
 6.18000  1.447701885798464e+01
 6.18500  1.447906931156425e+01
 6.19000  1.448111574991275e+01
 6.19500  1.448315818412661e+01
 6.20000  1.448519662526275e+01
 6.20500  1.448723108433865e+01
 6.21000  1.448926157233256e+01
 6.21500  1.449128810018364e+01
 6.22000  1.449331067879217e+01
 6.22500  1.449532931901969e+01
 6.23000  1.449734403168917e+01
 6.23500  1.449935482758518e+01
 6.24000  1.450136171745407e+01
 6.24500  1.450336471200414e+01
 6.25000  1.450536382190575e+01
 6.25500  1.450735905779157e+01
 6.26000  1.450935043025667e+01
 6.26500  1.451133794985874e+01
 6.27000  1.451332162711820e+01
 6.27500  1.451530147251838e+01
 6.28000  1.451727749650572e+01
 6.28500  1.451924970948986e+01
 6.29000  1.452121812184384e+01
 6.29500  1.452318274390427e+01
 6.30000  1.452514358597144e+01
 6.30500  1.452710065830953e+01
 6.31000  1.452905397114672e+01
 6.31500  1.453100353467537e+01
 6.32000  1.453294935905216e+01
 6.32500  1.453489145439827e+01
 6.33000  1.453682983079949e+01
 6.33500  1.453876449830640e+01
 6.34000  1.454069546693453e+01
 6.34500  1.454262274666447e+01
 6.35000  1.454454634744206e+01
 6.35500  1.454646627917851e+01
 6.36000  1.454838255175058e+01
 6.36500  1.455029517500068e+01
 6.37000  1.455220415873706e+01
 6.37500  1.455410951273393e+01
 6.38000  1.455601124673161e+01
 6.38500  1.455790937043668e+01
 6.39000  1.455980389352214e+01
 6.39500  1.456169482562749e+01
 6.40000  1.456358217635894e+01
 6.40500  1.456546595528953e+01
 6.41000  1.456734617195924e+01
 6.41500  1.456922283587519e+01
 6.42000  1.457109595651172e+01
 6.42500  1.457296554331054e+01
 6.43000  1.457483160568092e+01
 6.43500  1.457669415299974e+01
 6.44000  1.457855319461171e+01
 6.44500  1.458040873982945e+01
 6.45000  1.458226079793365e+01
 6.45500  1.458410937817319e+01
 6.46000  1.458595448976528e+01
 6.46500  1.458779614189561e+01
 6.47000  1.458963434371844e+01
 6.47500  1.459146910435678e+01
 6.48000  1.459330043290249e+01
 6.48500  1.459512833841641e+01
 6.49000  1.459695282992852e+01
 6.49500  1.459877391643801e+01
 6.50000  1.460059160691349e+01
 6.50500  1.460240591029304e+01
 6.51000  1.460421683548439e+01
 6.51500  1.460602439136501e+01
 6.52000  1.460782858678225e+01
 6.52500  1.460962943055349e+01
 6.53000  1.461142693146623e+01
 6.53500  1.461322109827822e+01
 6.54000  1.461501193971759e+01
 6.54500  1.461679946448298e+01
 6.55000  1.461858368124364e+01
 6.55500  1.462036459863959e+01
 6.56000  1.462214222528169e+01
 6.56500  1.462391656975181e+01
 6.57000  1.462568764060290e+01
 6.57500  1.462745544635917e+01
 6.58000  1.462921999551613e+01
 6.58500  1.463098129654080e+01
 6.59000  1.463273935787175e+01
 6.59500  1.463449418791926e+01
 6.60000  1.463624579506540e+01
 6.60500  1.463799418766420e+01
 6.61000  1.463973937404172e+01
 6.61500  1.464148136249617e+01
 6.62000  1.464322016129805e+01
 6.62500  1.464495577869023e+01
 6.63000  1.464668822288809e+01
 6.63500  1.464841750207961e+01
 6.64000  1.465014362442552e+01
 6.64500  1.465186659805934e+01
 6.65000  1.465358643108758e+01
 6.65500  1.465530313158977e+01
 6.66000  1.465701670761864e+01
 6.66500  1.465872716720016e+01
 6.67000  1.466043451833371e+01
 6.67500  1.466213876899215e+01
 6.68000  1.466383992712193e+01
 6.68500  1.466553800064322e+01
 6.69000  1.466723299745001e+01
 6.69500  1.466892492541018e+01
 6.70000  1.467061379236565e+01
 6.70500  1.467229960613249e+01
 6.71000  1.467398237450097e+01
 6.71500  1.467566210523572e+01
 6.72000  1.467733880607580e+01
 6.72500  1.467901248473481e+01
 6.73000  1.468068314890102e+01
 6.73500  1.468235080623743e+01
 6.74000  1.468401546438189e+01
 6.74500  1.468567713094721e+01
 6.75000  1.468733581352126e+01
 6.75500  1.468899151966705e+01
 6.76000  1.469064425692283e+01
 6.76500  1.469229403280224e+01
 6.77000  1.469394085479433e+01
 6.77500  1.469558473036372e+01
 6.78000  1.469722566695068e+01
 6.78500  1.469886367197121e+01
 6.79000  1.470049875281716e+01
 6.79500  1.470213091685632e+01
 6.80000  1.470376017143249e+01
 6.80500  1.470538652386563e+01
 6.81000  1.470700998145191e+01
 6.81500  1.470863055146381e+01
 6.82000  1.471024824115023e+01
 6.82500  1.471186305773658e+01
 6.83000  1.471347500842487e+01
 6.83500  1.471508410039380e+01
 6.84000  1.471669034079883e+01
 6.84500  1.471829373677235e+01
 6.85000  1.471989429542366e+01
 6.85500  1.472149202383916e+01
 6.86000  1.472308692908240e+01
 6.86500  1.472467901819413e+01
 6.87000  1.472626829819247e+01
 6.87500  1.472785477607296e+01
 6.88000  1.472943845880861e+01
 6.88500  1.473101935335007e+01
 6.89000  1.473259746662565e+01
 6.89500  1.473417280554144e+01
 6.90000  1.473574537698140e+01
 6.90500  1.473731518780742e+01
 6.91000  1.473888224485944e+01
 6.91500  1.474044655495551e+01
 6.92000  1.474200812489188e+01
 6.92500  1.474356696144311e+01
 6.93000  1.474512307136212e+01
 6.93500  1.474667646138030e+01
 6.94000  1.474822713820758e+01
 6.94500  1.474977510853252e+01
 6.95000  1.475132037902239e+01
 6.95500  1.475286295632326e+01
 6.96000  1.475440284706008e+01
 6.96500  1.475594005783674e+01
 6.97000  1.475747459523620e+01
 6.97500  1.475900646582053e+01
 6.98000  1.476053567613099e+01
 6.98500  1.476206223268815e+01
 6.99000  1.476358614199194e+01
 6.99500  1.476510741052172e+01
 7.00000  1.476662604473639e+01
 7.00500  1.476814205107444e+01
 7.01000  1.476965543595407e+01
 7.01500  1.477116620577322e+01
 7.02000  1.477267436690966e+01
 7.02500  1.477417992572111e+01
 7.03000  1.477568288854526e+01
 7.03500  1.477718326169989e+01
 7.04000  1.477868105148290e+01
 7.04500  1.478017626417245e+01
 7.05000  1.478166890602699e+01
 7.05500  1.478315898328533e+01
 7.06000  1.478464650216676e+01
 7.06500  1.478613146887108e+01
 7.07000  1.478761388957870e+01
 7.07500  1.478909377045070e+01
 7.08000  1.479057111762891e+01
 7.08500  1.479204593723600e+01
 7.09000  1.479351823537553e+01
 7.09500  1.479498801813201e+01
 7.10000  1.479645529157103e+01
 7.10500  1.479792006173928e+01
 7.11000  1.479938233466461e+01
 7.11500  1.480084211635619e+01
 7.12000  1.480229941280446e+01
 7.12500  1.480375422998130e+01
 7.13000  1.480520657384005e+01
 7.13500  1.480665645031559e+01
 7.14000  1.480810386532443e+01
 7.14500  1.480954882476474e+01
 7.15000  1.481099133451646e+01
 7.15500  1.481243140044135e+01
 7.16000  1.481386902838304e+01
 7.16500  1.481530422416715e+01
 7.17000  1.481673699360131e+01
 7.17500  1.481816734247525e+01
 7.18000  1.481959527656085e+01
 7.18500  1.482102080161225e+01
 7.19000  1.482244392336586e+01
 7.19500  1.482386464754046e+01
 7.20000  1.482528297983726e+01
 7.20500  1.482669892593998e+01
 7.21000  1.482811249151489e+01
 7.21500  1.482952368221089e+01
 7.22000  1.483093250365958e+01
 7.22500  1.483233896147530e+01
 7.23000  1.483374306125523e+01
 7.23500  1.483514480857943e+01
 7.24000  1.483654420901092e+01
 7.24500  1.483794126809573e+01
 7.25000  1.483933599136296e+01
 7.25500  1.484072838432487e+01
 7.26000  1.484211845247690e+01
 7.26500  1.484350620129778e+01
 7.27000  1.484489163624956e+01
 7.27500  1.484627476277769e+01
 7.28000  1.484765558631106e+01
 7.28500  1.484903411226210e+01
 7.29000  1.485041034602678e+01
 7.29500  1.485178429298474e+01
 7.30000  1.485315595849931e+01
 7.30500  1.485452534791758e+01
 7.31000  1.485589246657045e+01
 7.31500  1.485725731977270e+01
 7.32000  1.485861991282307e+01
 7.32500  1.485998025100428e+01
 7.33000  1.486133833958310e+01
 7.33500  1.486269418381045e+01
 7.34000  1.486404778892140e+01
 7.34500  1.486539916013525e+01
 7.35000  1.486674830265561e+01
 7.35500  1.486809522167042e+01
 7.36000  1.486943992235205e+01
 7.36500  1.487078240985733e+01
 7.37000  1.487212268932759e+01
 7.37500  1.487346076588876e+01
 7.38000  1.487479664465141e+01
 7.38500  1.487613033071079e+01
 7.39000  1.487746182914691e+01
 7.39500  1.487879114502456e+01
 7.40000  1.488011828339343e+01
 7.40500  1.488144324928808e+01
 7.41000  1.488276604772808e+01
 7.41500  1.488408668371800e+01
 7.42000  1.488540516224751e+01
 7.42500  1.488672148829139e+01
 7.43000  1.488803566680965e+01
 7.43500  1.488934770274749e+01
 7.44000  1.489065760103545e+01
 7.44500  1.489196536658940e+01
 7.45000  1.489327100431063e+01
 7.45500  1.489457451908585e+01
 7.46000  1.489587591578734e+01
 7.46500  1.489717519927289e+01
 7.47000  1.489847237438592e+01
 7.47500  1.489976744595553e+01
 7.48000  1.490106041879653e+01
 7.48500  1.490235129770950e+01
 7.49000  1.490364008748084e+01
 7.49500  1.490492679288283e+01
 7.50000  1.490621141867367e+01
 7.50500  1.490749396959754e+01
 7.51000  1.490877445038464e+01
 7.51500  1.491005286575125e+01
 7.52000  1.491132922039979e+01
 7.52500  1.491260351901883e+01
 7.53000  1.491387576628318e+01
 7.53500  1.491514596685393e+01
 7.54000  1.491641412537851e+01
 7.54500  1.491768024649068e+01
 7.55000  1.491894433481067e+01
 7.55500  1.492020639494515e+01
 7.56000  1.492146643148735e+01
 7.56500  1.492272444901701e+01
 7.57000  1.492398045210055e+01
 7.57500  1.492523444529101e+01
 7.58000  1.492648643312817e+01
 7.58500  1.492773642013855e+01
 7.59000  1.492898441083550e+01
 7.59500  1.493023040971920e+01
 7.60000  1.493147442127676e+01
 7.60500  1.493271644998221e+01
 7.61000  1.493395650029660e+01
 7.61500  1.493519457666801e+01
 7.62000  1.493643068353160e+01
 7.62500  1.493766482530967e+01
 7.63000  1.493889700641171e+01
 7.63500  1.494012723123441e+01
 7.64000  1.494135550416176e+01
 7.64500  1.494258182956505e+01
 7.65000  1.494380621180292e+01
 7.65500  1.494502865522144e+01
 7.66000  1.494624916415410e+01
 7.66500  1.494746774292190e+01
 7.67000  1.494868439583339e+01
 7.67500  1.494989912718468e+01
 7.68000  1.495111194125952e+01
 7.68500  1.495232284232932e+01
 7.69000  1.495353183465321e+01
 7.69500  1.495473892247807e+01
 7.70000  1.495594411003860e+01
 7.70500  1.495714740155732e+01
 7.71000  1.495834880124463e+01
 7.71500  1.495954831329889e+01
 7.72000  1.496074594190640e+01
 7.72500  1.496194169124149e+01
 7.73000  1.496313556546652e+01
 7.73500  1.496432756873199e+01
 7.74000  1.496551770517650e+01
 7.74500  1.496670597892684e+01
 7.75000  1.496789239409802e+01
 7.75500  1.496907695479334e+01
 7.76000  1.497025966510435e+01
 7.76500  1.497144052911099e+01
 7.77000  1.497261955088156e+01
 7.77500  1.497379673447280e+01
 7.78000  1.497497208392991e+01
 7.78500  1.497614560328659e+01
 7.79000  1.497731729656509e+01
 7.79500  1.497848716777625e+01
 7.80000  1.497965522091955e+01
 7.80500  1.498082145998308e+01
 7.81000  1.498198588894371e+01
 7.81500  1.498314851176699e+01
 7.82000  1.498430933240729e+01
 7.82500  1.498546835480778e+01
 7.83000  1.498662558290051e+01
 7.83500  1.498778102060641e+01
 7.84000  1.498893467183536e+01
 7.84500  1.499008654048621e+01
 7.85000  1.499123663044683e+01
 7.85500  1.499238494559412e+01
 7.86000  1.499353148979411e+01
 7.86500  1.499467626690190e+01
 7.87000  1.499581928076181e+01
 7.87500  1.499696053520733e+01
 7.88000  1.499810003406120e+01
 7.88500  1.499923778113542e+01
 7.89000  1.500037378023133e+01
 7.89500  1.500150803513959e+01
 7.90000  1.500264054964027e+01
 7.90500  1.500377132750285e+01
 7.91000  1.500490037248627e+01
 7.91500  1.500602768833897e+01
 7.92000  1.500715327879890e+01
 7.92500  1.500827714759361e+01
 7.93000  1.500939929844023e+01
 7.93500  1.501051973504552e+01
 7.94000  1.501163846110594e+01
 7.94500  1.501275548030765e+01
 7.95000  1.501387079632653e+01
 7.95500  1.501498441282826e+01
 7.96000  1.501609633346834e+01
 7.96500  1.501720656189209e+01
 7.97000  1.501831510173475e+01
 7.97500  1.501942195662144e+01
 7.98000  1.502052713016725e+01
 7.98500  1.502163062597725e+01
 7.99000  1.502273244764655e+01
 7.99500  1.502383259876027e+01
 8.00000  1.502493108289366e+01
 8.00500  1.502602790361207e+01
 8.01000  1.502712306447100e+01
 8.01500  1.502821656901615e+01
 8.02000  1.502930842078343e+01
 8.02500  1.503039862329900e+01
 8.03000  1.503148718007933e+01
 8.03500  1.503257409463118e+01
 8.04000  1.503365937045168e+01
 8.04500  1.503474301102834e+01
 8.05000  1.503582501983908e+01
 8.05500  1.503690540035228e+01
 8.06000  1.503798415602680e+01
 8.06500  1.503906129031200e+01
 8.07000  1.504013680664779e+01
 8.07500  1.504121070846467e+01
 8.08000  1.504228299918374e+01
 8.08500  1.504335368221673e+01
 8.09000  1.504442276096606e+01
 8.09500  1.504549023882483e+01
 8.10000  1.504655611917690e+01
 8.10500  1.504762040539687e+01
 8.11000  1.504868310085016e+01
 8.11500  1.504974420889299e+01
 8.12000  1.505080373287245e+01
 8.12500  1.505186167612652e+01
 8.13000  1.505291804198410e+01
 8.13500  1.505397283376503e+01
 8.14000  1.505502605478013e+01
 8.14500  1.505607770833123e+01
 8.15000  1.505712779771120e+01
 8.15500  1.505817632620397e+01
 8.16000  1.505922329708458e+01
 8.16500  1.506026871361919e+01
 8.17000  1.506131257906512e+01
 8.17500  1.506235489667087e+01
 8.18000  1.506339566967615e+01
 8.18500  1.506443490131194e+01
 8.19000  1.506547259480048e+01
 8.19500  1.506650875335529e+01
 8.20000  1.506754338018125e+01
 8.20500  1.506857647847460e+01
 8.21000  1.506960805142294e+01
 8.21500  1.507063810220531e+01
 8.22000  1.507166663399220e+01
 8.22500  1.507269364994556e+01
 8.23000  1.507371915321884e+01
 8.23500  1.507474314695702e+01
 8.24000  1.507576563429665e+01
 8.24500  1.507678661836586e+01
 8.25000  1.507780610228438e+01
 8.25500  1.507882408916358e+01
 8.26000  1.507984058210652e+01
 8.26500  1.508085558420794e+01
 8.27000  1.508186909855431e+01
 8.27500  1.508288112822382e+01
 8.28000  1.508389167628648e+01
 8.28500  1.508490074580407e+01
 8.29000  1.508590833983023e+01
 8.29500  1.508691446141041e+01
 8.30000  1.508791911358201e+01
 8.30500  1.508892229937427e+01
 8.31000  1.508992402180841e+01
 8.31500  1.509092428389761e+01
 8.32000  1.509192308864702e+01
 8.32500  1.509292043905381e+01
 8.33000  1.509391633810722e+01
 8.33500  1.509491078878851e+01
 8.34000  1.509590379407106e+01
 8.34500  1.509689535692036e+01
 8.35000  1.509788548029406e+01
 8.35500  1.509887416714197e+01
 8.36000  1.509986142040607e+01
 8.36500  1.510084724302060e+01
 8.37000  1.510183163791202e+01
 8.37500  1.510281460799907e+01
 8.38000  1.510379615619278e+01
 8.38500  1.510477628539651e+01
 8.39000  1.510575499850595e+01
 8.39500  1.510673229840918e+01
 8.40000  1.510770818798664e+01
 8.40500  1.510868267011124e+01
 8.41000  1.510965574764829e+01
 8.41500  1.511062742345558e+01
 8.42000  1.511159770038341e+01
 8.42500  1.511256658127457e+01
 8.43000  1.511353406896441e+01
 8.43500  1.511450016628082e+01
 8.44000  1.511546487604432e+01
 8.44500  1.511642820106800e+01
 8.45000  1.511739014415760e+01
 8.45500  1.511835070811154e+01
 8.46000  1.511930989572089e+01
 8.46500  1.512026770976944e+01
 8.47000  1.512122415303372e+01
 8.47500  1.512217922828300e+01
 8.48000  1.512313293827933e+01
 8.48500  1.512408528577756e+01
 8.49000  1.512503627352536e+01
 8.49500  1.512598590426324e+01
 8.50000  1.512693418072461e+01
 8.50500  1.512788110563572e+01
 8.51000  1.512882668171576e+01
 8.51500  1.512977091167687e+01
 8.52000  1.513071379822413e+01
 8.52500  1.513165534405559e+01
 8.53000  1.513259555186234e+01
 8.53500  1.513353442432845e+01
 8.54000  1.513447196413107e+01
 8.54500  1.513540817394041e+01
 8.55000  1.513634305641978e+01
 8.55500  1.513727661422558e+01
 8.56000  1.513820885000737e+01
 8.56500  1.513913976640785e+01
 8.57000  1.514006936606291e+01
 8.57500  1.514099765160164e+01
 8.58000  1.514192462564634e+01
 8.58500  1.514285029081258e+01
 8.59000  1.514377464970915e+01
 8.59500  1.514469770493816e+01
 8.60000  1.514561945909503e+01
 8.60500  1.514653991476849e+01
 8.61000  1.514745907454061e+01
 8.61500  1.514837694098687e+01
 8.62000  1.514929351667611e+01
 8.62500  1.515020880417058e+01
 8.63000  1.515112280602597e+01
 8.63500  1.515203552479143e+01
 8.64000  1.515294696300958e+01
 8.64500  1.515385712321652e+01
 8.65000  1.515476600794188e+01
 8.65500  1.515567361970882e+01
 8.66000  1.515657996103406e+01
 8.66500  1.515748503442788e+01
 8.67000  1.515838884239417e+01
 8.67500  1.515929138743044e+01
 8.68000  1.516019267202781e+01
 8.68500  1.516109269867108e+01
 8.69000  1.516199146983871e+01
 8.69500  1.516288898800286e+01
 8.70000  1.516378525562941e+01
 8.70500  1.516468027517797e+01
 8.71000  1.516557404910189e+01
 8.71500  1.516646657984832e+01
 8.72000  1.516735786985817e+01
 8.72500  1.516824792156619e+01
 8.73000  1.516913673740095e+01
 8.73500  1.517002431978485e+01
 8.74000  1.517091067113420e+01
 8.74500  1.517179579385917e+01
 8.75000  1.517267969036383e+01
 8.75500  1.517356236304620e+01
 8.76000  1.517444381429823e+01
 8.76500  1.517532404650583e+01
 8.77000  1.517620306204891e+01
 8.77500  1.517708086330135e+01
 8.78000  1.517795745263109e+01
 8.78500  1.517883283240006e+01
 8.79000  1.517970700496429e+01
 8.79500  1.518057997267386e+01
 8.80000  1.518145173787295e+01
 8.80500  1.518232230289983e+01
 8.81000  1.518319167008694e+01
 8.81500  1.518405984176084e+01
 8.82000  1.518492682024226e+01
 8.82500  1.518579260784610e+01
 8.83000  1.518665720688148e+01
 8.83500  1.518752061965173e+01
 8.84000  1.518838284845442e+01
 8.84500  1.518924389558137e+01
 8.85000  1.519010376331868e+01
 8.85500  1.519096245394672e+01
 8.86000  1.519181996974018e+01
 8.86500  1.519267631296808e+01
 8.87000  1.519353148589376e+01
 8.87500  1.519438549077495e+01
 8.88000  1.519523832986374e+01
 8.88500  1.519609000540659e+01
 8.89000  1.519694051964441e+01
 8.89500  1.519778987481251e+01
 8.90000  1.519863807314066e+01
 8.90500  1.519948511685307e+01
 8.91000  1.520033100816846e+01
 8.91500  1.520117574930001e+01
 8.92000  1.520201934245544e+01
 8.92500  1.520286178983698e+01
 8.93000  1.520370309364142e+01
 8.93500  1.520454325606009e+01
 8.94000  1.520538227927891e+01
 8.94500  1.520622016547841e+01
 8.95000  1.520705691683370e+01
 8.95500  1.520789253551454e+01
 8.96000  1.520872702368532e+01
 8.96500  1.520956038350509e+01
 8.97000  1.521039261712760e+01
 8.97500  1.521122372670125e+01
 8.98000  1.521205371436918e+01
 8.98500  1.521288258226924e+01
 8.99000  1.521371033253403e+01
 8.99500  1.521453696729089e+01
 9.00000  1.521536248866194e+01
 9.00500  1.521618689876409e+01
 9.01000  1.521701019970905e+01
 9.01500  1.521783239360335e+01
 9.02000  1.521865348254834e+01
 9.02500  1.521947346864024e+01
 9.03000  1.522029235397013e+01
 9.03500  1.522111014062396e+01
 9.04000  1.522192683068258e+01
 9.04500  1.522274242622175e+01
 9.05000  1.522355692931217e+01
 9.05500  1.522437034201946e+01
 9.06000  1.522518266640421e+01
 9.06500  1.522599390452199e+01
 9.07000  1.522680405842333e+01
 9.07500  1.522761313015378e+01
 9.08000  1.522842112175391e+01
 9.08500  1.522922803525931e+01
 9.09000  1.523003387270063e+01
 9.09500  1.523083863610355e+01
 9.10000  1.523164232748888e+01
 9.10500  1.523244494887246e+01
 9.11000  1.523324650226528e+01
 9.11500  1.523404698967344e+01
 9.12000  1.523484641309815e+01
 9.12500  1.523564477453579e+01
 9.13000  1.523644207597791e+01
 9.13500  1.523723831941122e+01
 9.14000  1.523803350681762e+01
 9.14500  1.523882764017424e+01
 9.15000  1.523962072145340e+01
 9.15500  1.524041275262268e+01
 9.16000  1.524120373564490e+01
 9.16500  1.524199367247813e+01
 9.17000  1.524278256507572e+01
 9.17500  1.524357041538634e+01
 9.18000  1.524435722535391e+01
 9.18500  1.524514299691773e+01
 9.19000  1.524592773201238e+01
 9.19500  1.524671143256782e+01
 9.20000  1.524749410050935e+01
 9.20500  1.524827573775765e+01
 9.21000  1.524905634622879e+01
 9.21500  1.524983592783424e+01
 9.22000  1.525061448448088e+01
 9.22500  1.525139201807101e+01
 9.23000  1.525216853050238e+01
 9.23500  1.525294402366821e+01
 9.24000  1.525371849945715e+01
 9.24500  1.525449195975337e+01
 9.25000  1.525526440643651e+01
 9.25500  1.525603584138172e+01
 9.26000  1.525680626645968e+01
 9.26500  1.525757568353660e+01
 9.27000  1.525834409447422e+01
 9.27500  1.525911150112987e+01
 9.28000  1.525987790535643e+01
 9.28500  1.526064330900238e+01
 9.29000  1.526140771391178e+01
 9.29500  1.526217112192431e+01
 9.30000  1.526293353487530e+01
 9.30500  1.526369495459567e+01
 9.31000  1.526445538291202e+01
 9.31500  1.526521482164661e+01
 9.32000  1.526597327261736e+01
 9.32500  1.526673073763790e+01
 9.33000  1.526748721851754e+01
 9.33500  1.526824271706132e+01
 9.34000  1.526899723506998e+01
 9.34500  1.526975077434002e+01
 9.35000  1.527050333666369e+01
 9.35500  1.527125492382898e+01
 9.36000  1.527200553761968e+01
 9.36500  1.527275517981535e+01
 9.37000  1.527350385219136e+01
 9.37500  1.527425155651888e+01
 9.38000  1.527499829456490e+01
 9.38500  1.527574406809227e+01
 9.39000  1.527648887885965e+01
 9.39500  1.527723272862160e+01
 9.40000  1.527797561912852e+01
 9.40500  1.527871755212670e+01
 9.41000  1.527945852935834e+01
 9.41500  1.528019855256153e+01
 9.42000  1.528093762347027e+01
 9.42500  1.528167574381452e+01
 9.43000  1.528241291532016e+01
 9.43500  1.528314913970902e+01
 9.44000  1.528388441869892e+01
 9.44500  1.528461875400363e+01
 9.45000  1.528535214733293e+01
 9.45500  1.528608460039257e+01
 9.46000  1.528681611488435e+01
 9.46500  1.528754669250606e+01
 9.47000  1.528827633495154e+01
 9.47500  1.528900504391068e+01
 9.48000  1.528973282106941e+01
 9.48500  1.529045966810974e+01
 9.49000  1.529118558670976e+01
 9.49500  1.529191057854364e+01
 9.50000  1.529263464528166e+01
 9.50500  1.529335778859022e+01
 9.51000  1.529408001013183e+01
 9.51500  1.529480131156514e+01
 9.52000  1.529552169454494e+01
 9.52500  1.529624116072219e+01
 9.53000  1.529695971174402e+01
 9.53500  1.529767734925371e+01
 9.54000  1.529839407489077e+01
 9.54500  1.529910989029086e+01
 9.55000  1.529982479708591e+01
 9.55500  1.530053879690404e+01
 9.56000  1.530125189136958e+01
 9.56500  1.530196408210316e+01
 9.57000  1.530267537072161e+01
 9.57500  1.530338575883806e+01
 9.58000  1.530409524806190e+01
 9.58500  1.530480383999880e+01
 9.59000  1.530551153625074e+01
 9.59500  1.530621833841601e+01
 9.60000  1.530692424808920e+01
 9.60500  1.530762926686123e+01
 9.61000  1.530833339631938e+01
 9.61500  1.530903663804724e+01
 9.62000  1.530973899362480e+01
 9.62500  1.531044046462839e+01
 9.63000  1.531114105263073e+01
 9.63500  1.531184075920093e+01
 9.64000  1.531253958590449e+01
 9.64500  1.531323753430334e+01
 9.65000  1.531393460595580e+01
 9.65500  1.531463080241664e+01
 9.66000  1.531532612523706e+01
 9.66500  1.531602057596473e+01
 9.67000  1.531671415614376e+01
 9.67500  1.531740686731472e+01
 9.68000  1.531809871101469e+01
 9.68500  1.531878968877721e+01
 9.69000  1.531947980213234e+01
 9.69500  1.532016905260664e+01
 9.70000  1.532085744172319e+01
 9.70500  1.532154497100159e+01
 9.71000  1.532223164195799e+01
 9.71500  1.532291745610508e+01
 9.72000  1.532360241495212e+01
 9.72500  1.532428652000492e+01
 9.73000  1.532496977276588e+01
 9.73500  1.532565217473397e+01
 9.74000  1.532633372740478e+01
 9.74500  1.532701443227048e+01
 9.75000  1.532769429081987e+01
 9.75500  1.532837330453837e+01
 9.76000  1.532905147490803e+01
 9.76500  1.532972880340755e+01
 9.77000  1.533040529151227e+01
 9.77500  1.533108094069421e+01
 9.78000  1.533175575242203e+01
 9.78500  1.533242972816111e+01
 9.79000  1.533310286937349e+01
 9.79500  1.533377517751791e+01
 9.80000  1.533444665404983e+01
 9.80500  1.533511730042141e+01
 9.81000  1.533578711808156e+01
 9.81500  1.533645610847590e+01
 9.82000  1.533712427304681e+01
 9.82500  1.533779161323340e+01
 9.83000  1.533845813047158e+01
 9.83500  1.533912382619399e+01
 9.84000  1.533978870183006e+01
 9.84500  1.534045275880604e+01
 9.85000  1.534111599854493e+01
 9.85500  1.534177842246656e+01
 9.86000  1.534244003198759e+01
 9.86500  1.534310082852146e+01
 9.87000  1.534376081347849e+01
 9.87500  1.534441998826580e+01
 9.88000  1.534507835428739e+01
 9.88500  1.534573591294410e+01
 9.89000  1.534639266563364e+01
 9.89500  1.534704861375061e+01
 9.90000  1.534770375868647e+01
 9.90500  1.534835810182959e+01
 9.91000  1.534901164456524e+01
 9.91500  1.534966438827558e+01
 9.92000  1.535031633433971e+01
 9.92500  1.535096748413365e+01
 9.93000  1.535161783903035e+01
 9.93500  1.535226740039970e+01
 9.94000  1.535291616960857e+01
 9.94500  1.535356414802074e+01
 9.95000  1.535421133699700e+01
 9.95500  1.535485773789510e+01
 9.96000  1.535550335206978e+01
 9.96500  1.535614818087276e+01
 9.97000  1.535679222565277e+01
 9.97500  1.535743548775555e+01
 9.98000  1.535807796852385e+01
 9.98500  1.535871966929747e+01
 9.99000  1.535936059141320e+01
 9.99500  1.536000073620491e+01
10.00000  1.536064010500350e+01
