# 1.85400000(Re)  9.35999999(De)  7.28804181(Te)  1.51175233(beta) D3P1.dat
 0.00000  7.207448777432734e+02
 0.00500  7.111724281108794e+02
 0.01000  7.015999784784856e+02
 0.01500  6.921510251975450e+02
 0.02000  6.828240206983754e+02
 0.02500  6.736174365401190e+02
 0.03000  6.645297631758627e+02
 0.03500  6.555595097206524e+02
 0.04000  6.467052037223272e+02
 0.04500  6.379653909351784e+02
 0.05000  6.293386350963614e+02
 0.05500  6.208235177050526e+02
 0.06000  6.124186378043080e+02
 0.06500  6.041226117655924e+02
 0.07000  5.959340730759427e+02
 0.07500  5.878516721277392e+02
 0.08000  5.798740760110491e+02
 0.08500  5.719999683085140e+02
 0.09000  5.642280488927421e+02
 0.09500  5.565570337261886e+02
 0.10000  5.489856546634790e+02
 0.10500  5.415126592561569e+02
 0.11000  5.341368105598181e+02
 0.11500  5.268568869436098e+02
 0.12000  5.196716819020584e+02
 0.12500  5.125800038692043e+02
 0.13000  5.055806760350088e+02
 0.13500  4.986725361640105e+02
 0.14000  4.918544364162031e+02
 0.14500  4.851252431701056e+02
 0.15000  4.784838368479957e+02
 0.15500  4.719291117432883e+02
 0.16000  4.654599758500236e+02
 0.16500  4.590753506944455e+02
 0.17000  4.527741711686423e+02
 0.17500  4.465553853662212e+02
 0.18000  4.404179544199995e+02
 0.18500  4.343608523416808e+02
 0.19000  4.283830658634967e+02
 0.19500  4.224835942817843e+02
 0.20000  4.166614493024829e+02
 0.20500  4.109156548885210e+02
 0.21000  4.052452471090750e+02
 0.21500  3.996492739906687e+02
 0.22000  3.941267953701030e+02
 0.22500  3.886768827491828e+02
 0.23000  3.832986191512251e+02
 0.23500  3.779910989793236e+02
 0.24000  3.727534278763508e+02
 0.24500  3.675847225866739e+02
 0.25000  3.624841108195653e+02
 0.25500  3.574507311142863e+02
 0.26000  3.524837327068228e+02
 0.26500  3.475822753982560e+02
 0.27000  3.427455294247428e+02
 0.27500  3.379726753290903e+02
 0.28000  3.332629038339048e+02
 0.28500  3.286154157162941e+02
 0.29000  3.240294216841050e+02
 0.29500  3.195041422536765e+02
 0.30000  3.150388076290933e+02
 0.30500  3.106326575829167e+02
 0.31000  3.062849413383777e+02
 0.31500  3.019949174530144e+02
 0.32000  2.977618537037338e+02
 0.32500  2.935850269732848e+02
 0.33000  2.894637231381192e+02
 0.33500  2.853972369576304e+02
 0.34000  2.813848719647469e+02
 0.34500  2.774259403578690e+02
 0.35000  2.735197628941276e+02
 0.35500  2.696656687839541e+02
 0.36000  2.658629955869404e+02
 0.36500  2.621110891089761e+02
 0.37000  2.584093033006479e+02
 0.37500  2.547570001568825e+02
 0.38000  2.511535496178212e+02
 0.38500  2.475983294709083e+02
 0.39000  2.440907252541832e+02
 0.39500  2.406301301607536e+02
 0.40000  2.372159449444430e+02
 0.40500  2.338475778265940e+02
 0.41000  2.305244444040156e+02
 0.41500  2.272459675580574e+02
 0.42000  2.240115773647993e+02
 0.42500  2.208207110063436e+02
 0.43000  2.176728126831942e+02
 0.43500  2.145673335277097e+02
 0.44000  2.115037315186190e+02
 0.44500  2.084814713965849e+02
 0.45000  2.055000245808029e+02
 0.45500  2.025588690866236e+02
 0.46000  1.996574894441852e+02
 0.46500  1.967953766180438e+02
 0.47000  1.939720279277903e+02
 0.47500  1.911869469696401e+02
 0.48000  1.884396435389855e+02
 0.48500  1.857296335538978e+02
 0.49000  1.830564389795681e+02
 0.49500  1.804195877536748e+02
 0.50000  1.778186137126678e+02
 0.50500  1.752530565189546e+02
 0.51000  1.727224615889837e+02
 0.51500  1.702263800222067e+02
 0.52000  1.677643685309148e+02
 0.52500  1.653359893709345e+02
 0.53000  1.629408102731748e+02
 0.53500  1.605784043760143e+02
 0.54000  1.582483501585181e+02
 0.54500  1.559502313744738e+02
 0.55000  1.536836369872376e+02
 0.55500  1.514481611053807e+02
 0.56000  1.492434029191246e+02
 0.56500  1.470689666375566e+02
 0.57000  1.449244614266169e+02
 0.57500  1.428095013478469e+02
 0.58000  1.407237052978887e+02
 0.58500  1.386666969487274e+02
 0.59000  1.366381046886682e+02
 0.59500  1.346375615640372e+02
 0.60000  1.326647052215977e+02
 0.60500  1.307191778516755e+02
 0.61000  1.288006261319794e+02
 0.61500  1.269087011721152e+02
 0.62000  1.250430584587780e+02
 0.62500  1.232033578016200e+02
 0.63000  1.213892632797814e+02
 0.63500  1.196004431890783e+02
 0.64000  1.178365699898412e+02
 0.64500  1.160973202553910e+02
 0.65000  1.143823746211506e+02
 0.65500  1.126914177343799e+02
 0.66000  1.110241382045298e+02
 0.66500  1.093802285542049e+02
 0.67000  1.077593851707289e+02
 0.67500  1.061613082583055e+02
 0.68000  1.045857017907671e+02
 0.68500  1.030322734649038e+02
 0.69000  1.015007346543653e+02
 0.69500  9.999080036413110e+01
 0.70000  9.850218918553837e+01
 0.70500  9.703462325186368e+01
 0.71000  9.558782819444964e+01
 0.71500  9.416153309937201e+01
 0.72000  9.275547046463839e+01
 0.72500  9.136937615791381e+01
 0.73000  9.000298937476536e+01
 0.73500  8.865605259742038e+01
 0.74000  8.732831155403184e+01
 0.74500  8.601951517844444e+01
 0.75000  8.472941557045525e+01
 0.75500  8.345776795656293e+01
 0.76000  8.220433065120005e+01
 0.76500  8.096886501844162e+01
 0.77000  7.975113543418485e+01
 0.77500  7.855090924879373e+01
 0.78000  7.736795675020331e+01
 0.78500  7.620205112747774e+01
 0.79000  7.505296843481646e+01
 0.79500  7.392048755600311e+01
 0.80000  7.280439016929186e+01
 0.80500  7.170446071272576e+01
 0.81000  7.062048634988180e+01
 0.81500  6.955225693603695e+01
 0.82000  6.849956498475122e+01
 0.82500  6.746220563486143e+01
 0.83000  6.643997661788137e+01
 0.83500  6.543267822580282e+01
 0.84000  6.444011327929316e+01
 0.84500  6.346208709628426e+01
 0.85000  6.249840746094812e+01
 0.85500  6.154888459305407e+01
 0.86000  6.061333111770335e+01
 0.86500  5.969156203543638e+01
 0.87000  5.878339469270799e+01
 0.87500  5.788864875272581e+01
 0.88000  5.700714616664833e+01
 0.88500  5.613871114513690e+01
 0.89000  5.528317013025872e+01
 0.89500  5.444035176773525e+01
 0.90000  5.361008687953276e+01
 0.90500  5.279220843679025e+01
 0.91000  5.198655153308108e+01
 0.91500  5.119295335800344e+01
 0.92000  5.041125317109672e+01
 0.92500  4.964129227607895e+01
 0.93000  4.888291399540136e+01
 0.93500  4.813596364511706e+01
 0.94000  4.740028851005867e+01
 0.94500  4.667573781932246e+01
 0.95000  4.596216272205405e+01
 0.95500  4.525941626353297e+01
 0.96000  4.456735336155155e+01
 0.96500  4.388583078308528e+01
 0.97000  4.321470712125064e+01
 0.97500  4.255384277254676e+01
 0.98000  4.190309991437800e+01
 0.98500  4.126234248285331e+01
 0.99000  4.063143615085955e+01
 0.99500  4.001024830640493e+01
 1.00000  3.939864803122981e+01
 1.00500  3.879650607968093e+01
 1.01000  3.820369485784647e+01
 1.01500  3.762008840294813e+01
 1.02000  3.704556236298784e+01
 1.02500  3.647999397664498e+01
 1.03000  3.592326205342211e+01
 1.03500  3.537524695403531e+01
 1.04000  3.483583057104654e+01
 1.04500  3.430489630973509e+01
 1.05000  3.378232906920476e+01
 1.05500  3.326801522372471e+01
 1.06000  3.276184260429999e+01
 1.06500  3.226370048046999e+01
 1.07000  3.177347954233126e+01
 1.07500  3.129107188278252e+01
 1.08000  3.081637097998852e+01
 1.08500  3.034927168006076e+01
 1.09000  2.988967017995168e+01
 1.09500  2.943746401056046e+01
 1.10000  2.899255202004706e+01
 1.10500  2.855483435735270e+01
 1.11000  2.812421245592344e+01
 1.11500  2.770058901763536e+01
 1.12000  2.728386799691765e+01
 1.12500  2.687395458507247e+01
 1.13000  2.647075519478802e+01
 1.13500  2.607417744484337e+01
 1.14000  2.568413014500191e+01
 1.14500  2.530052328109185e+01
 1.15000  2.492326800027075e+01
 1.15500  2.455227659647250e+01
 1.16000  2.418746249603391e+01
 1.16500  2.382874024349915e+01
 1.17000  2.347602548759967e+01
 1.17500  2.312923496740736e+01
 1.18000  2.278828649865903e+01
 1.18500  2.245309896024994e+01
 1.19000  2.212359228089441e+01
 1.19500  2.179968742595134e+01
 1.20000  2.148130638441280e+01
 1.20500  2.116837215605339e+01
 1.21000  2.086080873873885e+01
 1.21500  2.055854111589135e+01
 1.22000  2.026149524411026e+01
 1.22500  1.996959804094569e+01
 1.23000  1.968277737282381e+01
 1.23500  1.940096204312109e+01
 1.24000  1.912408178038671e+01
 1.24500  1.885206722671024e+01
 1.25000  1.858484992623379e+01
 1.25500  1.832236231380599e+01
 1.26000  1.806453770377685e+01
 1.26500  1.781131027893102e+01
 1.27000  1.756261507955841e+01
 1.27500  1.731838799265997e+01
 1.28000  1.707856574128729e+01
 1.28500  1.684308587401425e+01
 1.29000  1.661188675453908e+01
 1.29500  1.638490755141532e+01
 1.30000  1.616208822790995e+01
 1.30500  1.594336953198731e+01
 1.31000  1.572869298641709e+01
 1.31500  1.551800087900497e+01
 1.32000  1.531123625294437e+01
 1.32500  1.510834289728783e+01
 1.33000  1.490926533753651e+01
 1.33500  1.471394882634647e+01
 1.34000  1.452233933435009e+01
 1.34500  1.433438354109145e+01
 1.35000  1.415002882607409e+01
 1.35500  1.396922325991986e+01
 1.36000  1.379191559563746e+01
 1.36500  1.361805525999935e+01
 1.37000  1.344759234502558e+01
 1.37500  1.328047759957350e+01
 1.38000  1.311666242103166e+01
 1.38500  1.295609884711697e+01
 1.39000  1.279873954777367e+01
 1.39500  1.264453781717283e+01
 1.40000  1.249344756581129e+01
 1.40500  1.234542331270869e+01
 1.41000  1.220042017770139e+01
 1.41500  1.205839387383218e+01
 1.42000  1.191930069983457e+01
 1.42500  1.178309753271028e+01
 1.43000  1.164974182039924e+01
 1.43500  1.151919157454049e+01
 1.44000  1.139140536332312e+01
 1.44500  1.126634230442614e+01
 1.45000  1.114396205804602e+01
 1.45500  1.102422482001102e+01
 1.46000  1.090709131498114e+01
 1.46500  1.079252278973257e+01
 1.47000  1.068048100652579e+01
 1.47500  1.057092823655606e+01
 1.48000  1.046382725348549e+01
 1.48500  1.035914132705554e+01
 1.49000  1.025683421677907e+01
 1.49500  1.015687016571082e+01
 1.50000  1.005921389429554e+01
 1.50500  9.963830594292574e+00
 1.51000  9.870685922776294e+00
 1.51500  9.779745996211032e+00
 1.52000  9.690977384599977e+00
 1.52500  9.604347105706831e+00
 1.53000  9.519822619349570e+00
 1.53500  9.437371821765201e+00
 1.54000  9.356963040044819e+00
 1.54500  9.278565026637970e+00
 1.55000  9.202146953925549e+00
 1.55500  9.127678408860358e+00
 1.56000  9.055129387674445e+00
 1.56500  8.984470290652515e+00
 1.57000  8.915671916970458e+00
 1.57500  8.848705459598309e+00
 1.58000  8.783542500266757e+00
 1.58500  8.720155004496508e+00
 1.59000  8.658515316689614e+00
 1.59500  8.598596155282136e+00
 1.60000  8.540370607957243e+00
 1.60500  8.483812126918151e+00
 1.61000  8.428894524220013e+00
 1.61500  8.375591967160156e+00
 1.62000  8.323878973725872e+00
 1.62500  8.273730408099089e+00
 1.63000  8.232678960451628e+00
 1.63500  8.193522646534690e+00
 1.64000  8.154970523373811e+00
 1.64500  8.117044545796462e+00
 1.65000  8.079766256958829e+00
 1.65500  8.043156774496239e+00
 1.66000  8.007236799195180e+00
 1.66500  7.972026601268673e+00
 1.67000  7.937545813778745e+00
 1.67500  7.903813349456871e+00
 1.68000  7.870847508168101e+00
 1.68500  7.838665936629803e+00
 1.69000  7.807285726347017e+00
 1.69500  7.776723269520823e+00
 1.70000  7.746994341383347e+00
 1.70500  7.718113810969258e+00
 1.71000  7.690095558178543e+00
 1.71500  7.662952912010764e+00
 1.72000  7.636698194227974e+00
 1.72500  7.611343276173414e+00
 1.73000  7.586900362515270e+00
 1.73500  7.563380550830401e+00
 1.74000  7.540793104235189e+00
 1.74500  7.519145614700671e+00
 1.75000  7.498443970546709e+00
 1.75500  7.478694152075977e+00
 1.76000  7.459902132777640e+00
 1.76500  7.442074383400527e+00
 1.77000  7.425217641350953e+00
 1.77500  7.409339197132934e+00
 1.78000  7.394444388491693e+00
 1.78500  7.380535854595596e+00
 1.79000  7.367614133066313e+00
 1.79500  7.355678196433098e+00
 1.80000  7.344725797438028e+00
 1.80500  7.334753807721479e+00
 1.81000  7.325758404194456e+00
 1.81500  7.317735516923342e+00
 1.82000  7.310681167559752e+00
 1.82500  7.304591549503024e+00
 1.83000  7.299462131731579e+00
 1.83500  7.295287713394712e+00
 1.84000  7.292062962154438e+00
 1.84500  7.289782575407411e+00
 1.85000  7.288441521575054e+00
 1.85500  7.288035058008387e+00
 1.86000  7.288557009081353e+00
 1.86500  7.289997628184102e+00
 1.87000  7.292346988465457e+00
 1.87500  7.295595522637861e+00
 1.88000  7.299734003272869e+00
 1.88500  7.304752546094916e+00
 1.89000  7.310640336121805e+00
 1.89500  7.317385715664298e+00
 1.90000  7.324975961180671e+00
 1.90500  7.333397559826802e+00
 1.91000  7.342636047463000e+00
 1.91500  7.352676243045840e+00
 1.92000  7.363502663507771e+00
 1.92500  7.375099671916985e+00
 1.93000  7.387451648580848e+00
 1.93500  7.400543197730568e+00
 1.94000  7.414359348355267e+00
 1.94500  7.428885849312360e+00
 1.95000  7.444109380869418e+00
 1.95500  7.460016671847148e+00
 1.96000  7.476593258323866e+00
 1.96500  7.493823965928454e+00
 1.97000  7.511692696890393e+00
 1.97500  7.530182876342120e+00
 1.98000  7.549277317797175e+00
 1.98500  7.568958766879205e+00
 1.99000  7.589210619788304e+00
 1.99500  7.610016511486476e+00
 2.00000  7.631360593428095e+00
 2.00500  7.653227208435371e+00
 2.01000  7.675600179837704e+00
 2.01500  7.698462993601867e+00
 2.02000  7.721799338888317e+00
 2.02500  7.745592958895403e+00
 2.03000  7.769827587943980e+00
 2.03500  7.794487151169265e+00
 2.04000  7.819555761546033e+00
 2.04500  7.845017637913703e+00
 2.05000  7.870857060315707e+00
 2.05500  7.897058469991898e+00
 2.06000  7.923606385481693e+00
 2.06500  7.950485476728371e+00
 2.07000  7.977680575964492e+00
 2.07500  8.005176675403012e+00
 2.08000  8.032958994939678e+00
 2.08500  8.061012951272527e+00
 2.09000  8.089324132401991e+00
 2.09500  8.117878267808615e+00
 2.10000  8.146661278576547e+00
 2.10500  8.175659274786490e+00
 2.11000  8.204858568134123e+00
 2.11500  8.234245682503666e+00
 2.12000  8.263807386286528e+00
 2.12500  8.293351791595303e+00
 2.13000  8.322719735023441e+00
 2.13500  8.351915950308241e+00
 2.14000  8.380941840279778e+00
 2.14500  8.409798793067159e+00
 2.15000  8.438488182286381e+00
 2.15500  8.467011367225370e+00
 2.16000  8.495369693026236e+00
 2.16500  8.523564490864803e+00
 2.17000  8.551597078127440e+00
 2.17500  8.579468758585266e+00
 2.18000  8.607180822565727e+00
 2.18500  8.634734547121683e+00
 2.19000  8.662131196197926e+00
 2.19500  8.689372020795270e+00
 2.20000  8.716458259132216e+00
 2.20500  8.743391136804206e+00
 2.21000  8.770171866940595e+00
 2.21500  8.796801650359264e+00
 2.22000  8.823281675719000e+00
 2.22500  8.849613119669646e+00
 2.23000  8.875797147000076e+00
 2.23500  8.901834910783991e+00
 2.24000  8.927727552523645e+00
 2.24500  8.953476202291432e+00
 2.25000  8.979081978869495e+00
 2.25500  9.004545989887291e+00
 2.26000  9.029869331957164e+00
 2.26500  9.055053090808000e+00
 2.27000  9.080098341416974e+00
 2.27500  9.105006148139397e+00
 2.28000  9.129777564836719e+00
 2.28500  9.154413635002708e+00
 2.29000  9.178915391887873e+00
 2.29500  9.203283858622074e+00
 2.30000  9.227520048335441e+00
 2.30500  9.251624964277568e+00
 2.31000  9.275599599935044e+00
 2.31500  9.299444939147335e+00
 2.32000  9.323161956221037e+00
 2.32500  9.346751616042519e+00
 2.33000  9.370214874189037e+00
 2.33500  9.393552677038265e+00
 2.34000  9.416765961876322e+00
 2.34500  9.439855657004303e+00
 2.35000  9.462822681843328e+00
 2.35500  9.485667947038156e+00
 2.36000  9.508392354559360e+00
 2.36500  9.530996797804127e+00
 2.37000  9.553482161695616e+00
 2.37500  9.575849322781037e+00
 2.38000  9.598099149328323e+00
 2.38500  9.620232501421542e+00
 2.39000  9.642250231054946e+00
 2.39500  9.664153182225833e+00
 2.40000  9.685942191026054e+00
 2.40500  9.707618085732374e+00
 2.41000  9.729181686895547e+00
 2.41500  9.750633807428240e+00
 2.42000  9.771975252691741e+00
 2.42500  9.793206820581542e+00
 2.43000  9.814329301611743e+00
 2.43500  9.835343478998354e+00
 2.44000  9.856250128741484e+00
 2.44500  9.877050019706433e+00
 2.45000  9.897743913703705e+00
 2.45500  9.918332565567974e+00
 2.46000  9.938816723236011e+00
 2.46500  9.959197127823556e+00
 2.47000  9.979474513701222e+00
 2.47500  9.999649608569365e+00
 2.48000  1.001972313353199e+01
 2.48500  1.003969580316970e+01
 2.49000  1.005956832561168e+01
 2.49500  1.007934140260672e+01
 2.50000  1.009901572959339e+01
 2.50500  1.011859199576925e+01
 2.51000  1.013807088415912e+01
 2.51500  1.015745307168259e+01
 2.52000  1.017673922922054e+01
 2.52500  1.019593002168090e+01
 2.53000  1.021502610806348e+01
 2.53500  1.023402814152403e+01
 2.54000  1.025293676943748e+01
 2.54500  1.027175263346031e+01
 2.55000  1.029047636959222e+01
 2.55500  1.030910860823693e+01
 2.56000  1.032764997426227e+01
 2.56500  1.034610108705946e+01
 2.57000  1.036446256060168e+01
 2.57500  1.038273500350192e+01
 2.58000  1.040091901906999e+01
 2.58500  1.041901520536896e+01
 2.59000  1.043702415527081e+01
 2.59500  1.045494645651138e+01
 2.60000  1.047278269174465e+01
 2.60500  1.049053343859640e+01
 2.61000  1.050819926971706e+01
 2.61500  1.052578075283407e+01
 2.62000  1.054327845080346e+01
 2.62500  1.056069292166088e+01
 2.63000  1.057802471867193e+01
 2.63500  1.059527439038194e+01
 2.64000  1.061244248066506e+01
 2.64500  1.062952952877283e+01
 2.65000  1.064653606938209e+01
 2.65500  1.066346263264234e+01
 2.66000  1.068030974422247e+01
 2.66500  1.069707792535703e+01
 2.67000  1.071376769289180e+01
 2.67500  1.073037955932890e+01
 2.68000  1.074691403287136e+01
 2.68500  1.076337161746703e+01
 2.69000  1.077975281285216e+01
 2.69500  1.079605811459425e+01
 2.70000  1.081228801413453e+01
 2.70500  1.082844299882983e+01
 2.71000  1.084452355199405e+01
 2.71500  1.086053015293907e+01
 2.72000  1.087646327701512e+01
 2.72500  1.089232339565080e+01
 2.73000  1.090811097639253e+01
 2.73500  1.092382648294355e+01
 2.74000  1.093947037520245e+01
 2.74500  1.095504310930129e+01
 2.75000  1.097054513764322e+01
 2.75500  1.098597690893966e+01
 2.76000  1.100133886824707e+01
 2.76500  1.101663145700327e+01
 2.77000  1.103185511306336e+01
 2.77500  1.104701027073514e+01
 2.78000  1.106209736081426e+01
 2.78500  1.107711681061878e+01
 2.79000  1.109206904402349e+01
 2.79500  1.110695448149374e+01
 2.80000  1.112177354011889e+01
 2.80500  1.113652663364540e+01
 2.81000  1.115121417250951e+01
 2.81500  1.116583656386957e+01
 2.82000  1.118039421163796e+01
 2.82500  1.119488751651267e+01
 2.83000  1.120931687600852e+01
 2.83500  1.122368268448801e+01
 2.84000  1.123798533319182e+01
 2.84500  1.125222521026898e+01
 2.85000  1.126640270080663e+01
 2.85500  1.128051818685955e+01
 2.86000  1.129457204747928e+01
 2.86500  1.130856465874290e+01
 2.87000  1.132249639378152e+01
 2.87500  1.133636762280847e+01
 2.88000  1.135017871314709e+01
 2.88500  1.136393002925830e+01
 2.89000  1.137762193276779e+01
 2.89500  1.139125478249294e+01
 2.90000  1.140482893446944e+01
 2.90500  1.141834474197760e+01
 2.91000  1.143180255556835e+01
 2.91500  1.144520272308901e+01
 2.92000  1.145854558970868e+01
 2.92500  1.147183149794347e+01
 2.93000  1.148506078768130e+01
 2.93500  1.149823379620658e+01
 2.94000  1.151135085822450e+01
 2.94500  1.152441230588513e+01
 2.95000  1.153741846880719e+01
 2.95500  1.155036967410161e+01
 2.96000  1.156326624639479e+01
 2.96500  1.157610850785166e+01
 2.97000  1.158889677819844e+01
 2.97500  1.160163137474515e+01
 2.98000  1.161431261240792e+01
 2.98500  1.162694080373100e+01
 2.99000  1.163951625890858e+01
 2.99500  1.165203928580635e+01
 3.00000  1.166451018998281e+01
 3.00500  1.167692927471040e+01
 3.01000  1.168929684099635e+01
 3.01500  1.170161318760332e+01
 3.02000  1.171387861106984e+01
 3.02500  1.172609340573053e+01
 3.03000  1.173825786373603e+01
 3.03500  1.175037227507285e+01
 3.04000  1.176243692758288e+01
 3.04500  1.177445210698274e+01
 3.05000  1.178641809688300e+01
 3.05500  1.179833517880701e+01
 3.06000  1.181020363220976e+01
 3.06500  1.182202373449636e+01
 3.07000  1.183379576104037e+01
 3.07500  1.184551998520203e+01
 3.08000  1.185719667834616e+01
 3.08500  1.186882610985996e+01
 3.09000  1.188040854717057e+01
 3.09500  1.189194425576254e+01
 3.10000  1.190343349919497e+01
 3.10500  1.191487653911860e+01
 3.11000  1.192627363529267e+01
 3.11500  1.193762504560158e+01
 3.12000  1.194893102607143e+01
 3.12500  1.196019183088635e+01
 3.13000  1.197140771240468e+01
 3.13500  1.198257892117496e+01
 3.14000  1.199370570595179e+01
 3.14500  1.200478831371148e+01
 3.15000  1.201582698966758e+01
 3.15500  1.202682197728624e+01
 3.16000  1.203777351830139e+01
 3.16500  1.204868185272978e+01
 3.17000  1.205954721888589e+01
 3.17500  1.207036985339664e+01
 3.18000  1.208114999121598e+01
 3.18500  1.209188786563932e+01
 3.19000  1.210258370831785e+01
 3.19500  1.211323774927262e+01
 3.20000  1.212385021690861e+01
 3.20500  1.213442133802851e+01
 3.21000  1.214495133784652e+01
 3.21500  1.215544044000188e+01
 3.22000  1.216588886657230e+01
 3.22500  1.217629683808729e+01
 3.23000  1.218666457354135e+01
 3.23500  1.219699229040696e+01
 3.24000  1.220728020464753e+01
 3.24500  1.221752853073016e+01
 3.25000  1.222773748163831e+01
 3.25500  1.223790726888430e+01
 3.26000  1.224803810252174e+01
 3.26500  1.225813019115779e+01
 3.27000  1.226818374196530e+01
 3.27500  1.227819896069491e+01
 3.28000  1.228817605168687e+01
 3.28500  1.229811521788293e+01
 3.29000  1.230801666083797e+01
 3.29500  1.231788058073156e+01
 3.30000  1.232770717637947e+01
 3.30500  1.233749664524493e+01
 3.31000  1.234724918344994e+01
 3.31500  1.235696498578631e+01
 3.32000  1.236664424572675e+01
 3.32500  1.237628715543571e+01
 3.33000  1.238589390578021e+01
 3.33500  1.239546468634051e+01
 3.34000  1.240499968542072e+01
 3.34500  1.241449909005927e+01
 3.35000  1.242396308603930e+01
 3.35500  1.243339185789892e+01
 3.36000  1.244278558894143e+01
 3.36500  1.245214446124539e+01
 3.37000  1.246146865567457e+01
 3.37500  1.247075835188792e+01
 3.38000  1.248001372834930e+01
 3.38500  1.248923496233718e+01
 3.39000  1.249842222995431e+01
 3.39500  1.250757570613719e+01
 3.40000  1.251669556466549e+01
 3.40500  1.252578197817142e+01
 3.41000  1.253483511814895e+01
 3.41500  1.254385515496299e+01
 3.42000  1.255284225785845e+01
 3.42500  1.256179659496923e+01
 3.43000  1.257071833332712e+01
 3.43500  1.257960763887061e+01
 3.44000  1.258846467645365e+01
 3.44500  1.259728960985428e+01
 3.45000  1.260608260178319e+01
 3.45500  1.261484381389225e+01
 3.46000  1.262357340678287e+01
 3.46500  1.263227154001438e+01
 3.47000  1.264093837211223e+01
 3.47500  1.264957406057623e+01
 3.48000  1.265817876188858e+01
 3.48500  1.266675263152197e+01
 3.49000  1.267529582394745e+01
 3.49500  1.268380849264237e+01
 3.50000  1.269229079009815e+01
 3.50500  1.270074286782802e+01
 3.51000  1.270916487637468e+01
 3.51500  1.271755696531786e+01
 3.52000  1.272591928328191e+01
 3.52500  1.273425197794317e+01
 3.53000  1.274255519603737e+01
 3.53500  1.275082908336700e+01
 3.54000  1.275907378480846e+01
 3.54500  1.276728944431933e+01
 3.55000  1.277547620494541e+01
 3.55500  1.278363420882783e+01
 3.56000  1.279176359720997e+01
 3.56500  1.279986451044445e+01
 3.57000  1.280793708799994e+01
 3.57500  1.281598146846794e+01
 3.58000  1.282399778956959e+01
 3.58500  1.283198618816226e+01
 3.59000  1.283994680024619e+01
 3.59500  1.284787976097108e+01
 3.60000  1.285578520464252e+01
 3.60500  1.286366326472846e+01
 3.61000  1.287151407386561e+01
 3.61500  1.287933776386570e+01
 3.62000  1.288713446572178e+01
 3.62500  1.289490430961443e+01
 3.63000  1.290264742491789e+01
 3.63500  1.291036394020620e+01
 3.64000  1.291805398325918e+01
 3.64500  1.292571768106844e+01
 3.65000  1.293335515984336e+01
 3.65500  1.294096654501691e+01
 3.66000  1.294855196125150e+01
 3.66500  1.295611153244477e+01
 3.67000  1.296364538173533e+01
 3.67500  1.297115363150839e+01
 3.68000  1.297863640340141e+01
 3.68500  1.298609381830970e+01
 3.69000  1.299352599639191e+01
 3.69500  1.300093305707554e+01
 3.70000  1.300831511906233e+01
 3.70500  1.301567230033370e+01
 3.71000  1.302300471815604e+01
 3.71500  1.303031248908601e+01
 3.72000  1.303759572897581e+01
 3.72500  1.304485455297832e+01
 3.73000  1.305208907555232e+01
 3.73500  1.305929941046757e+01
 3.74000  1.306648567080982e+01
 3.74500  1.307364796898594e+01
 3.75000  1.308078641672879e+01
 3.75500  1.308790112510222e+01
 3.76000  1.309499220450592e+01
 3.76500  1.310205976468030e+01
 3.77000  1.310910391471127e+01
 3.77500  1.311612476303502e+01
 3.78000  1.312312241744273e+01
 3.78500  1.313009698508527e+01
 3.79000  1.313704857247784e+01
 3.79500  1.314397728550457e+01
 3.80000  1.315088322942307e+01
 3.80500  1.315776650886897e+01
 3.81000  1.316462722786042e+01
 3.81500  1.317146548980251e+01
 3.82000  1.317828139749170e+01
 3.82500  1.318507505312017e+01
 3.83000  1.319184655828020e+01
 3.83500  1.319859601396843e+01
 3.84000  1.320532352059012e+01
 3.84500  1.321202917796341e+01
 3.85000  1.321871308532349e+01
 3.85500  1.322537534132675e+01
 3.86000  1.323201604405492e+01
 3.86500  1.323863529101915e+01
 3.87000  1.324523317916403e+01
 3.87500  1.325180980487167e+01
 3.88000  1.325836526396563e+01
 3.88500  1.326489965171490e+01
 3.89000  1.327141306283781e+01
 3.89500  1.327790559150590e+01
 3.90000  1.328437733134781e+01
 3.90500  1.329082837545306e+01
 3.91000  1.329725881637588e+01
 3.91500  1.330366874613893e+01
 3.92000  1.331005825623704e+01
 3.92500  1.331642743764092e+01
 3.93000  1.332277638080081e+01
 3.93500  1.332910517565011e+01
 3.94000  1.333541391160902e+01
 3.94500  1.334170267758805e+01
 3.95000  1.334797156199164e+01
 3.95500  1.335422065272162e+01
 3.96000  1.336045003718075e+01
 3.96500  1.336665980227611e+01
 3.97000  1.337285003442260e+01
 3.97500  1.337902081954630e+01
 3.98000  1.338517224308788e+01
 3.98500  1.339130439000589e+01
 3.99000  1.339741734478016e+01
 3.99500  1.340351119141502e+01
 4.00000  1.340958601344262e+01
 4.00500  1.341564189392612e+01
 4.01000  1.342167891546298e+01
 4.01500  1.342769716018805e+01
 4.02000  1.343369670977681e+01
 4.02500  1.343967764544848e+01
 4.03000  1.344564004796913e+01
 4.03500  1.345158399765476e+01
 4.04000  1.345750957437437e+01
 4.04500  1.346341685755302e+01
 4.05000  1.346930592617478e+01
 4.05500  1.347517685878579e+01
 4.06000  1.348102973349718e+01
 4.06500  1.348686462798802e+01
 4.07000  1.349268161950827e+01
 4.07500  1.349848078488159e+01
 4.08000  1.350426220050832e+01
 4.08500  1.351002594236826e+01
 4.09000  1.351577208602348e+01
 4.09500  1.352150070662120e+01
 4.10000  1.352721187889650e+01
 4.10500  1.353290567717511e+01
 4.11000  1.353858217537614e+01
 4.11500  1.354424144701479e+01
 4.12000  1.354988356520508e+01
 4.12500  1.355550860266246e+01
 4.13000  1.356111663170653e+01
 4.13500  1.356670772426360e+01
 4.14000  1.357228195186937e+01
 4.14500  1.357783938567148e+01
 4.15000  1.358338009643209e+01
 4.15500  1.358890415453043e+01
 4.16000  1.359441162996531e+01
 4.16500  1.359990259235768e+01
 4.17000  1.360537711095307e+01
 4.17500  1.361083525462408e+01
 4.18000  1.361627709187284e+01
 4.18500  1.362170269083343e+01
 4.19000  1.362711211927430e+01
 4.19500  1.363250544460067e+01
 4.20000  1.363788273385690e+01
 4.20500  1.364324405372884e+01
 4.21000  1.364858947054620e+01
 4.21500  1.365391905028484e+01
 4.22000  1.365923285856909e+01
 4.22500  1.366453096067404e+01
 4.23000  1.366981342152779e+01
 4.23500  1.367508030571373e+01
 4.24000  1.368033167747274e+01
 4.24500  1.368556760070545e+01
 4.25000  1.369078813897441e+01
 4.25500  1.369599335550627e+01
 4.26000  1.370118331319398e+01
 4.26500  1.370635807459889e+01
 4.27000  1.371151770195294e+01
 4.27500  1.371666225716073e+01
 4.28000  1.372179180180166e+01
 4.28500  1.372690639713198e+01
 4.29000  1.373200610408689e+01
 4.29500  1.373709098328259e+01
 4.30000  1.374216109501830e+01
 4.30500  1.374721649927830e+01
 4.31000  1.375225725573392e+01
 4.31500  1.375728342374558e+01
 4.32000  1.376229506236470e+01
 4.32500  1.376729223033573e+01
 4.33000  1.377227498609803e+01
 4.33500  1.377724338778788e+01
 4.34000  1.378219749324033e+01
 4.34500  1.378713735999116e+01
 4.35000  1.379206304527874e+01
 4.35500  1.379697460604589e+01
 4.36000  1.380187209894181e+01
 4.36500  1.380675558032385e+01
 4.37000  1.381162510625940e+01
 4.37500  1.381648073252769e+01
 4.38000  1.382132251462158e+01
 4.38500  1.382615050774941e+01
 4.39000  1.383096476683672e+01
 4.39500  1.383576534652807e+01
 4.40000  1.384055230118874e+01
 4.40500  1.384532568490652e+01
 4.41000  1.385008555149344e+01
 4.41500  1.385483195448743e+01
 4.42000  1.385956494715409e+01
 4.42500  1.386428458248835e+01
 4.43000  1.386899091321616e+01
 4.43500  1.387368399179613e+01
 4.44000  1.387836387042124e+01
 4.44500  1.388303060102040e+01
 4.45000  1.388768423526018e+01
 4.45500  1.389232482454635e+01
 4.46000  1.389695242002552e+01
 4.46500  1.390156707258672e+01
 4.47000  1.390616883286301e+01
 4.47500  1.391075775123303e+01
 4.48000  1.391533387782256e+01
 4.48500  1.391989726250610e+01
 4.49000  1.392444795490834e+01
 4.49500  1.392898600440578e+01
 4.50000  1.393351146012816e+01
 4.50500  1.393802437096003e+01
 4.51000  1.394252478554221e+01
 4.51500  1.394701275227326e+01
 4.52000  1.395148831931100e+01
 4.52500  1.395595153457393e+01
 4.53000  1.396040244574272e+01
 4.53500  1.396484110026160e+01
 4.54000  1.396926754533984e+01
 4.54500  1.397368182795315e+01
 4.55000  1.397808399484508e+01
 4.55500  1.398247409252845e+01
 4.56000  1.398685216728672e+01
 4.56500  1.399121826517536e+01
 4.57000  1.399557243202326e+01
 4.57500  1.399991471343404e+01
 4.58000  1.400424515478745e+01
 4.58500  1.400856380124069e+01
 4.59000  1.401287069772973e+01
 4.59500  1.401716588897066e+01
 4.60000  1.402144941946098e+01
 4.60500  1.402572133348092e+01
 4.61000  1.402998167509473e+01
 4.61500  1.403423048815197e+01
 4.62000  1.403846781628878e+01
 4.62500  1.404269370292916e+01
 4.63000  1.404690819128621e+01
 4.63500  1.405111132436339e+01
 4.64000  1.405530314495577e+01
 4.64500  1.405948369565127e+01
 4.65000  1.406365301883184e+01
 4.65500  1.406781115667475e+01
 4.66000  1.407195815115371e+01
 4.66500  1.407609404404015e+01
 4.67000  1.408021887690434e+01
 4.67500  1.408433269111663e+01
 4.68000  1.408843552784861e+01
 4.68500  1.409252742807424e+01
 4.69000  1.409660843257105e+01
 4.69500  1.410067858192127e+01
 4.70000  1.410473791651298e+01
 4.70500  1.410878647654126e+01
 4.71000  1.411282430200925e+01
 4.71500  1.411685143272937e+01
 4.72000  1.412086790832433e+01
 4.72500  1.412487376822832e+01
 4.73000  1.412886905168804e+01
 4.73500  1.413285379776381e+01
 4.74000  1.413682804533069e+01
 4.74500  1.414079183307948e+01
 4.75000  1.414474519951784e+01
 4.75500  1.414868818297134e+01
 4.76000  1.415262082158448e+01
 4.76500  1.415654315332178e+01
 4.77000  1.416045521596878e+01
 4.77500  1.416435704713311e+01
 4.78000  1.416824868424547e+01
 4.78500  1.417213016456065e+01
 4.79000  1.417600152515860e+01
 4.79500  1.417986280294533e+01
 4.80000  1.418371403465400e+01
 4.80500  1.418755525684587e+01
 4.81000  1.419138650591126e+01
 4.81500  1.419520781807057e+01
 4.82000  1.419901922937523e+01
 4.82500  1.420282077570864e+01
 4.83000  1.420661249278716e+01
 4.83500  1.421039441616105e+01
 4.84000  1.421416658121539e+01
 4.84500  1.421792902317107e+01
 4.85000  1.422168177708565e+01
 4.85500  1.422542487785435e+01
 4.86000  1.422915836021091e+01
 4.86500  1.423288225872857e+01
 4.87000  1.423659660782091e+01
 4.87500  1.424030144174278e+01
 4.88000  1.424399679459119e+01
 4.88500  1.424768270030622e+01
 4.89000  1.425135919267187e+01
 4.89500  1.425502630531693e+01
 4.90000  1.425868407171589e+01
 4.90500  1.426233252518979e+01
 4.91000  1.426597169890705e+01
 4.91500  1.426960162588435e+01
 4.92000  1.427322233898749e+01
 4.92500  1.427683387093221e+01
 4.93000  1.428043625428501e+01
 4.93500  1.428402952146403e+01
 4.94000  1.428761370473984e+01
 4.94500  1.429118883623627e+01
 4.95000  1.429475494793121e+01
 4.95500  1.429831207165745e+01
 4.96000  1.430186023910347e+01
 4.96500  1.430539948181422e+01
 4.97000  1.430892983119193e+01
 4.97500  1.431245131849692e+01
 4.98000  1.431596397484833e+01
 4.98500  1.431946783122497e+01
 4.99000  1.432296291846600e+01
 4.99500  1.432644926727180e+01
 5.00000  1.432992690820467e+01
 5.00500  1.433339587168958e+01
 5.01000  1.433685618801497e+01
 5.01500  1.434030788733347e+01
 5.02000  1.434375099966263e+01
 5.02500  1.434718555488571e+01
 5.03000  1.435061158275235e+01
 5.03500  1.435402911287934e+01
 5.04000  1.435743817475133e+01
 5.04500  1.436083879772157e+01
 5.05000  1.436423101101258e+01
 5.05500  1.436761484371692e+01
 5.06000  1.437099032479785e+01
 5.06500  1.437435748309005e+01
 5.07000  1.437771634730031e+01
 5.07500  1.438106694600823e+01
 5.08000  1.438440930766692e+01
 5.08500  1.438774346060364e+01
 5.09000  1.439106943302052e+01
 5.09500  1.439438725299525e+01
 5.10000  1.439769694848168e+01
 5.10500  1.440099854731057e+01
 5.11000  1.440429207719018e+01
 5.11500  1.440757756570698e+01
 5.12000  1.441085504032629e+01
 5.12500  1.441412452839290e+01
 5.13000  1.441738605713177e+01
 5.13500  1.442063965364862e+01
 5.14000  1.442388534493061e+01
 5.14500  1.442712315784693e+01
 5.15000  1.443035311914946e+01
 5.15500  1.443357525547339e+01
 5.16000  1.443678959333785e+01
 5.16500  1.443999615914650e+01
 5.17000  1.444319497918817e+01
 5.17500  1.444638607963746e+01
 5.18000  1.444956948655534e+01
 5.18500  1.445274522588977e+01
 5.19000  1.445591332347627e+01
 5.19500  1.445907380503856e+01
 5.20000  1.446222669618910e+01
 5.20500  1.446537202242971e+01
 5.21000  1.446850980915215e+01
 5.21500  1.447164008163868e+01
 5.22000  1.447476286506266e+01
 5.22500  1.447787818448912e+01
 5.23000  1.448098606487530e+01
 5.23500  1.448408653107128e+01
 5.24000  1.448717960782046e+01
 5.24500  1.449026531976019e+01
 5.25000  1.449334369142228e+01
 5.25500  1.449641474723357e+01
 5.26000  1.449947851151647e+01
 5.26500  1.450253500848954e+01
 5.27000  1.450558426226796e+01
 5.27500  1.450862629686414e+01
 5.28000  1.451166113618823e+01
 5.28500  1.451468880404862e+01
 5.29000  1.451770932415253e+01
 5.29500  1.452072272010648e+01
 5.30000  1.452372901541685e+01
 5.30500  1.452672823349037e+01
 5.31000  1.452972039763466e+01
 5.31500  1.453270553105871e+01
 5.32000  1.453568365687344e+01
 5.32500  1.453865479809217e+01
 5.33000  1.454161897763111e+01
 5.33500  1.454457621830991e+01
 5.34000  1.454752654285210e+01
 5.34500  1.455046997388563e+01
 5.35000  1.455340653394336e+01
 5.35500  1.455633624546348e+01
 5.36000  1.455925913079009e+01
 5.36500  1.456217521217363e+01
 5.37000  1.456508451177137e+01
 5.37500  1.456798705164786e+01
 5.38000  1.457088285377546e+01
 5.38500  1.457377194003476e+01
 5.39000  1.457665433221508e+01
 5.39500  1.457953005201492e+01
 5.40000  1.458239912104240e+01
 5.40500  1.458526156081578e+01
 5.41000  1.458811739276385e+01
 5.41500  1.459096663822643e+01
 5.42000  1.459380931845480e+01
 5.42500  1.459664545461217e+01
 5.43000  1.459947506777408e+01
 5.43500  1.460229817892890e+01
 5.44000  1.460511480897822e+01
 5.44500  1.460792497873734e+01
 5.45000  1.461072870893565e+01
 5.45500  1.461352602021710e+01
 5.46000  1.461631693314064e+01
 5.46500  1.461910146818058e+01
 5.47000  1.462187964572711e+01
 5.47500  1.462465148608665e+01
 5.48000  1.462741700948230e+01
 5.48500  1.463017623605426e+01
 5.49000  1.463292918586022e+01
 5.49500  1.463567587887580e+01
 5.50000  1.463841633499496e+01
 5.50500  1.464115057403040e+01
 5.51000  1.464387861571392e+01
 5.51500  1.464660047969693e+01
 5.52000  1.464931618555075e+01
 5.52500  1.465202575276705e+01
 5.53000  1.465472920075823e+01
 5.53500  1.465742654885786e+01
 5.54000  1.466011781632100e+01
 5.54500  1.466280302232465e+01
 5.55000  1.466548218596809e+01
 5.55500  1.466815532627330e+01
 5.56000  1.467082246218533e+01
 5.56500  1.467348361257268e+01
 5.57000  1.467613879622766e+01
 5.57500  1.467878803186679e+01
 5.58000  1.468143133813118e+01
 5.58500  1.468406873358686e+01
 5.59000  1.468670023672520e+01
 5.59500  1.468932586596323e+01
 5.60000  1.469194563964404e+01
 5.60500  1.469455957603714e+01
 5.61000  1.469716769333878e+01
 5.61500  1.469977000967237e+01
 5.62000  1.470236654308877e+01
 5.62500  1.470495731156672e+01
 5.63000  1.470754233301313e+01
 5.63500  1.471012162526345e+01
 5.64000  1.471269520608202e+01
 5.64500  1.471526309316243e+01
 5.65000  1.471782530412783e+01
 5.65500  1.472038185653130e+01
 5.66000  1.472293276785620e+01
 5.66500  1.472547805551647e+01
 5.67000  1.472801773685700e+01
 5.67500  1.473055182915394e+01
 5.68000  1.473308034961506e+01
 5.68500  1.473560331538006e+01
 5.69000  1.473812074352090e+01
 5.69500  1.474063265104214e+01
 5.70000  1.474313905488124e+01
 5.70500  1.474563997190892e+01
 5.71000  1.474813541892945e+01
 5.71500  1.475062541268097e+01
 5.72000  1.475310996983585e+01
 5.72500  1.475558910700094e+01
 5.73000  1.475806284071794e+01
 5.73500  1.476053118746367e+01
 5.74000  1.476299416365043e+01
 5.74500  1.476545178562626e+01
 5.75000  1.476790406967526e+01
 5.75500  1.477035103201792e+01
 5.76000  1.477279268881141e+01
 5.76500  1.477522905614985e+01
 5.77000  1.477766015006467e+01
 5.77500  1.478008598652485e+01
 5.78000  1.478250658143726e+01
 5.78500  1.478492195064694e+01
 5.79000  1.478733210993737e+01
 5.79500  1.478973707503082e+01
 5.80000  1.479213686158857e+01
 5.80500  1.479453148521126e+01
 5.81000  1.479692096143912e+01
 5.81500  1.479930530575232e+01
 5.82000  1.480168453357119e+01
 5.82500  1.480405866025654e+01
 5.83000  1.480642770110995e+01
 5.83500  1.480879167137401e+01
 5.84000  1.481115058623262e+01
 5.84500  1.481350446081126e+01
 5.85000  1.481585331017730e+01
 5.85500  1.481819714934022e+01
 5.86000  1.482053599325188e+01
 5.86500  1.482286985680685e+01
 5.87000  1.482519875484263e+01
 5.87500  1.482752270213993e+01
 5.88000  1.482984171342292e+01
 5.88500  1.483215580335954e+01
 5.89000  1.483446498656169e+01
 5.89500  1.483676927758556e+01
 5.90000  1.483906869093185e+01
 5.90500  1.484136324104606e+01
 5.91000  1.484365294231869e+01
 5.91500  1.484593780908556e+01
 5.92000  1.484821785562802e+01
 5.92500  1.485049309617324e+01
 5.93000  1.485276354489442e+01
 5.93500  1.485502921591106e+01
 5.94000  1.485729012328922e+01
 5.94500  1.485954628104176e+01
 5.95000  1.486179770312855e+01
 5.95500  1.486404440345677e+01
 5.96000  1.486628639588113e+01
 5.96500  1.486852369420411e+01
 5.97000  1.487075631217618e+01
 5.97500  1.487298426349609e+01
 5.98000  1.487520756181105e+01
 5.98500  1.487742622071702e+01
 5.99000  1.487964025375889e+01
 5.99500  1.488184967443078e+01
 6.00000  1.488405449617621e+01
 6.00500  1.488625473238836e+01
 6.01000  1.488845039641031e+01
 6.01500  1.489064150153525e+01
 6.02000  1.489282806100672e+01
 6.02500  1.489501008801881e+01
 6.03000  1.489718759571644e+01
 6.03500  1.489936059719552e+01
 6.04000  1.490152910550323e+01
 6.04500  1.490369313363820e+01
 6.05000  1.490585269455075e+01
 6.05500  1.490800780114311e+01
 6.06000  1.491015846626961e+01
 6.06500  1.491230470273695e+01
 6.07000  1.491444652330438e+01
 6.07500  1.491658394068391e+01
 6.08000  1.491871696754053e+01
 6.08500  1.492084561649245e+01
 6.09000  1.492296990011126e+01
 6.09500  1.492508983092220e+01
 6.10000  1.492720542140430e+01
 6.10500  1.492931668399066e+01
 6.11000  1.493142363106860e+01
 6.11500  1.493352627497989e+01
 6.12000  1.493562462802095e+01
 6.12500  1.493771870244307e+01
 6.13000  1.493980851045259e+01
 6.13500  1.494189406421109e+01
 6.14000  1.494397537583565e+01
 6.14500  1.494605245739897e+01
 6.15000  1.494812532092963e+01
 6.15500  1.495019397841224e+01
 6.16000  1.495225844178770e+01
 6.16500  1.495431872295332e+01
 6.17000  1.495637483376306e+01
 6.17500  1.495842678602772e+01
 6.18000  1.496047459151510e+01
 6.18500  1.496251826195026e+01
 6.19000  1.496455780901561e+01
 6.19500  1.496659324435120e+01
 6.20000  1.496862457955484e+01
 6.20500  1.497065182618230e+01
 6.21000  1.497267499574754e+01
 6.21500  1.497469409972282e+01
 6.22000  1.497670914953895e+01
 6.22500  1.497872015658544e+01
 6.23000  1.498072713221069e+01
 6.23500  1.498273008772217e+01
 6.24000  1.498472903438661e+01
 6.24500  1.498672398343014e+01
 6.25000  1.498871494603854e+01
 6.25500  1.499070193335736e+01
 6.26000  1.499268495649210e+01
 6.26500  1.499466402650841e+01
 6.27000  1.499663915443226e+01
 6.27500  1.499861035125009e+01
 6.28000  1.500057762790902e+01
 6.28500  1.500254099531699e+01
 6.29000  1.500450046434294e+01
 6.29500  1.500645604581699e+01
 6.30000  1.500840775053061e+01
 6.30500  1.501035558923676e+01
 6.31000  1.501229957265011e+01
 6.31500  1.501423971144715e+01
 6.32000  1.501617601626639e+01
 6.32500  1.501810849770852e+01
 6.33000  1.502003716633656e+01
 6.33500  1.502196203267606e+01
 6.34000  1.502388310721521e+01
 6.34500  1.502580040040505e+01
 6.35000  1.502771392265959e+01
 6.35500  1.502962368435600e+01
 6.36000  1.503152969583476e+01
 6.36500  1.503343196739982e+01
 6.37000  1.503533050931874e+01
 6.37500  1.503722533182289e+01
 6.38000  1.503911644510755e+01
 6.38500  1.504100385933211e+01
 6.39000  1.504288758462021e+01
 6.39500  1.504476763105987e+01
 6.40000  1.504664400870368e+01
 6.40500  1.504851672756895e+01
 6.41000  1.505038579763781e+01
 6.41500  1.505225122885744e+01
 6.42000  1.505411303114016e+01
 6.42500  1.505597121436358e+01
 6.43000  1.505782578837080e+01
 6.43500  1.505967676297049e+01
 6.44000  1.506152414793709e+01
 6.44500  1.506336795301094e+01
 6.45000  1.506520818789840e+01
 6.45500  1.506704486227203e+01
 6.46000  1.506887798577073e+01
 6.46500  1.507070756799985e+01
 6.47000  1.507253361853136e+01
 6.47500  1.507435614690401e+01
 6.48000  1.507617516262343e+01
 6.48500  1.507799067516227e+01
 6.49000  1.507980269396040e+01
 6.49500  1.508161122842496e+01
 6.50000  1.508341628793060e+01
 6.50500  1.508521788181951e+01
 6.51000  1.508701601940164e+01
 6.51500  1.508881070995480e+01
 6.52000  1.509060196272479e+01
 6.52500  1.509238978692556e+01
 6.53000  1.509417419173932e+01
 6.53500  1.509595518631668e+01
 6.54000  1.509773277977682e+01
 6.54500  1.509950698120754e+01
 6.55000  1.510127779966546e+01
 6.55500  1.510304524417615e+01
 6.56000  1.510480932373421e+01
 6.56500  1.510657004730344e+01
 6.57000  1.510832742381698e+01
 6.57500  1.511008146217738e+01
 6.58000  1.511183217125680e+01
 6.58500  1.511357955989709e+01
 6.59000  1.511532363690991e+01
 6.59500  1.511706441107691e+01
 6.60000  1.511880189114978e+01
 6.60500  1.512053608585046e+01
 6.61000  1.512226700387116e+01
 6.61500  1.512399465387460e+01
 6.62000  1.512571904449403e+01
 6.62500  1.512744018433342e+01
 6.63000  1.512915808196755e+01
 6.63500  1.513087274594213e+01
 6.64000  1.513258418477395e+01
 6.64500  1.513429240695095e+01
 6.65000  1.513599742093240e+01
 6.65500  1.513769923514895e+01
 6.66000  1.513939785800281e+01
 6.66500  1.514109329786784e+01
 6.67000  1.514278556308966e+01
 6.67500  1.514447466198576e+01
 6.68000  1.514616060284567e+01
 6.68500  1.514784339393099e+01
 6.69000  1.514952304347559e+01
 6.69500  1.515119955968565e+01
 6.70000  1.515287295073982e+01
 6.70500  1.515454322478934e+01
 6.71000  1.515621038995811e+01
 6.71500  1.515787445434282e+01
 6.72000  1.515953542601307e+01
 6.72500  1.516119331301150e+01
 6.73000  1.516284812335384e+01
 6.73500  1.516449986502909e+01
 6.74000  1.516614854599957e+01
 6.74500  1.516779417420106e+01
 6.75000  1.516943675754291e+01
 6.75500  1.517107630390814e+01
 6.76000  1.517271282115353e+01
 6.76500  1.517434631710976e+01
 6.77000  1.517597679958150e+01
 6.77500  1.517760427634751e+01
 6.78000  1.517922875516074e+01
 6.78500  1.518085024374846e+01
 6.79000  1.518246874981234e+01
 6.79500  1.518408428102857e+01
 6.80000  1.518569684504793e+01
 6.80500  1.518730644949596e+01
 6.81000  1.518891310197298e+01
 6.81500  1.519051681005426e+01
 6.82000  1.519211758129006e+01
 6.82500  1.519371542320580e+01
 6.83000  1.519531034330210e+01
 6.83500  1.519690234905490e+01
 6.84000  1.519849144791557e+01
 6.84500  1.520007764731101e+01
 6.85000  1.520166095464372e+01
 6.85500  1.520324137729192e+01
 6.86000  1.520481892260966e+01
 6.86500  1.520639359792688e+01
 6.87000  1.520796541054953e+01
 6.87500  1.520953436775969e+01
 6.88000  1.521110047681559e+01
 6.88500  1.521266374495180e+01
 6.89000  1.521422417937924e+01
 6.89500  1.521578178728535e+01
 6.90000  1.521733657583410e+01
 6.90500  1.521888855216618e+01
 6.91000  1.522043772339900e+01
 6.91500  1.522198409662685e+01
 6.92000  1.522352767892095e+01
 6.92500  1.522506847732956e+01
 6.93000  1.522660649887808e+01
 6.93500  1.522814175056912e+01
 6.94000  1.522967423938260e+01
 6.94500  1.523120397227584e+01
 6.95000  1.523273095618365e+01
 6.95500  1.523425519801842e+01
 6.96000  1.523577670467020e+01
 6.96500  1.523729548300680e+01
 6.97000  1.523881153987386e+01
 6.97500  1.524032488209498e+01
 6.98000  1.524183551647173e+01
 6.98500  1.524334344978383e+01
 6.99000  1.524484868878915e+01
 6.99500  1.524635124022386e+01
 7.00000  1.524785111080249e+01
 7.00500  1.524934830721799e+01
 7.01000  1.525084283614186e+01
 7.01500  1.525233470422422e+01
 7.02000  1.525382391809387e+01
 7.02500  1.525531048435839e+01
 7.03000  1.525679440960425e+01
 7.03500  1.525827570039683e+01
 7.04000  1.525975436328056e+01
 7.04500  1.526123040477897e+01
 7.05000  1.526270383139480e+01
 7.05500  1.526417464961004e+01
 7.06000  1.526564286588605e+01
 7.06500  1.526710848666361e+01
 7.07000  1.526857151836303e+01
 7.07500  1.527003196738419e+01
 7.08000  1.527148984010667e+01
 7.08500  1.527294514288978e+01
 7.09000  1.527439788207267e+01
 7.09500  1.527584806397439e+01
 7.10000  1.527729569489399e+01
 7.10500  1.527874078111058e+01
 7.11000  1.528018332888339e+01
 7.11500  1.528162334445188e+01
 7.12000  1.528306083403582e+01
 7.12500  1.528449580383533e+01
 7.13000  1.528592826003098e+01
 7.13500  1.528735820878385e+01
 7.14000  1.528878565623564e+01
 7.14500  1.529021060850869e+01
 7.15000  1.529163307170612e+01
 7.15500  1.529305305191182e+01
 7.16000  1.529447055519064e+01
 7.16500  1.529588558758831e+01
 7.17000  1.529729815513168e+01
 7.17500  1.529870826382866e+01
 7.18000  1.530011591966836e+01
 7.18500  1.530152112862114e+01
 7.19000  1.530292389663869e+01
 7.19500  1.530432422965410e+01
 7.20000  1.530572213358193e+01
 7.20500  1.530711761431827e+01
 7.21000  1.530851067774084e+01
 7.21500  1.530990132970901e+01
 7.22000  1.531128957606393e+01
 7.22500  1.531267542262856e+01
 7.23000  1.531405887520774e+01
 7.23500  1.531543993958827e+01
 7.24000  1.531681862153898e+01
 7.24500  1.531819492681080e+01
 7.25000  1.531956886113681e+01
 7.25500  1.532094043023233e+01
 7.26000  1.532230963979497e+01
 7.26500  1.532367649550470e+01
 7.27000  1.532504100302393e+01
 7.27500  1.532640316799757e+01
 7.28000  1.532776299605307e+01
 7.28500  1.532912049280055e+01
 7.29000  1.533047566383277e+01
 7.29500  1.533182851472530e+01
 7.30000  1.533317905103650e+01
 7.30500  1.533452727830764e+01
 7.31000  1.533587320206294e+01
 7.31500  1.533721682780962e+01
 7.32000  1.533855816103800e+01
 7.32500  1.533989720722154e+01
 7.33000  1.534123397181691e+01
 7.33500  1.534256846026404e+01
 7.34000  1.534390067798621e+01
 7.34500  1.534523063039007e+01
 7.35000  1.534655832286576e+01
 7.35500  1.534788376078693e+01
 7.36000  1.534920694951079e+01
 7.36500  1.535052789437821e+01
 7.37000  1.535184660071377e+01
 7.37500  1.535316307382580e+01
 7.38000  1.535447731900647e+01
 7.38500  1.535578934153182e+01
 7.39000  1.535709914666184e+01
 7.39500  1.535840673964053e+01
 7.40000  1.535971212569594e+01
 7.40500  1.536101531004027e+01
 7.41000  1.536231629786986e+01
 7.41500  1.536361509436534e+01
 7.42000  1.536491170469161e+01
 7.42500  1.536620613399792e+01
 7.43000  1.536749838741795e+01
 7.43500  1.536878847006985e+01
 7.44000  1.537007638705632e+01
 7.44500  1.537136214346459e+01
 7.45000  1.537264574436661e+01
 7.45500  1.537392719481896e+01
 7.46000  1.537520649986303e+01
 7.46500  1.537648366452499e+01
 7.47000  1.537775869381589e+01
 7.47500  1.537903159273172e+01
 7.48000  1.538030236625342e+01
 7.48500  1.538157101934698e+01
 7.49000  1.538283755696350e+01
 7.49500  1.538410198403919e+01
 7.50000  1.538536430549548e+01
 7.50500  1.538662452623904e+01
 7.51000  1.538788265116187e+01
 7.51500  1.538913868514132e+01
 7.52000  1.539039263304013e+01
 7.52500  1.539164449970655e+01
 7.53000  1.539289428997432e+01
 7.53500  1.539414200866278e+01
 7.54000  1.539538766057686e+01
 7.54500  1.539663125050721e+01
 7.55000  1.539787278323017e+01
 7.55500  1.539911226350791e+01
 7.56000  1.540034969608839e+01
 7.56500  1.540158508570548e+01
 7.57000  1.540281843707898e+01
 7.57500  1.540404975491468e+01
 7.58000  1.540527904390442e+01
 7.58500  1.540650630872610e+01
 7.59000  1.540773155404380e+01
 7.59500  1.540895478450775e+01
 7.60000  1.541017600475445e+01
 7.60500  1.541139521940668e+01
 7.61000  1.541261243307355e+01
 7.61500  1.541382765035058e+01
 7.62000  1.541504087581971e+01
 7.62500  1.541625211404937e+01
 7.63000  1.541746136959453e+01
 7.63500  1.541866864699674e+01
 7.64000  1.541987395078419e+01
 7.64500  1.542107728547173e+01
 7.65000  1.542227865556097e+01
 7.65500  1.542347806554026e+01
 7.66000  1.542467551988480e+01
 7.66500  1.542587102305665e+01
 7.67000  1.542706457950479e+01
 7.67500  1.542825619366516e+01
 7.68000  1.542944586996072e+01
 7.68500  1.543063361280148e+01
 7.69000  1.543181942658455e+01
 7.69500  1.543300331569420e+01
 7.70000  1.543418528450189e+01
 7.70500  1.543536533736632e+01
 7.71000  1.543654347863349e+01
 7.71500  1.543771971263670e+01
 7.72000  1.543889404369667e+01
 7.72500  1.544006647612151e+01
 7.73000  1.544123701420681e+01
 7.73500  1.544240566223566e+01
 7.74000  1.544357242447873e+01
 7.74500  1.544473730519426e+01
 7.75000  1.544590030862816e+01
 7.75500  1.544706143901401e+01
 7.76000  1.544822070057313e+01
 7.76500  1.544937809751461e+01
 7.77000  1.545053363403536e+01
 7.77500  1.545168731432016e+01
 7.78000  1.545283914254167e+01
 7.78500  1.545398912286052e+01
 7.79000  1.545513725942532e+01
 7.79500  1.545628355637272e+01
 7.80000  1.545742801782742e+01
 7.80500  1.545857064790227e+01
 7.81000  1.545971145069825e+01
 7.81500  1.546085043030454e+01
 7.82000  1.546198759079859e+01
 7.82500  1.546312293624609e+01
 7.83000  1.546425647070109e+01
 7.83500  1.546538819820599e+01
 7.84000  1.546651812279158e+01
 7.84500  1.546764624847712e+01
 7.85000  1.546877257927034e+01
 7.85500  1.546989711916750e+01
 7.86000  1.547101987215343e+01
 7.86500  1.547214084220157e+01
 7.87000  1.547326003327399e+01
 7.87500  1.547437744932146e+01
 7.88000  1.547549309428347e+01
 7.88500  1.547660697208828e+01
 7.89000  1.547771908665295e+01
 7.89500  1.547882944188337e+01
 7.90000  1.547993804167433e+01
 7.90500  1.548104488990954e+01
 7.91000  1.548214999046166e+01
 7.91500  1.548325334719234e+01
 7.92000  1.548435496395228e+01
 7.92500  1.548545484458126e+01
 7.93000  1.548655299290814e+01
 7.93500  1.548764941275095e+01
 7.94000  1.548874410791692e+01
 7.94500  1.548983708220246e+01
 7.95000  1.549092833939330e+01
 7.95500  1.549201788326442e+01
 7.96000  1.549310571758015e+01
 7.96500  1.549419184609419e+01
 7.97000  1.549527627254967e+01
 7.97500  1.549635900067914e+01
 7.98000  1.549744003420464e+01
 7.98500  1.549851937683771e+01
 7.99000  1.549959703227948e+01
 7.99500  1.550067300422065e+01
 8.00000  1.550174729634153e+01
 8.00500  1.550281991231212e+01
 8.01000  1.550389085579209e+01
 8.01500  1.550496013043087e+01
 8.02000  1.550602773986763e+01
 8.02500  1.550709368773136e+01
 8.03000  1.550815797764087e+01
 8.03500  1.550922061320487e+01
 8.04000  1.551028159802195e+01
 8.04500  1.551134093568064e+01
 8.05000  1.551239862975947e+01
 8.05500  1.551345468382695e+01
 8.06000  1.551450910144166e+01
 8.06500  1.551556188615224e+01
 8.07000  1.551661304149744e+01
 8.07500  1.551766257100618e+01
 8.08000  1.551871047819751e+01
 8.08500  1.551975676658075e+01
 8.09000  1.552080143965542e+01
 8.09500  1.552184450091135e+01
 8.10000  1.552288595382864e+01
 8.10500  1.552392580187778e+01
 8.11000  1.552496404851961e+01
 8.11500  1.552600069720540e+01
 8.12000  1.552703575137682e+01
 8.12500  1.552806921446606e+01
 8.13000  1.552910108989579e+01
 8.13500  1.553013138107923e+01
 8.14000  1.553116009142018e+01
 8.14500  1.553218722431301e+01
 8.15000  1.553321278314275e+01
 8.15500  1.553423677128508e+01
 8.16000  1.553525919210641e+01
 8.16500  1.553628004896383e+01
 8.17000  1.553729934520522e+01
 8.17500  1.553831708416924e+01
 8.18000  1.553933326918539e+01
 8.18500  1.554034790357399e+01
 8.19000  1.554136099064627e+01
 8.19500  1.554237253370435e+01
 8.20000  1.554338253604133e+01
 8.20500  1.554439100094125e+01
 8.21000  1.554539793167917e+01
 8.21500  1.554640333152117e+01
 8.22000  1.554740720372442e+01
 8.22500  1.554840955153717e+01
 8.23000  1.554941037819878e+01
 8.23500  1.555040968693979e+01
 8.24000  1.555140748098192e+01
 8.24500  1.555240376353808e+01
 8.25000  1.555339853781245e+01
 8.25500  1.555439180700045e+01
 8.26000  1.555538357428884e+01
 8.26500  1.555637384285567e+01
 8.27000  1.555736261587037e+01
 8.27500  1.555834989649376e+01
 8.28000  1.555933568787807e+01
 8.28500  1.556031999316695e+01
 8.29000  1.556130281549557e+01
 8.29500  1.556228415799055e+01
 8.30000  1.556326402377008e+01
 8.30500  1.556424241594389e+01
 8.31000  1.556521933761328e+01
 8.31500  1.556619479187118e+01
 8.32000  1.556716878180217e+01
 8.32500  1.556814131048247e+01
 8.33000  1.556911238098001e+01
 8.33500  1.557008199635444e+01
 8.34000  1.557105015965718e+01
 8.34500  1.557201687393138e+01
 8.35000  1.557298214221205e+01
 8.35500  1.557394596752598e+01
 8.36000  1.557490835289186e+01
 8.36500  1.557586930132024e+01
 8.37000  1.557682881581358e+01
 8.37500  1.557778689936629e+01
 8.38000  1.557874355496474e+01
 8.38500  1.557969878558730e+01
 8.39000  1.558065259420434e+01
 8.39500  1.558160498377827e+01
 8.40000  1.558255595726359e+01
 8.40500  1.558350551760689e+01
 8.41000  1.558445366774687e+01
 8.41500  1.558540041061437e+01
 8.42000  1.558634574913243e+01
 8.42500  1.558728968621627e+01
 8.43000  1.558823222477332e+01
 8.43500  1.558917336770329e+01
 8.44000  1.559011311789815e+01
 8.44500  1.559105147824215e+01
 8.45000  1.559198845161188e+01
 8.45500  1.559292404087630e+01
 8.46000  1.559385824889671e+01
 8.46500  1.559479107852682e+01
 8.47000  1.559572253261276e+01
 8.47500  1.559665261399313e+01
 8.48000  1.559758132549897e+01
 8.48500  1.559850866995383e+01
 8.49000  1.559943465017380e+01
 8.49500  1.560035926896748e+01
 8.50000  1.560128252913606e+01
 8.50500  1.560220443347332e+01
 8.51000  1.560312498476567e+01
 8.51500  1.560404418579214e+01
 8.52000  1.560496203932442e+01
 8.52500  1.560587854812693e+01
 8.53000  1.560679371495675e+01
 8.53500  1.560770754256373e+01
 8.54000  1.560862003369046e+01
 8.54500  1.560953119107233e+01
 8.55000  1.561044101743752e+01
 8.55500  1.561134951550704e+01
 8.56000  1.561225668799477e+01
 8.56500  1.561316253760743e+01
 8.57000  1.561406706704468e+01
 8.57500  1.561497027899906e+01
 8.58000  1.561587217615608e+01
 8.58500  1.561677276119419e+01
 8.59000  1.561767203678486e+01
 8.59500  1.561857000559255e+01
 8.60000  1.561946667027475e+01
 8.60500  1.562036203348202e+01
 8.61000  1.562125609785798e+01
 8.61500  1.562214886603936e+01
 8.62000  1.562304034065601e+01
 8.62500  1.562393052433092e+01
 8.63000  1.562481941968025e+01
 8.63500  1.562570702931334e+01
 8.64000  1.562659335583274e+01
 8.64500  1.562747840183423e+01
 8.65000  1.562836216990684e+01
 8.65500  1.562924466263289e+01
 8.66000  1.563012588258797e+01
 8.66500  1.563100583234099e+01
 8.67000  1.563188451445421e+01
 8.67500  1.563276193148324e+01
 8.68000  1.563363808597706e+01
 8.68500  1.563451298047807e+01
 8.69000  1.563538661752208e+01
 8.69500  1.563625899963833e+01
 8.70000  1.563713012934954e+01
 8.70500  1.563800000917190e+01
 8.71000  1.563886864161512e+01
 8.71500  1.563973602918241e+01
 8.72000  1.564060217437054e+01
 8.72500  1.564146707966985e+01
 8.73000  1.564233074756426e+01
 8.73500  1.564319318053127e+01
 8.74000  1.564405438104205e+01
 8.74500  1.564491435156138e+01
 8.75000  1.564577309454773e+01
 8.75500  1.564663061245323e+01
 8.76000  1.564748690772373e+01
 8.76500  1.564834198279881e+01
 8.77000  1.564919584011178e+01
 8.77500  1.565004848208972e+01
 8.78000  1.565089991115350e+01
 8.78500  1.565175012971778e+01
 8.79000  1.565259914019105e+01
 8.79500  1.565344694497565e+01
 8.80000  1.565429354646777e+01
 8.80500  1.565513894705747e+01
 8.81000  1.565598314912873e+01
 8.81500  1.565682615505944e+01
 8.82000  1.565766796722143e+01
 8.82500  1.565850858798046e+01
 8.83000  1.565934801969631e+01
 8.83500  1.566018626472273e+01
 8.84000  1.566102332540746e+01
 8.84500  1.566185920409232e+01
 8.85000  1.566269390311314e+01
 8.85500  1.566352742479983e+01
 8.86000  1.566435977147638e+01
 8.86500  1.566519094546091e+01
 8.87000  1.566602094906562e+01
 8.87500  1.566684978459690e+01
 8.88000  1.566767745435526e+01
 8.88500  1.566850396063540e+01
 8.89000  1.566932930572622e+01
 8.89500  1.567015349191083e+01
 8.90000  1.567097652146658e+01
 8.90500  1.567179839666504e+01
 8.91000  1.567261911977208e+01
 8.91500  1.567343869304784e+01
 8.92000  1.567425711874675e+01
 8.92500  1.567507439911759e+01
 8.93000  1.567589053640345e+01
 8.93500  1.567670553284179e+01
 8.94000  1.567751939066442e+01
 8.94500  1.567833211209757e+01
 8.95000  1.567914369936184e+01
 8.95500  1.567995415467229e+01
 8.96000  1.568076348023841e+01
 8.96500  1.568157167826413e+01
 8.97000  1.568237875094786e+01
 8.97500  1.568318470048252e+01
 8.98000  1.568398952905552e+01
 8.98500  1.568479323884880e+01
 8.99000  1.568559583203885e+01
 8.99500  1.568639731079670e+01
 9.00000  1.568719767728798e+01
 9.00500  1.568799693367289e+01
 9.01000  1.568879508210625e+01
 9.01500  1.568959212473749e+01
 9.02000  1.569038806371071e+01
 9.02500  1.569118290116464e+01
 9.03000  1.569197663923269e+01
 9.03500  1.569276928004297e+01
 9.04000  1.569356082571829e+01
 9.04500  1.569435127837618e+01
 9.05000  1.569514064012890e+01
 9.05500  1.569592891308348e+01
 9.06000  1.569671609934172e+01
 9.06500  1.569750220100018e+01
 9.07000  1.569828722015026e+01
 9.07500  1.569907115887816e+01
 9.08000  1.569985401926489e+01
 9.08500  1.570063580338635e+01
 9.09000  1.570141651331328e+01
 9.09500  1.570219615111129e+01
 9.10000  1.570297471884092e+01
 9.10500  1.570375221855759e+01
 9.11000  1.570452865231166e+01
 9.11500  1.570530402214841e+01
 9.12000  1.570607833010812e+01
 9.12500  1.570685157822600e+01
 9.13000  1.570762376853227e+01
 9.13500  1.570839490305214e+01
 9.14000  1.570916498380585e+01
 9.14500  1.570993401280865e+01
 9.15000  1.571070199207086e+01
 9.15500  1.571146892359785e+01
 9.16000  1.571223480939008e+01
 9.16500  1.571299965144307e+01
 9.17000  1.571376345174748e+01
 9.17500  1.571452621228908e+01
 9.18000  1.571528793504876e+01
 9.18500  1.571604862200259e+01
 9.19000  1.571680827512178e+01
 9.19500  1.571756689637272e+01
 9.20000  1.571832448771701e+01
 9.20500  1.571908105111144e+01
 9.21000  1.571983658850803e+01
 9.21500  1.572059110185403e+01
 9.22000  1.572134459309196e+01
 9.22500  1.572209706415959e+01
 9.23000  1.572284851698995e+01
 9.23500  1.572359895351141e+01
 9.24000  1.572434837564759e+01
 9.24500  1.572509678531748e+01
 9.25000  1.572584418443537e+01
 9.25500  1.572659057491092e+01
 9.26000  1.572733595864915e+01
 9.26500  1.572808033755044e+01
 9.27000  1.572882371351058e+01
 9.27500  1.572956608842074e+01
 9.28000  1.573030746416753e+01
 9.28500  1.573104784263299e+01
 9.29000  1.573178722569458e+01
 9.29500  1.573252561522524e+01
 9.30000  1.573326301309338e+01
 9.30500  1.573399942116287e+01
 9.31000  1.573473484129312e+01
 9.31500  1.573546927533901e+01
 9.32000  1.573620272515097e+01
 9.32500  1.573693519257495e+01
 9.33000  1.573766667945247e+01
 9.33500  1.573839718762060e+01
 9.34000  1.573912671891199e+01
 9.34500  1.573985527515487e+01
 9.35000  1.574058285817310e+01
 9.35500  1.574130946978612e+01
 9.36000  1.574203511180903e+01
 9.36500  1.574275978605255e+01
 9.37000  1.574348349432307e+01
 9.37500  1.574420623842262e+01
 9.38000  1.574492802014895e+01
 9.38500  1.574564884129548e+01
 9.39000  1.574636870365132e+01
 9.39500  1.574708760900132e+01
 9.40000  1.574780555912605e+01
 9.40500  1.574852255580183e+01
 9.41000  1.574923860080074e+01
 9.41500  1.574995369589059e+01
 9.42000  1.575066784283502e+01
 9.42500  1.575138104339343e+01
 9.43000  1.575209329932103e+01
 9.43500  1.575280461236886e+01
 9.44000  1.575351498428377e+01
 9.44500  1.575422441680846e+01
 9.45000  1.575493291168148e+01
 9.45500  1.575564047063725e+01
 9.46000  1.575634709540606e+01
 9.46500  1.575705278771409e+01
 9.47000  1.575775754928342e+01
 9.47500  1.575846138183206e+01
 9.48000  1.575916428707392e+01
 9.48500  1.575986626671885e+01
 9.49000  1.576056732247266e+01
 9.49500  1.576126745603712e+01
 9.50000  1.576196666910996e+01
 9.50500  1.576266496338490e+01
 9.51000  1.576336234055166e+01
 9.51500  1.576405880229594e+01
 9.52000  1.576475435029950e+01
 9.52500  1.576544898624010e+01
 9.53000  1.576614271179155e+01
 9.53500  1.576683552862370e+01
 9.54000  1.576752743840249e+01
 9.54500  1.576821844278990e+01
 9.55000  1.576890854344404e+01
 9.55500  1.576959774201907e+01
 9.56000  1.577028604016529e+01
 9.56500  1.577097343952912e+01
 9.57000  1.577165994175309e+01
 9.57500  1.577234554847588e+01
 9.58000  1.577303026133235e+01
 9.58500  1.577371408195349e+01
 9.59000  1.577439701196647e+01
 9.59500  1.577507905299467e+01
 9.60000  1.577576020665764e+01
 9.60500  1.577644047457115e+01
 9.61000  1.577711985834718e+01
 9.61500  1.577779835959396e+01
 9.62000  1.577847597991595e+01
 9.62500  1.577915272091385e+01
 9.63000  1.577982858418464e+01
 9.63500  1.578050357132155e+01
 9.64000  1.578117768391412e+01
 9.64500  1.578185092354816e+01
 9.65000  1.578252329180581e+01
 9.65500  1.578319479026549e+01
 9.66000  1.578386542050198e+01
 9.66500  1.578453518408638e+01
 9.67000  1.578520408258613e+01
 9.67500  1.578587211756504e+01
 9.68000  1.578653929058327e+01
 9.68500  1.578720560319738e+01
 9.69000  1.578787105696031e+01
 9.69500  1.578853565342138e+01
 9.70000  1.578919939412633e+01
 9.70500  1.578986228061733e+01
 9.71000  1.579052431443296e+01
 9.71500  1.579118549710826e+01
 9.72000  1.579184583017468e+01
 9.72500  1.579250531516018e+01
 9.73000  1.579316395358914e+01
 9.73500  1.579382174698245e+01
 9.74000  1.579447869685748e+01
 9.74500  1.579513480472809e+01
 9.75000  1.579579007210466e+01
 9.75500  1.579644450049409e+01
 9.76000  1.579709809139979e+01
 9.76500  1.579775084632172e+01
 9.77000  1.579840276675638e+01
 9.77500  1.579905385419685e+01
 9.78000  1.579970411013275e+01
 9.78500  1.580035353605029e+01
 9.79000  1.580100213343226e+01
 9.79500  1.580164990375804e+01
 9.80000  1.580229684850363e+01
 9.80500  1.580294296914164e+01
 9.81000  1.580358826714130e+01
 9.81500  1.580423274396848e+01
 9.82000  1.580487640108567e+01
 9.82500  1.580551923995205e+01
 9.83000  1.580616126202344e+01
 9.83500  1.580680246875233e+01
 9.84000  1.580744286158789e+01
 9.84500  1.580808244197599e+01
 9.85000  1.580872121135919e+01
 9.85500  1.580935917117676e+01
 9.86000  1.580999632286469e+01
 9.86500  1.581063266785569e+01
 9.87000  1.581126820757921e+01
 9.87500  1.581190294346146e+01
 9.88000  1.581253687692537e+01
 9.88500  1.581317000939066e+01
 9.89000  1.581380234227381e+01
 9.89500  1.581443387698808e+01
 9.90000  1.581506461494354e+01
 9.90500  1.581569455754702e+01
 9.91000  1.581632370620218e+01
 9.91500  1.581695206230952e+01
 9.92000  1.581757962726631e+01
 9.92500  1.581820640246671e+01
 9.93000  1.581883238930168e+01
 9.93500  1.581945758915905e+01
 9.94000  1.582008200342352e+01
 9.94500  1.582070563347664e+01
 9.95000  1.582132848069684e+01
 9.95500  1.582195054645945e+01
 9.96000  1.582257183213668e+01
 9.96500  1.582319233909765e+01
 9.97000  1.582381206870839e+01
 9.97500  1.582443102233185e+01
 9.98000  1.582504920132791e+01
 9.98500  1.582566660705339e+01
 9.99000  1.582628324086204e+01
 9.99500  1.582689910410459e+01
10.00000  1.582751419812872e+01
