        0.0000000000    -4.1019373000e-01
        0.0050000000    -4.0873071500e-01
        0.0100000000    -4.0726770000e-01
        0.0150000000    -4.0580468500e-01
        0.0200000000    -4.0434167000e-01
        0.0250000000    -4.0287865500e-01
        0.0300000000    -4.0141564000e-01
        0.0350000000    -3.9995262500e-01
        0.0400000000    -3.9848961000e-01
        0.0450000000    -3.9702659500e-01
        0.0500000000    -3.9556358000e-01
        0.0550000000    -3.9410056500e-01
        0.0600000000    -3.9263755000e-01
        0.0650000000    -3.9117453500e-01
        0.0700000000    -3.8971152000e-01
        0.0750000000    -3.8824850500e-01
        0.0800000000    -3.8678549000e-01
        0.0850000000    -3.8532247500e-01
        0.0900000000    -3.8385946000e-01
        0.0950000000    -3.8239644500e-01
        0.1000000000    -3.8093343000e-01
        0.1050000000    -3.7947041500e-01
        0.1100000000    -3.7800740000e-01
        0.1150000000    -3.7654438500e-01
        0.1200000000    -3.7508137000e-01
        0.1250000000    -3.7361835500e-01
        0.1300000000    -3.7215534000e-01
        0.1350000000    -3.7069232500e-01
        0.1400000000    -3.6922931000e-01
        0.1450000000    -3.6776629500e-01
        0.1500000000    -3.6630328000e-01
        0.1550000000    -3.6484026500e-01
        0.1600000000    -3.6337725000e-01
        0.1650000000    -3.6191423500e-01
        0.1700000000    -3.6045122000e-01
        0.1750000000    -3.5898820500e-01
        0.1800000000    -3.5752519000e-01
        0.1850000000    -3.5606217500e-01
        0.1900000000    -3.5459916000e-01
        0.1950000000    -3.5313614500e-01
        0.2000000000    -3.5167313000e-01
        0.2050000000    -3.5021011500e-01
        0.2100000000    -3.4874710000e-01
        0.2150000000    -3.4728408500e-01
        0.2200000000    -3.4582107000e-01
        0.2250000000    -3.4435805500e-01
        0.2300000000    -3.4289504000e-01
        0.2350000000    -3.4143202500e-01
        0.2400000000    -3.3996901000e-01
        0.2450000000    -3.3850599500e-01
        0.2500000000    -3.3704298000e-01
        0.2550000000    -3.3557996500e-01
        0.2600000000    -3.3411695000e-01
        0.2650000000    -3.3265393500e-01
        0.2700000000    -3.3119092000e-01
        0.2750000000    -3.2972790500e-01
        0.2800000000    -3.2826489000e-01
        0.2850000000    -3.2680187500e-01
        0.2900000000    -3.2533886000e-01
        0.2950000000    -3.2387584500e-01
        0.3000000000    -3.2241283000e-01
        0.3050000000    -3.2094981500e-01
        0.3100000000    -3.1948680000e-01
        0.3150000000    -3.1802378500e-01
        0.3200000000    -3.1656077000e-01
        0.3250000000    -3.1509775500e-01
        0.3300000000    -3.1363474000e-01
        0.3350000000    -3.1217172500e-01
        0.3400000000    -3.1070871000e-01
        0.3450000000    -3.0924569500e-01
        0.3500000000    -3.0778268000e-01
        0.3550000000    -3.0631966500e-01
        0.3600000000    -3.0485665000e-01
        0.3650000000    -3.0339363500e-01
        0.3700000000    -3.0193062000e-01
        0.3750000000    -3.0046760500e-01
        0.3800000000    -2.9900459000e-01
        0.3850000000    -2.9754157500e-01
        0.3900000000    -2.9607856000e-01
        0.3950000000    -2.9461554500e-01
        0.4000000000    -2.9315253000e-01
        0.4050000000    -2.9168951500e-01
        0.4100000000    -2.9022650000e-01
        0.4150000000    -2.8876348500e-01
        0.4200000000    -2.8730047000e-01
        0.4250000000    -2.8583745500e-01
        0.4300000000    -2.8437444000e-01
        0.4350000000    -2.8291142500e-01
        0.4400000000    -2.8144841000e-01
        0.4450000000    -2.7998539500e-01
        0.4500000000    -2.7852238000e-01
        0.4550000000    -2.7705936500e-01
        0.4600000000    -2.7559635000e-01
        0.4650000000    -2.7413333500e-01
        0.4700000000    -2.7267032000e-01
        0.4750000000    -2.7120730500e-01
        0.4800000000    -2.6974429000e-01
        0.4850000000    -2.6828127500e-01
        0.4900000000    -2.6681826000e-01
        0.4950000000    -2.6535524500e-01
        0.5000000000    -2.6389223000e-01
        0.5050000000    -2.6242921500e-01
        0.5100000000    -2.6096620000e-01
        0.5150000000    -2.5950318500e-01
        0.5200000000    -2.5804017000e-01
        0.5250000000    -2.5657715500e-01
        0.5300000000    -2.5511414000e-01
        0.5350000000    -2.5365112500e-01
        0.5400000000    -2.5218811000e-01
        0.5450000000    -2.5072509500e-01
        0.5500000000    -2.4926208000e-01
        0.5550000000    -2.4779906500e-01
        0.5600000000    -2.4633605000e-01
        0.5650000000    -2.4487303500e-01
        0.5700000000    -2.4341002000e-01
        0.5750000000    -2.4194700500e-01
        0.5800000000    -2.4048399000e-01
        0.5850000000    -2.3902097500e-01
        0.5900000000    -2.3755796000e-01
        0.5950000000    -2.3609494500e-01
        0.6000000000    -2.3463193000e-01
        0.6050000000    -2.3316891500e-01
        0.6100000000    -2.3170590000e-01
        0.6150000000    -2.3024288500e-01
        0.6200000000    -2.2877987000e-01
        0.6250000000    -2.2731685500e-01
        0.6300000000    -2.2585384000e-01
        0.6350000000    -2.2439082500e-01
        0.6400000000    -2.2292781000e-01
        0.6450000000    -2.2146479500e-01
        0.6500000000    -2.2000178000e-01
        0.6550000000    -2.1853876500e-01
        0.6600000000    -2.1707575000e-01
        0.6650000000    -2.1561273500e-01
        0.6700000000    -2.1414972000e-01
        0.6750000000    -2.1268670500e-01
        0.6800000000    -2.1122369000e-01
        0.6850000000    -2.0976067500e-01
        0.6900000000    -2.0829766000e-01
        0.6950000000    -2.0683464500e-01
        0.7000000000    -2.0537163000e-01
        0.7050000000    -2.0390861500e-01
        0.7100000000    -2.0244560000e-01
        0.7150000000    -2.0098258500e-01
        0.7200000000    -1.9951957000e-01
        0.7250000000    -1.9805655500e-01
        0.7300000000    -1.9659354000e-01
        0.7350000000    -1.9513052500e-01
        0.7400000000    -1.9366751000e-01
        0.7450000000    -1.9220449500e-01
        0.7500000000    -1.9074148000e-01
        0.7550000000    -1.8927846500e-01
        0.7600000000    -1.8781545000e-01
        0.7650000000    -1.8635243500e-01
        0.7700000000    -1.8488942000e-01
        0.7750000000    -1.8342640500e-01
        0.7800000000    -1.8196339000e-01
        0.7850000000    -1.8050037500e-01
        0.7900000000    -1.7903736000e-01
        0.7950000000    -1.7757434500e-01
        0.8000000000    -1.7611133000e-01
        0.8050000000    -1.7464831500e-01
        0.8100000000    -1.7318530000e-01
        0.8150000000    -1.7172228500e-01
        0.8200000000    -1.7025927000e-01
        0.8250000000    -1.6879625500e-01
        0.8300000000    -1.6733324000e-01
        0.8350000000    -1.6587022500e-01
        0.8400000000    -1.6440721000e-01
        0.8450000000    -1.6294419500e-01
        0.8500000000    -1.6148118000e-01
        0.8550000000    -1.6001816500e-01
        0.8600000000    -1.5855515000e-01
        0.8650000000    -1.5709213500e-01
        0.8700000000    -1.5562912000e-01
        0.8750000000    -1.5416610500e-01
        0.8800000000    -1.5270309000e-01
        0.8850000000    -1.5124007500e-01
        0.8900000000    -1.4977706000e-01
        0.8950000000    -1.4831404500e-01
        0.9000000000    -1.4685103000e-01
        0.9050000000    -1.4538801500e-01
        0.9100000000    -1.4392500000e-01
        0.9150000000    -1.4246198500e-01
        0.9200000000    -1.4099897000e-01
        0.9250000000    -1.3953595500e-01
        0.9300000000    -1.3807294000e-01
        0.9350000000    -1.3660992500e-01
        0.9400000000    -1.3514691000e-01
        0.9450000000    -1.3368389500e-01
        0.9500000000    -1.3222088000e-01
        0.9550000000    -1.3075786500e-01
        0.9600000000    -1.2929485000e-01
        0.9650000000    -1.2783183500e-01
        0.9700000000    -1.2636882000e-01
        0.9750000000    -1.2490580500e-01
        0.9800000000    -1.2344279000e-01
        0.9850000000    -1.2197977500e-01
        0.9900000000    -1.2051676000e-01
        0.9950000000    -1.1905374500e-01
        1.0000000000    -1.1759073000e-01
        1.0050000000    -1.1612771500e-01
        1.0100000000    -1.1466470000e-01
        1.0150000000    -1.1320168500e-01
        1.0200000000    -1.1173867000e-01
        1.0250000000    -1.1027565500e-01
        1.0300000000    -1.0881264000e-01
        1.0350000000    -1.0734962500e-01
        1.0400000000    -1.0588661000e-01
        1.0450000000    -1.0442359500e-01
        1.0500000000    -1.0296058000e-01
        1.0550000000    -1.0149756500e-01
        1.0600000000    -1.0003455000e-01
        1.0650000000    -9.8571535000e-02
        1.0700000000    -9.7108520000e-02
        1.0750000000    -9.5645505000e-02
        1.0800000000    -9.4182490000e-02
        1.0850000000    -9.2719475000e-02
        1.0900000000    -9.1256460000e-02
        1.0950000000    -8.9793445000e-02
        1.1000000000    -8.8330430000e-02
        1.1050000000    -8.6867415000e-02
        1.1100000000    -8.5404400000e-02
        1.1150000000    -8.3941385000e-02
        1.1200000000    -8.2478370000e-02
        1.1250000000    -8.1015355000e-02
        1.1300000000    -7.9552340000e-02
        1.1350000000    -7.8089325000e-02
        1.1400000000    -7.6626310000e-02
        1.1450000000    -7.5163295000e-02
        1.1500000000    -7.3700280000e-02
        1.1550000000    -7.2237265000e-02
        1.1600000000    -7.0774250000e-02
        1.1650000000    -6.9311235000e-02
        1.1700000000    -6.7848220000e-02
        1.1750000000    -6.6385205000e-02
        1.1800000000    -6.4922190000e-02
        1.1850000000    -6.3459175000e-02
        1.1900000000    -6.1996160000e-02
        1.1950000000    -6.0533145000e-02
        1.2000000000    -5.9070130000e-02
        1.2050000000    -5.7607115000e-02
        1.2100000000    -5.6144100000e-02
        1.2150000000    -5.4681085000e-02
        1.2200000000    -5.3218070000e-02
        1.2250000000    -5.1755055000e-02
        1.2300000000    -5.0292040000e-02
        1.2350000000    -4.8829025000e-02
        1.2400000000    -4.7366010000e-02
        1.2450000000    -4.5902995000e-02
        1.2500000000    -4.4439980000e-02
        1.2550000000    -4.2976965000e-02
        1.2600000000    -4.1513950000e-02
        1.2650000000    -4.0050935000e-02
        1.2700000000    -3.8587920000e-02
        1.2750000000    -3.7124905000e-02
        1.2800000000    -3.5661890000e-02
        1.2850000000    -3.4198875000e-02
        1.2900000000    -3.2735860000e-02
        1.2950000000    -3.1272845000e-02
        1.3000000000    -2.9809830000e-02
        1.3050000000    -2.8346815000e-02
        1.3100000000    -2.6883800000e-02
        1.3150000000    -2.5420785000e-02
        1.3200000000    -2.3957770000e-02
        1.3250000000    -2.2494755000e-02
        1.3300000000    -2.1031740000e-02
        1.3350000000    -1.9568725000e-02
        1.3400000000    -1.8105710000e-02
        1.3450000000    -1.6642695000e-02
        1.3500000000    -1.5179680000e-02
        1.3550000000    -1.3716665000e-02
        1.3600000000    -1.2253650000e-02
        1.3650000000    -1.0790635000e-02
        1.3700000000    -9.3276200000e-03
        1.3750000000    -7.8646050000e-03
        1.3800000000    -6.4015900000e-03
        1.3850000000    -4.9385750000e-03
        1.3900000000    -3.4755600000e-03
        1.3950000000    -2.0125450000e-03
        1.4000000000    -5.4953000000e-04
        1.4050000000     9.1348500000e-04
        1.4100000000     2.3765000000e-03
        1.4150000000     3.8395150000e-03
        1.4200000000     5.3025300000e-03
        1.4250000000     6.7655450000e-03
        1.4300000000     8.2285600000e-03
        1.4350000000     9.6915750000e-03
        1.4400000000     1.1154590000e-02
        1.4450000000     1.2617605000e-02
        1.4500000000     1.4080620000e-02
        1.4550000000     1.5543635000e-02
        1.4600000000     1.7006650000e-02
        1.4650000000     1.8469665000e-02
        1.4700000000     1.9932680000e-02
        1.4750000000     2.1395695000e-02
        1.4800000000     2.2858710000e-02
        1.4850000000     2.4321725000e-02
        1.4900000000     2.5784740000e-02
        1.4950000000     2.7247755000e-02
        1.5000000000     2.8710770000e-02
        1.5050000000     3.0173785000e-02
        1.5100000000     3.1636800000e-02
        1.5150000000     3.3099815000e-02
        1.5200000000     3.4562830000e-02
        1.5250000000     3.6025845000e-02
        1.5300000000     3.7488860000e-02
        1.5350000000     3.8951875000e-02
        1.5400000000     4.0414890000e-02
        1.5450000000     4.1877905000e-02
        1.5500000000     4.3340920000e-02
        1.5550000000     4.4803935000e-02
        1.5600000000     4.6266950000e-02
        1.5650000000     4.7729965000e-02
        1.5700000000     4.9192980000e-02
        1.5750000000     5.0655995000e-02
        1.5800000000     5.2119010000e-02
        1.5850000000     5.3582025000e-02
        1.5900000000     5.5045040000e-02
        1.5950000000     5.6508055000e-02
        1.6000000000     5.7971070000e-02
        1.6050000000     5.9434085000e-02
        1.6100000000     6.0897100000e-02
        1.6150000000     6.2360115000e-02
        1.6200000000     6.3823130000e-02
        1.6250000000     6.5286145000e-02
        1.6300000000     6.6749160000e-02
        1.6350000000     6.8212175000e-02
        1.6400000000     6.9675190000e-02
        1.6450000000     7.1138205000e-02
        1.6500000000     7.2601220000e-02
        1.6550000000     7.4064235000e-02
        1.6600000000     7.5527250000e-02
        1.6650000000     7.6990265000e-02
        1.6700000000     7.8453280000e-02
        1.6750000000     7.9916295000e-02
        1.6800000000     8.1379310000e-02
        1.6850000000     8.2842325000e-02
        1.6900000000     8.4305340000e-02
        1.6950000000     8.5768355000e-02
        1.7000000000     8.7231370000e-02
        1.7050000000     8.8694385000e-02
        1.7100000000     9.0157400000e-02
        1.7150000000     9.1620415000e-02
        1.7200000000     9.3083430000e-02
        1.7250000000     9.4546445000e-02
        1.7300000000     9.6009460000e-02
        1.7350000000     9.7472475000e-02
        1.7400000000     9.8935490000e-02
        1.7450000000     1.0039850500e-01
        1.7500000000     1.0186152000e-01
        1.7550000000     1.0332453500e-01
        1.7600000000     1.0478755000e-01
        1.7650000000     1.0625056500e-01
        1.7700000000     1.0771358000e-01
        1.7750000000     1.0917659500e-01
        1.7800000000     1.1063961000e-01
        1.7850000000     1.1210262500e-01
        1.7900000000     1.1356564000e-01
        1.7950000000     1.1502865500e-01
        1.8000000000     1.1649167000e-01
        1.8050000000     1.1795468500e-01
        1.8100000000     1.1941770000e-01
        1.8150000000     1.2088071500e-01
        1.8200000000     1.2234373000e-01
        1.8250000000     1.2380674500e-01
        1.8300000000     1.2526976000e-01
        1.8350000000     1.2673277500e-01
        1.8400000000     1.2819579000e-01
        1.8450000000     1.2965880500e-01
        1.8500000000     1.3112182000e-01
        1.8550000000     1.3258483500e-01
        1.8600000000     1.3404785000e-01
        1.8650000000     1.3551086500e-01
        1.8700000000     1.3697388000e-01
        1.8750000000     1.3843689500e-01
        1.8800000000     1.3989991000e-01
        1.8850000000     1.4136292500e-01
        1.8900000000     1.4282594000e-01
        1.8950000000     1.4428895500e-01
        1.9000000000     1.4575197000e-01
        1.9050000000     1.4721498500e-01
        1.9100000000     1.4867800000e-01
        1.9150000000     1.5014101500e-01
        1.9200000000     1.5160403000e-01
        1.9250000000     1.5306704500e-01
        1.9300000000     1.5453006000e-01
        1.9350000000     1.5599307500e-01
        1.9400000000     1.5745609000e-01
        1.9450000000     1.5891910500e-01
        1.9500000000     1.6038212000e-01
        1.9550000000     1.6184513500e-01
        1.9600000000     1.6330815000e-01
        1.9650000000     1.6477116500e-01
        1.9700000000     1.6623418000e-01
        1.9750000000     1.6769719500e-01
        1.9800000000     1.6916021000e-01
        1.9850000000     1.7062322500e-01
        1.9900000000     1.7208624000e-01
        1.9950000000     1.7354925500e-01
        2.0000000000     1.7501227000e-01
        2.0050000000     1.7647528500e-01
        2.0100000000     1.7793830000e-01
        2.0150000000     1.7940131500e-01
        2.0200000000     1.8086433000e-01
        2.0250000000     1.8232734500e-01
        2.0300000000     1.8379036000e-01
        2.0350000000     1.8525337500e-01
        2.0400000000     1.8671639000e-01
        2.0450000000     1.8817940500e-01
        2.0500000000     1.8964242000e-01
        2.0550000000     1.9110543500e-01
        2.0600000000     1.9256845000e-01
        2.0650000000     1.9403146500e-01
        2.0700000000     1.9549448000e-01
        2.0750000000     1.9695749500e-01
        2.0800000000     1.9842051000e-01
        2.0850000000     1.9988352500e-01
        2.0900000000     2.0134654000e-01
        2.0950000000     2.0280955500e-01
        2.1000000000     2.0427257000e-01
        2.1050000000     2.0573558500e-01
        2.1100000000     2.0719860000e-01
        2.1150000000     2.0866161500e-01
        2.1200000000     2.1012463000e-01
        2.1250000000     2.1158764500e-01
        2.1300000000     2.1305066000e-01
        2.1350000000     2.1451367500e-01
        2.1400000000     2.1597669000e-01
        2.1450000000     2.1743970500e-01
        2.1500000000     2.1890272000e-01
        2.1550000000     2.2036573500e-01
        2.1600000000     2.2182875000e-01
        2.1650000000     2.2329176500e-01
        2.1700000000     2.2475478000e-01
        2.1750000000     2.2621779500e-01
        2.1800000000     2.2768081000e-01
        2.1850000000     2.2914382500e-01
        2.1900000000     2.3060684000e-01
        2.1950000000     2.3206985500e-01
        2.2000000000     2.3353287000e-01
        2.2050000000     2.3499588500e-01
        2.2100000000     2.3645890000e-01
        2.2150000000     2.3792191500e-01
        2.2200000000     2.3938493000e-01
        2.2250000000     2.4084794500e-01
        2.2300000000     2.4231096000e-01
        2.2350000000     2.4377397500e-01
        2.2400000000     2.4523699000e-01
        2.2450000000     2.4670000500e-01
        2.2500000000     2.4816302000e-01
        2.2550000000     2.4962603500e-01
        2.2600000000     2.5108905000e-01
        2.2650000000     2.5255206500e-01
        2.2700000000     2.5401508000e-01
        2.2750000000     2.5547809500e-01
        2.2800000000     2.5694111000e-01
        2.2850000000     2.5840412500e-01
        2.2900000000     2.5986714000e-01
        2.2950000000     2.6133015500e-01
        2.3000000000     2.6279317000e-01
        2.3050000000     2.6425618500e-01
        2.3100000000     2.6571920000e-01
        2.3150000000     2.6718221500e-01
        2.3200000000     2.6864523000e-01
        2.3250000000     2.7010824500e-01
        2.3300000000     2.7157126000e-01
        2.3350000000     2.7303427500e-01
        2.3400000000     2.7449729000e-01
        2.3450000000     2.7596030500e-01
        2.3500000000     2.7742332000e-01
        2.3550000000     2.7888633500e-01
        2.3600000000     2.8034935000e-01
        2.3650000000     2.8181236500e-01
        2.3700000000     2.8327538000e-01
        2.3750000000     2.8473839500e-01
        2.3800000000     2.8620141000e-01
        2.3850000000     2.8766442500e-01
        2.3900000000     2.8912744000e-01
        2.3950000000     2.9059045500e-01
        2.4000000000     2.9205347000e-01
        2.4050000000     2.9351648500e-01
        2.4100000000     2.9497950000e-01
        2.4150000000     2.9644251500e-01
        2.4200000000     2.9790553000e-01
        2.4250000000     2.9936854500e-01
        2.4300000000     3.0083156000e-01
        2.4350000000     3.0229457500e-01
        2.4400000000     3.0375759000e-01
        2.4450000000     3.0522060500e-01
        2.4500000000     3.0668362000e-01
        2.4550000000     3.0814663500e-01
        2.4600000000     3.0960965000e-01
        2.4650000000     3.1107266500e-01
        2.4700000000     3.1253568000e-01
        2.4750000000     3.1399869500e-01
        2.4800000000     3.1546171000e-01
        2.4850000000     3.1692472500e-01
        2.4900000000     3.1838774000e-01
        2.4950000000     3.1985075500e-01
        2.5000000000     3.2131377000e-01
        2.5050000000     3.2277678500e-01
        2.5100000000     3.2423980000e-01
        2.5150000000     3.2570281500e-01
        2.5200000000     3.2716583000e-01
        2.5250000000     3.2862884500e-01
        2.5300000000     3.3009186000e-01
        2.5350000000     3.3155487500e-01
        2.5400000000     3.3301789000e-01
        2.5450000000     3.3448090500e-01
        2.5500000000     3.3594392000e-01
        2.5550000000     3.3740693500e-01
        2.5600000000     3.3886995000e-01
        2.5650000000     3.4033296500e-01
        2.5700000000     3.4179598000e-01
        2.5750000000     3.4325899500e-01
        2.5800000000     3.4472201000e-01
        2.5850000000     3.4618502500e-01
        2.5900000000     3.4764804000e-01
        2.5950000000     3.4911105500e-01
        2.6000000000     3.5057407000e-01
        2.6050000000     3.5203708500e-01
        2.6100000000     3.5350010000e-01
        2.6150000000     3.5496311500e-01
        2.6200000000     3.5642613000e-01
        2.6250000000     3.5788914500e-01
        2.6300000000     3.5935216000e-01
        2.6350000000     3.6081517500e-01
        2.6400000000     3.6227819000e-01
        2.6450000000     3.6374120500e-01
        2.6500000000     3.6520422000e-01
        2.6550000000     3.6666723500e-01
        2.6600000000     3.6813025000e-01
        2.6650000000     3.6959326500e-01
        2.6700000000     3.7105628000e-01
        2.6750000000     3.7251929500e-01
        2.6800000000     3.7398231000e-01
        2.6850000000     3.7544532500e-01
        2.6900000000     3.7690834000e-01
        2.6950000000     3.7837135500e-01
        2.7000000000     3.7983437000e-01
        2.7050000000     3.8129738500e-01
        2.7100000000     3.8276040000e-01
        2.7150000000     3.8422341500e-01
        2.7200000000     3.8568643000e-01
        2.7250000000     3.8714944500e-01
        2.7300000000     3.8861246000e-01
        2.7350000000     3.9007547500e-01
        2.7400000000     3.9153849000e-01
        2.7450000000     3.9300150500e-01
        2.7500000000     3.9446452000e-01
        2.7550000000     3.9592753500e-01
        2.7600000000     3.9739055000e-01
        2.7650000000     3.9885356500e-01
        2.7700000000     4.0031658000e-01
        2.7750000000     4.0177959500e-01
        2.7800000000     4.0324261000e-01
        2.7850000000     4.0470562500e-01
        2.7900000000     4.0616864000e-01
        2.7950000000     4.0763165500e-01
        2.8000000000     4.0909467000e-01
        2.8050000000     4.1055768500e-01
        2.8100000000     4.1202070000e-01
        2.8150000000     4.1348371500e-01
        2.8200000000     4.1494673000e-01
        2.8250000000     4.1640974500e-01
        2.8300000000     4.1787276000e-01
        2.8350000000     4.1933577500e-01
        2.8400000000     4.2079879000e-01
        2.8450000000     4.2226180500e-01
        2.8500000000     4.2372482000e-01
        2.8550000000     4.2518783500e-01
        2.8600000000     4.2665085000e-01
        2.8650000000     4.2811386500e-01
        2.8700000000     4.2957688000e-01
        2.8750000000     4.3103989500e-01
        2.8800000000     4.3250291000e-01
        2.8850000000     4.3396592500e-01
        2.8900000000     4.3542894000e-01
        2.8950000000     4.3689195500e-01
        2.9000000000     4.3835497000e-01
        2.9050000000     4.3981798500e-01
        2.9100000000     4.4128100000e-01
        2.9150000000     4.4274401500e-01
        2.9200000000     4.4420703000e-01
        2.9250000000     4.4567004500e-01
        2.9300000000     4.4713306000e-01
        2.9350000000     4.4859607500e-01
        2.9400000000     4.5005909000e-01
        2.9450000000     4.5152210500e-01
        2.9500000000     4.5298512000e-01
        2.9550000000     4.5444813500e-01
        2.9600000000     4.5591115000e-01
        2.9650000000     4.5737416500e-01
        2.9700000000     4.5883718000e-01
        2.9750000000     4.6030019500e-01
        2.9800000000     4.6176321000e-01
        2.9850000000     4.6322622500e-01
        2.9900000000     4.6468924000e-01
        2.9950000000     4.6615225500e-01
        3.0000000000     4.6761527000e-01
        3.0050000000     4.6907828500e-01
        3.0100000000     4.7054130000e-01
        3.0150000000     4.7200431500e-01
        3.0200000000     4.7346733000e-01
        3.0250000000     4.7493034500e-01
        3.0300000000     4.7639336000e-01
        3.0350000000     4.7785637500e-01
        3.0400000000     4.7931939000e-01
        3.0450000000     4.8078240500e-01
        3.0500000000     4.8224542000e-01
        3.0550000000     4.8370843500e-01
        3.0600000000     4.8517145000e-01
        3.0650000000     4.8663446500e-01
        3.0700000000     4.8809748000e-01
        3.0750000000     4.8956049500e-01
        3.0800000000     4.9102351000e-01
        3.0850000000     4.9248652500e-01
        3.0900000000     4.9394954000e-01
        3.0950000000     4.9541255500e-01
        3.1000000000     4.9687557000e-01
        3.1050000000     4.9833858500e-01
        3.1100000000     4.9980160000e-01
        3.1150000000     5.0126461500e-01
        3.1200000000     5.0272763000e-01
        3.1250000000     5.0419064500e-01
        3.1300000000     5.0565366000e-01
        3.1350000000     5.0711667500e-01
        3.1400000000     5.0857969000e-01
        3.1450000000     5.1004270500e-01
        3.1500000000     5.1150572000e-01
        3.1550000000     5.1296873500e-01
        3.1600000000     5.1443175000e-01
        3.1650000000     5.1589476500e-01
        3.1700000000     5.1735778000e-01
        3.1750000000     5.1882079500e-01
        3.1800000000     5.2028381000e-01
        3.1850000000     5.2174682500e-01
        3.1900000000     5.2320984000e-01
        3.1950000000     5.2467285500e-01
        3.2000000000     5.2613587000e-01
        3.2050000000     5.2759888500e-01
        3.2100000000     5.2906190000e-01
        3.2150000000     5.3052491500e-01
        3.2200000000     5.3198793000e-01
        3.2250000000     5.3345094500e-01
        3.2300000000     5.3491396000e-01
        3.2350000000     5.3637697500e-01
        3.2400000000     5.3783999000e-01
        3.2450000000     5.3930300500e-01
        3.2500000000     5.4076602000e-01
        3.2550000000     5.4222903500e-01
        3.2600000000     5.4369205000e-01
        3.2650000000     5.4515506500e-01
        3.2700000000     5.4661808000e-01
        3.2750000000     5.4808109500e-01
        3.2800000000     5.4954411000e-01
        3.2850000000     5.5100712500e-01
        3.2900000000     5.5247014000e-01
        3.2950000000     5.5393315500e-01
        3.3000000000     5.5539617000e-01
        3.3050000000     5.5685918500e-01
        3.3100000000     5.5832220000e-01
        3.3150000000     5.5978521500e-01
        3.3200000000     5.6124823000e-01
        3.3250000000     5.6271124500e-01
        3.3300000000     5.6417426000e-01
        3.3350000000     5.6563727500e-01
        3.3400000000     5.6710029000e-01
        3.3450000000     5.6856330500e-01
        3.3500000000     5.7002632000e-01
        3.3550000000     5.7148933500e-01
        3.3600000000     5.7295235000e-01
        3.3650000000     5.7441536500e-01
        3.3700000000     5.7587838000e-01
        3.3750000000     5.7734139500e-01
        3.3800000000     5.7880441000e-01
        3.3850000000     5.8026742500e-01
        3.3900000000     5.8173044000e-01
        3.3950000000     5.8319345500e-01
        3.4000000000     5.8465647000e-01
        3.4050000000     5.8611948500e-01
        3.4100000000     5.8758250000e-01
        3.4150000000     5.8904551500e-01
        3.4200000000     5.9050853000e-01
        3.4250000000     5.9197154500e-01
        3.4300000000     5.9343456000e-01
        3.4350000000     5.9489757500e-01
        3.4400000000     5.9636059000e-01
        3.4450000000     5.9782360500e-01
        3.4500000000     5.9928662000e-01
        3.4550000000     6.0074963500e-01
        3.4600000000     6.0221265000e-01
        3.4650000000     6.0367566500e-01
        3.4700000000     6.0513868000e-01
        3.4750000000     6.0660169500e-01
        3.4800000000     6.0806471000e-01
        3.4850000000     6.0952772500e-01
        3.4900000000     6.1099074000e-01
        3.4950000000     6.1245375500e-01
        3.5000000000     6.1391677000e-01
        3.5050000000     6.1537978500e-01
        3.5100000000     6.1684280000e-01
        3.5150000000     6.1830581500e-01
        3.5200000000     6.1976883000e-01
        3.5250000000     6.2123184500e-01
        3.5300000000     6.2269486000e-01
        3.5350000000     6.2415787500e-01
        3.5400000000     6.2562089000e-01
        3.5450000000     6.2708390500e-01
        3.5500000000     6.2854692000e-01
        3.5550000000     6.3000993500e-01
        3.5600000000     6.3147295000e-01
        3.5650000000     6.3293596500e-01
        3.5700000000     6.3439898000e-01
        3.5750000000     6.3586199500e-01
        3.5800000000     6.3732501000e-01
        3.5850000000     6.3878802500e-01
        3.5900000000     6.4025104000e-01
        3.5950000000     6.4171405500e-01
        3.6000000000     6.4317707000e-01
        3.6050000000     6.4464008500e-01
        3.6100000000     6.4610310000e-01
        3.6150000000     6.4756611500e-01
        3.6200000000     6.4902913000e-01
        3.6250000000     6.5049214500e-01
        3.6300000000     6.5195516000e-01
        3.6350000000     6.5341817500e-01
        3.6400000000     6.5488119000e-01
        3.6450000000     6.5634420500e-01
        3.6500000000     6.5780722000e-01
        3.6550000000     6.5927023500e-01
        3.6600000000     6.6073325000e-01
        3.6650000000     6.6219626500e-01
        3.6700000000     6.6365928000e-01
        3.6750000000     6.6512229500e-01
        3.6800000000     6.6658531000e-01
        3.6850000000     6.6804832500e-01
        3.6900000000     6.6951134000e-01
        3.6950000000     6.7097435500e-01
        3.7000000000     6.7243737000e-01
        3.7050000000     6.7390038500e-01
        3.7100000000     6.7536340000e-01
        3.7150000000     6.7682641500e-01
        3.7200000000     6.7828943000e-01
        3.7250000000     6.7975244500e-01
        3.7300000000     6.8121546000e-01
        3.7350000000     6.8267847500e-01
        3.7400000000     6.8414149000e-01
        3.7450000000     6.8560450500e-01
        3.7500000000     6.8706752000e-01
        3.7550000000     6.8853053500e-01
        3.7600000000     6.8999355000e-01
        3.7650000000     6.9145656500e-01
        3.7700000000     6.9291958000e-01
        3.7750000000     6.9438259500e-01
        3.7800000000     6.9584561000e-01
        3.7850000000     6.9730862500e-01
        3.7900000000     6.9877164000e-01
        3.7950000000     7.0023465500e-01
        3.8000000000     7.0169767000e-01
        3.8050000000     7.0316068500e-01
        3.8100000000     7.0462370000e-01
        3.8150000000     7.0608671500e-01
        3.8200000000     7.0754973000e-01
        3.8250000000     7.0901274500e-01
        3.8300000000     7.1047576000e-01
        3.8350000000     7.1193877500e-01
        3.8400000000     7.1340179000e-01
        3.8450000000     7.1486480500e-01
        3.8500000000     7.1632782000e-01
        3.8550000000     7.1779083500e-01
        3.8600000000     7.1925385000e-01
        3.8650000000     7.2071686500e-01
        3.8700000000     7.2217988000e-01
        3.8750000000     7.2364289500e-01
        3.8800000000     7.2510591000e-01
        3.8850000000     7.2656892500e-01
        3.8900000000     7.2803194000e-01
        3.8950000000     7.2949495500e-01
        3.9000000000     7.3095797000e-01
        3.9050000000     7.3242098500e-01
        3.9100000000     7.3388400000e-01
        3.9150000000     7.3534701500e-01
        3.9200000000     7.3681003000e-01
        3.9250000000     7.3827304500e-01
        3.9300000000     7.3973606000e-01
        3.9350000000     7.4119907500e-01
        3.9400000000     7.4266209000e-01
        3.9450000000     7.4412510500e-01
        3.9500000000     7.4558812000e-01
        3.9550000000     7.4705113500e-01
        3.9600000000     7.4851415000e-01
        3.9650000000     7.4997716500e-01
        3.9700000000     7.5144018000e-01
        3.9750000000     7.5290319500e-01
        3.9800000000     7.5436621000e-01
        3.9850000000     7.5582922500e-01
        3.9900000000     7.5729224000e-01
        3.9950000000     7.5875525500e-01
        4.0000000000     7.6021827000e-01
        4.0050000000     7.6168128500e-01
        4.0100000000     7.6314430000e-01
        4.0150000000     7.6460731500e-01
        4.0200000000     7.6607033000e-01
        4.0250000000     7.6753334500e-01
        4.0300000000     7.6899636000e-01
        4.0350000000     7.7045937500e-01
        4.0400000000     7.7192239000e-01
        4.0450000000     7.7338540500e-01
        4.0500000000     7.7484842000e-01
        4.0550000000     7.7631143500e-01
        4.0600000000     7.7777445000e-01
        4.0650000000     7.7923746500e-01
        4.0700000000     7.8070048000e-01
        4.0750000000     7.8216349500e-01
        4.0800000000     7.8362651000e-01
        4.0850000000     7.8508952500e-01
        4.0900000000     7.8655254000e-01
        4.0950000000     7.8801555500e-01
        4.1000000000     7.8947857000e-01
        4.1050000000     7.9094158500e-01
        4.1100000000     7.9240460000e-01
        4.1150000000     7.9386761500e-01
        4.1200000000     7.9533063000e-01
        4.1250000000     7.9679364500e-01
        4.1300000000     7.9825666000e-01
        4.1350000000     7.9971967500e-01
        4.1400000000     8.0118269000e-01
        4.1450000000     8.0264570500e-01
        4.1500000000     8.0410872000e-01
        4.1550000000     8.0557173500e-01
        4.1600000000     8.0703475000e-01
        4.1650000000     8.0849776500e-01
        4.1700000000     8.0996078000e-01
        4.1750000000     8.1142379500e-01
        4.1800000000     8.1288681000e-01
        4.1850000000     8.1434982500e-01
        4.1900000000     8.1581284000e-01
        4.1950000000     8.1727585500e-01
        4.2000000000     8.1873887000e-01
        4.2050000000     8.2020188500e-01
        4.2100000000     8.2166490000e-01
        4.2150000000     8.2312791500e-01
        4.2200000000     8.2459093000e-01
        4.2250000000     8.2605394500e-01
        4.2300000000     8.2751696000e-01
        4.2350000000     8.2897997500e-01
        4.2400000000     8.3044299000e-01
        4.2450000000     8.3190600500e-01
        4.2500000000     8.3336902000e-01
        4.2550000000     8.3483203500e-01
        4.2600000000     8.3629505000e-01
        4.2650000000     8.3775806500e-01
        4.2700000000     8.3922108000e-01
        4.2750000000     8.4068409500e-01
        4.2800000000     8.4214711000e-01
        4.2850000000     8.4361012500e-01
        4.2900000000     8.4507314000e-01
        4.2950000000     8.4653615500e-01
        4.3000000000     8.4799917000e-01
        4.3050000000     8.4946218500e-01
        4.3100000000     8.5092520000e-01
        4.3150000000     8.5238821500e-01
        4.3200000000     8.5385123000e-01
        4.3250000000     8.5531424500e-01
        4.3300000000     8.5677726000e-01
        4.3350000000     8.5824027500e-01
        4.3400000000     8.5970329000e-01
        4.3450000000     8.6116630500e-01
        4.3500000000     8.6262932000e-01
        4.3550000000     8.6409233500e-01
        4.3600000000     8.6555535000e-01
        4.3650000000     8.6701836500e-01
        4.3700000000     8.6848138000e-01
        4.3750000000     8.6994439500e-01
        4.3800000000     8.7140741000e-01
        4.3850000000     8.7287042500e-01
        4.3900000000     8.7433344000e-01
        4.3950000000     8.7579645500e-01
        4.4000000000     8.7725947000e-01
        4.4050000000     8.7872248500e-01
        4.4100000000     8.8018550000e-01
        4.4150000000     8.8164851500e-01
        4.4200000000     8.8311153000e-01
        4.4250000000     8.8457454500e-01
        4.4300000000     8.8603756000e-01
        4.4350000000     8.8750057500e-01
        4.4400000000     8.8896359000e-01
        4.4450000000     8.9042660500e-01
        4.4500000000     8.9188962000e-01
        4.4550000000     8.9335263500e-01
        4.4600000000     8.9481565000e-01
        4.4650000000     8.9627866500e-01
        4.4700000000     8.9774168000e-01
        4.4750000000     8.9920469500e-01
        4.4800000000     9.0066771000e-01
        4.4850000000     9.0213072500e-01
        4.4900000000     9.0359374000e-01
        4.4950000000     9.0505675500e-01
        4.5000000000     9.0651977000e-01
        4.5050000000     9.0798278500e-01
        4.5100000000     9.0944580000e-01
        4.5150000000     9.1090881500e-01
        4.5200000000     9.1237183000e-01
        4.5250000000     9.1383484500e-01
        4.5300000000     9.1529786000e-01
        4.5350000000     9.1676087500e-01
        4.5400000000     9.1822389000e-01
        4.5450000000     9.1968690500e-01
        4.5500000000     9.2114992000e-01
        4.5550000000     9.2261293500e-01
        4.5600000000     9.2407595000e-01
        4.5650000000     9.2553896500e-01
        4.5700000000     9.2700198000e-01
        4.5750000000     9.2846499500e-01
        4.5800000000     9.2992801000e-01
        4.5850000000     9.3139102500e-01
        4.5900000000     9.3285404000e-01
        4.5950000000     9.3431705500e-01
        4.6000000000     9.3578007000e-01
        4.6050000000     9.3724308500e-01
        4.6100000000     9.3870610000e-01
        4.6150000000     9.4016911500e-01
        4.6200000000     9.4163213000e-01
        4.6250000000     9.4309514500e-01
        4.6300000000     9.4455816000e-01
        4.6350000000     9.4602117500e-01
        4.6400000000     9.4748419000e-01
        4.6450000000     9.4894720500e-01
        4.6500000000     9.5041022000e-01
        4.6550000000     9.5187323500e-01
        4.6600000000     9.5333625000e-01
        4.6650000000     9.5479926500e-01
        4.6700000000     9.5626228000e-01
        4.6750000000     9.5772529500e-01
        4.6800000000     9.5918831000e-01
        4.6850000000     9.6065132500e-01
        4.6900000000     9.6211434000e-01
        4.6950000000     9.6357735500e-01
        4.7000000000     9.6504037000e-01
        4.7050000000     9.6650338500e-01
        4.7100000000     9.6796640000e-01
        4.7150000000     9.6942941500e-01
        4.7200000000     9.7089243000e-01
        4.7250000000     9.7235544500e-01
        4.7300000000     9.7381846000e-01
        4.7350000000     9.7528147500e-01
        4.7400000000     9.7674449000e-01
        4.7450000000     9.7820750500e-01
        4.7500000000     9.7967052000e-01
        4.7550000000     9.8113353500e-01
        4.7600000000     9.8259655000e-01
        4.7650000000     9.8405956500e-01
        4.7700000000     9.8552258000e-01
        4.7750000000     9.8698559500e-01
        4.7800000000     9.8844861000e-01
        4.7850000000     9.8991162500e-01
        4.7900000000     9.9137464000e-01
        4.7950000000     9.9283765500e-01
        4.8000000000     9.9430067000e-01
        4.8050000000     9.9576368500e-01
        4.8100000000     9.9722670000e-01
        4.8150000000     9.9868971500e-01
        4.8200000000     1.0001527300e+00
        4.8250000000     1.0016157450e+00
        4.8300000000     1.0030787600e+00
        4.8350000000     1.0045417750e+00
        4.8400000000     1.0060047900e+00
        4.8450000000     1.0074678050e+00
        4.8500000000     1.0089308200e+00
        4.8550000000     1.0103938350e+00
        4.8600000000     1.0118568500e+00
        4.8650000000     1.0133198650e+00
        4.8700000000     1.0147828800e+00
        4.8750000000     1.0162458950e+00
        4.8800000000     1.0177089100e+00
        4.8850000000     1.0191719250e+00
        4.8900000000     1.0206349400e+00
        4.8950000000     1.0220979550e+00
        4.9000000000     1.0235609700e+00
        4.9050000000     1.0250239850e+00
        4.9100000000     1.0264870000e+00
        4.9150000000     1.0279500150e+00
        4.9200000000     1.0294130300e+00
        4.9250000000     1.0308760450e+00
        4.9300000000     1.0323390600e+00
        4.9350000000     1.0338020750e+00
        4.9400000000     1.0352650900e+00
        4.9450000000     1.0367281050e+00
        4.9500000000     1.0381911200e+00
        4.9550000000     1.0396541350e+00
        4.9600000000     1.0411171500e+00
        4.9650000000     1.0425801650e+00
        4.9700000000     1.0440431800e+00
        4.9750000000     1.0455061950e+00
        4.9800000000     1.0469692100e+00
        4.9850000000     1.0484322250e+00
        4.9900000000     1.0498952400e+00
        4.9950000000     1.0513582550e+00
        5.0000000000     1.0528212700e+00
        5.0050000000     1.0542842850e+00
        5.0100000000     1.0557473000e+00
        5.0150000000     1.0572103150e+00
        5.0200000000     1.0586733300e+00
        5.0250000000     1.0601363450e+00
        5.0300000000     1.0615993600e+00
        5.0350000000     1.0630623750e+00
        5.0400000000     1.0645253900e+00
        5.0450000000     1.0659884050e+00
        5.0500000000     1.0674514200e+00
        5.0550000000     1.0689144350e+00
        5.0600000000     1.0703774500e+00
        5.0650000000     1.0718404650e+00
        5.0700000000     1.0733034800e+00
        5.0750000000     1.0747664950e+00
        5.0800000000     1.0762295100e+00
        5.0850000000     1.0776925250e+00
        5.0900000000     1.0791555400e+00
        5.0950000000     1.0806185550e+00
        5.1000000000     1.0820815700e+00
        5.1050000000     1.0835445850e+00
        5.1100000000     1.0850076000e+00
        5.1150000000     1.0864706150e+00
        5.1200000000     1.0879336300e+00
        5.1250000000     1.0893966450e+00
        5.1300000000     1.0908596600e+00
        5.1350000000     1.0923226750e+00
        5.1400000000     1.0937856900e+00
        5.1450000000     1.0952487050e+00
        5.1500000000     1.0967117200e+00
        5.1550000000     1.0981747350e+00
        5.1600000000     1.0996377500e+00
        5.1650000000     1.1011007650e+00
        5.1700000000     1.1025637800e+00
        5.1750000000     1.1040267950e+00
        5.1800000000     1.1054898100e+00
        5.1850000000     1.1069528250e+00
        5.1900000000     1.1084158400e+00
        5.1950000000     1.1098788550e+00
        5.2000000000     1.1113418700e+00
        5.2050000000     1.1128048850e+00
        5.2100000000     1.1142679000e+00
        5.2150000000     1.1157309150e+00
        5.2200000000     1.1171939300e+00
        5.2250000000     1.1186569450e+00
        5.2300000000     1.1201199600e+00
        5.2350000000     1.1215829750e+00
        5.2400000000     1.1230459900e+00
        5.2450000000     1.1245090050e+00
        5.2500000000     1.1259720200e+00
        5.2550000000     1.1274350350e+00
        5.2600000000     1.1288980500e+00
        5.2650000000     1.1303610650e+00
        5.2700000000     1.1318240800e+00
        5.2750000000     1.1332870950e+00
        5.2800000000     1.1347501100e+00
        5.2850000000     1.1362131250e+00
        5.2900000000     1.1376761400e+00
        5.2950000000     1.1391391550e+00
        5.3000000000     1.1406021700e+00
        5.3050000000     1.1420651850e+00
        5.3100000000     1.1435282000e+00
        5.3150000000     1.1449912150e+00
        5.3200000000     1.1464542300e+00
        5.3250000000     1.1479172450e+00
        5.3300000000     1.1493802600e+00
        5.3350000000     1.1508432750e+00
        5.3400000000     1.1523062900e+00
        5.3450000000     1.1537693050e+00
        5.3500000000     1.1552323200e+00
        5.3550000000     1.1566953350e+00
        5.3600000000     1.1581583500e+00
        5.3650000000     1.1596213650e+00
        5.3700000000     1.1610843800e+00
        5.3750000000     1.1625473950e+00
        5.3800000000     1.1640104100e+00
        5.3850000000     1.1654734250e+00
        5.3900000000     1.1669364400e+00
        5.3950000000     1.1683994550e+00
        5.4000000000     1.1698624700e+00
        5.4050000000     1.1713254850e+00
        5.4100000000     1.1727885000e+00
        5.4150000000     1.1742515150e+00
        5.4200000000     1.1757145300e+00
        5.4250000000     1.1771775450e+00
        5.4300000000     1.1786405600e+00
        5.4350000000     1.1801035750e+00
        5.4400000000     1.1815665900e+00
        5.4450000000     1.1830296050e+00
        5.4500000000     1.1844926200e+00
        5.4550000000     1.1859556350e+00
        5.4600000000     1.1874186500e+00
        5.4650000000     1.1888816650e+00
        5.4700000000     1.1903446800e+00
        5.4750000000     1.1918076950e+00
        5.4800000000     1.1932707100e+00
        5.4850000000     1.1947337250e+00
        5.4900000000     1.1961967400e+00
        5.4950000000     1.1976597550e+00
        5.5000000000     1.1991227700e+00
        5.5050000000     1.2005857850e+00
        5.5100000000     1.2020488000e+00
        5.5150000000     1.2035118150e+00
        5.5200000000     1.2049748300e+00
        5.5250000000     1.2064378450e+00
        5.5300000000     1.2079008600e+00
        5.5350000000     1.2093638750e+00
        5.5400000000     1.2108268900e+00
        5.5450000000     1.2122899050e+00
        5.5500000000     1.2137529200e+00
        5.5550000000     1.2152159350e+00
        5.5600000000     1.2166789500e+00
        5.5650000000     1.2181419650e+00
        5.5700000000     1.2196049800e+00
        5.5750000000     1.2210679950e+00
        5.5800000000     1.2225310100e+00
        5.5850000000     1.2239940250e+00
        5.5900000000     1.2254570400e+00
        5.5950000000     1.2269200550e+00
        5.6000000000     1.2283830700e+00
        5.6050000000     1.2298460850e+00
        5.6100000000     1.2313091000e+00
        5.6150000000     1.2327721150e+00
        5.6200000000     1.2342351300e+00
        5.6250000000     1.2356981450e+00
        5.6300000000     1.2371611600e+00
        5.6350000000     1.2386241750e+00
        5.6400000000     1.2400871900e+00
        5.6450000000     1.2415502050e+00
        5.6500000000     1.2430132200e+00
        5.6550000000     1.2444762350e+00
        5.6600000000     1.2459392500e+00
        5.6650000000     1.2474022650e+00
        5.6700000000     1.2488652800e+00
        5.6750000000     1.2503282950e+00
        5.6800000000     1.2517913100e+00
        5.6850000000     1.2532543250e+00
        5.6900000000     1.2547173400e+00
        5.6950000000     1.2561803550e+00
        5.7000000000     1.2576433700e+00
        5.7050000000     1.2591063850e+00
        5.7100000000     1.2605694000e+00
        5.7150000000     1.2620324150e+00
        5.7200000000     1.2634954300e+00
        5.7250000000     1.2649584450e+00
        5.7300000000     1.2664214600e+00
        5.7350000000     1.2678844750e+00
        5.7400000000     1.2693474900e+00
        5.7450000000     1.2708105050e+00
        5.7500000000     1.2722735200e+00
        5.7550000000     1.2737365350e+00
        5.7600000000     1.2751995500e+00
        5.7650000000     1.2766625650e+00
        5.7700000000     1.2781255800e+00
        5.7750000000     1.2795885950e+00
        5.7800000000     1.2810516100e+00
        5.7850000000     1.2825146250e+00
        5.7900000000     1.2839776400e+00
        5.7950000000     1.2854406550e+00
        5.8000000000     1.2869036700e+00
        5.8050000000     1.2883666850e+00
        5.8100000000     1.2898297000e+00
        5.8150000000     1.2912927150e+00
        5.8200000000     1.2927557300e+00
        5.8250000000     1.2942187450e+00
        5.8300000000     1.2956817600e+00
        5.8350000000     1.2971447750e+00
        5.8400000000     1.2986077900e+00
        5.8450000000     1.3000708050e+00
        5.8500000000     1.3015338200e+00
        5.8550000000     1.3029968350e+00
        5.8600000000     1.3044598500e+00
        5.8650000000     1.3059228650e+00
        5.8700000000     1.3073858800e+00
        5.8750000000     1.3088488950e+00
        5.8800000000     1.3103119100e+00
        5.8850000000     1.3117749250e+00
        5.8900000000     1.3132379400e+00
        5.8950000000     1.3147009550e+00
        5.9000000000     1.3161639700e+00
        5.9050000000     1.3176269850e+00
        5.9100000000     1.3190900000e+00
        5.9150000000     1.3205530150e+00
        5.9200000000     1.3220160300e+00
        5.9250000000     1.3234790450e+00
        5.9300000000     1.3249420600e+00
        5.9350000000     1.3264050750e+00
        5.9400000000     1.3278680900e+00
        5.9450000000     1.3293311050e+00
        5.9500000000     1.3307941200e+00
        5.9550000000     1.3322571350e+00
        5.9600000000     1.3337201500e+00
        5.9650000000     1.3351831650e+00
        5.9700000000     1.3366461800e+00
        5.9750000000     1.3381091950e+00
        5.9800000000     1.3395722100e+00
        5.9850000000     1.3410352250e+00
        5.9900000000     1.3424982400e+00
        5.9950000000     1.3439612550e+00
        6.0000000000     1.3454242700e+00
        6.0050000000     1.3468872850e+00
        6.0100000000     1.3483503000e+00
        6.0150000000     1.3498133150e+00
        6.0200000000     1.3512763300e+00
        6.0250000000     1.3527393450e+00
        6.0300000000     1.3542023600e+00
        6.0350000000     1.3556653750e+00
        6.0400000000     1.3571283900e+00
        6.0450000000     1.3585914050e+00
        6.0500000000     1.3600544200e+00
        6.0550000000     1.3615174350e+00
        6.0600000000     1.3629804500e+00
        6.0650000000     1.3644434650e+00
        6.0700000000     1.3659064800e+00
        6.0750000000     1.3673694950e+00
        6.0800000000     1.3688325100e+00
        6.0850000000     1.3702955250e+00
        6.0900000000     1.3717585400e+00
        6.0950000000     1.3732215550e+00
        6.1000000000     1.3746845700e+00
        6.1050000000     1.3761475850e+00
        6.1100000000     1.3776106000e+00
        6.1150000000     1.3790736150e+00
        6.1200000000     1.3805366300e+00
        6.1250000000     1.3819996450e+00
        6.1300000000     1.3834626600e+00
        6.1350000000     1.3849256750e+00
        6.1400000000     1.3863886900e+00
        6.1450000000     1.3878517050e+00
        6.1500000000     1.3893147200e+00
        6.1550000000     1.3907777350e+00
        6.1600000000     1.3922407500e+00
        6.1650000000     1.3937037650e+00
        6.1700000000     1.3951667800e+00
        6.1750000000     1.3966297950e+00
        6.1800000000     1.3980928100e+00
        6.1850000000     1.3995558250e+00
        6.1900000000     1.4010188400e+00
        6.1950000000     1.4024818550e+00
        6.2000000000     1.4039448700e+00
        6.2050000000     1.4054078850e+00
        6.2100000000     1.4068709000e+00
        6.2150000000     1.4083339150e+00
        6.2200000000     1.4097969300e+00
        6.2250000000     1.4112599450e+00
        6.2300000000     1.4127229600e+00
        6.2350000000     1.4141859750e+00
        6.2400000000     1.4156489900e+00
        6.2450000000     1.4171120050e+00
        6.2500000000     1.4185750200e+00
        6.2550000000     1.4200380350e+00
        6.2600000000     1.4215010500e+00
        6.2650000000     1.4229640650e+00
        6.2700000000     1.4244270800e+00
        6.2750000000     1.4258900950e+00
        6.2800000000     1.4273531100e+00
        6.2850000000     1.4288161250e+00
        6.2900000000     1.4302791400e+00
        6.2950000000     1.4317421550e+00
        6.3000000000     1.4332051700e+00
        6.3050000000     1.4346681850e+00
        6.3100000000     1.4361312000e+00
        6.3150000000     1.4375942150e+00
        6.3200000000     1.4390572300e+00
        6.3250000000     1.4405202450e+00
        6.3300000000     1.4419832600e+00
        6.3350000000     1.4434462750e+00
        6.3400000000     1.4449092900e+00
        6.3450000000     1.4463723050e+00
        6.3500000000     1.4478353200e+00
        6.3550000000     1.4492983350e+00
        6.3600000000     1.4507613500e+00
        6.3650000000     1.4522243650e+00
        6.3700000000     1.4536873800e+00
        6.3750000000     1.4551503950e+00
        6.3800000000     1.4566134100e+00
        6.3850000000     1.4580764250e+00
        6.3900000000     1.4595394400e+00
        6.3950000000     1.4610024550e+00
        6.4000000000     1.4624654700e+00
        6.4050000000     1.4639284850e+00
        6.4100000000     1.4653915000e+00
        6.4150000000     1.4668545150e+00
        6.4200000000     1.4683175300e+00
        6.4250000000     1.4697805450e+00
        6.4300000000     1.4712435600e+00
        6.4350000000     1.4727065750e+00
        6.4400000000     1.4741695900e+00
        6.4450000000     1.4756326050e+00
        6.4500000000     1.4770956200e+00
        6.4550000000     1.4785586350e+00
        6.4600000000     1.4800216500e+00
        6.4650000000     1.4814846650e+00
        6.4700000000     1.4829476800e+00
        6.4750000000     1.4844106950e+00
        6.4800000000     1.4858737100e+00
        6.4850000000     1.4873367250e+00
        6.4900000000     1.4887997400e+00
        6.4950000000     1.4902627550e+00
        6.5000000000     1.4917257700e+00
        6.5050000000     1.4931887850e+00
        6.5100000000     1.4946518000e+00
        6.5150000000     1.4961148150e+00
        6.5200000000     1.4975778300e+00
        6.5250000000     1.4990408450e+00
        6.5300000000     1.5005038600e+00
        6.5350000000     1.5019668750e+00
        6.5400000000     1.5034298900e+00
        6.5450000000     1.5048929050e+00
        6.5500000000     1.5063559200e+00
        6.5550000000     1.5078189350e+00
        6.5600000000     1.5092819500e+00
        6.5650000000     1.5107449650e+00
        6.5700000000     1.5122079800e+00
        6.5750000000     1.5136709950e+00
        6.5800000000     1.5151340100e+00
        6.5850000000     1.5165970250e+00
        6.5900000000     1.5180600400e+00
        6.5950000000     1.5195230550e+00
        6.6000000000     1.5209860700e+00
        6.6050000000     1.5224490850e+00
        6.6100000000     1.5239121000e+00
        6.6150000000     1.5253751150e+00
        6.6200000000     1.5268381300e+00
        6.6250000000     1.5283011450e+00
        6.6300000000     1.5297641600e+00
        6.6350000000     1.5312271750e+00
        6.6400000000     1.5326901900e+00
        6.6450000000     1.5341532050e+00
        6.6500000000     1.5356162200e+00
        6.6550000000     1.5370792350e+00
        6.6600000000     1.5385422500e+00
        6.6650000000     1.5400052650e+00
        6.6700000000     1.5414682800e+00
        6.6750000000     1.5429312950e+00
        6.6800000000     1.5443943100e+00
        6.6850000000     1.5458573250e+00
        6.6900000000     1.5473203400e+00
        6.6950000000     1.5487833550e+00
        6.7000000000     1.5502463700e+00
        6.7050000000     1.5517093850e+00
        6.7100000000     1.5531724000e+00
        6.7150000000     1.5546354150e+00
        6.7200000000     1.5560984300e+00
        6.7250000000     1.5575614450e+00
        6.7300000000     1.5590244600e+00
        6.7350000000     1.5604874750e+00
        6.7400000000     1.5619504900e+00
        6.7450000000     1.5634135050e+00
        6.7500000000     1.5648765200e+00
        6.7550000000     1.5663395350e+00
        6.7600000000     1.5678025500e+00
        6.7650000000     1.5692655650e+00
        6.7700000000     1.5707285800e+00
        6.7750000000     1.5721915950e+00
        6.7800000000     1.5736546100e+00
        6.7850000000     1.5751176250e+00
        6.7900000000     1.5765806400e+00
        6.7950000000     1.5780436550e+00
        6.8000000000     1.5795066700e+00
        6.8050000000     1.5809696850e+00
        6.8100000000     1.5824327000e+00
        6.8150000000     1.5838957150e+00
        6.8200000000     1.5853587300e+00
        6.8250000000     1.5868217450e+00
        6.8300000000     1.5882847600e+00
        6.8350000000     1.5897477750e+00
        6.8400000000     1.5912107900e+00
        6.8450000000     1.5926738050e+00
        6.8500000000     1.5941368200e+00
        6.8550000000     1.5955998350e+00
        6.8600000000     1.5970628500e+00
        6.8650000000     1.5985258650e+00
        6.8700000000     1.5999888800e+00
        6.8750000000     1.6014518950e+00
        6.8800000000     1.6029149100e+00
        6.8850000000     1.6043779250e+00
        6.8900000000     1.6058409400e+00
        6.8950000000     1.6073039550e+00
        6.9000000000     1.6087669700e+00
        6.9050000000     1.6102299850e+00
        6.9100000000     1.6116930000e+00
        6.9150000000     1.6131560150e+00
        6.9200000000     1.6146190300e+00
        6.9250000000     1.6160820450e+00
        6.9300000000     1.6175450600e+00
        6.9350000000     1.6190080750e+00
        6.9400000000     1.6204710900e+00
        6.9450000000     1.6219341050e+00
        6.9500000000     1.6233971200e+00
        6.9550000000     1.6248601350e+00
        6.9600000000     1.6263231500e+00
        6.9650000000     1.6277861650e+00
        6.9700000000     1.6292491800e+00
        6.9750000000     1.6307121950e+00
        6.9800000000     1.6321752100e+00
        6.9850000000     1.6336382250e+00
        6.9900000000     1.6351012400e+00
        6.9950000000     1.6365642550e+00
        7.0000000000     1.6380272700e+00
        7.0050000000     1.6394902850e+00
        7.0100000000     1.6409533000e+00
        7.0150000000     1.6424163150e+00
        7.0200000000     1.6438793300e+00
        7.0250000000     1.6453423450e+00
        7.0300000000     1.6468053600e+00
        7.0350000000     1.6482683750e+00
        7.0400000000     1.6497313900e+00
        7.0450000000     1.6511944050e+00
        7.0500000000     1.6526574200e+00
        7.0550000000     1.6541204350e+00
        7.0600000000     1.6555834500e+00
        7.0650000000     1.6570464650e+00
        7.0700000000     1.6585094800e+00
        7.0750000000     1.6599724950e+00
        7.0800000000     1.6614355100e+00
        7.0850000000     1.6628985250e+00
        7.0900000000     1.6643615400e+00
        7.0950000000     1.6658245550e+00
        7.1000000000     1.6672875700e+00
        7.1050000000     1.6687505850e+00
        7.1100000000     1.6702136000e+00
        7.1150000000     1.6716766150e+00
        7.1200000000     1.6731396300e+00
        7.1250000000     1.6746026450e+00
        7.1300000000     1.6760656600e+00
        7.1350000000     1.6775286750e+00
        7.1400000000     1.6789916900e+00
        7.1450000000     1.6804547050e+00
        7.1500000000     1.6819177200e+00
        7.1550000000     1.6833807350e+00
        7.1600000000     1.6848437500e+00
        7.1650000000     1.6863067650e+00
        7.1700000000     1.6877697800e+00
        7.1750000000     1.6892327950e+00
        7.1800000000     1.6906958100e+00
        7.1850000000     1.6921588250e+00
        7.1900000000     1.6936218400e+00
        7.1950000000     1.6950848550e+00
        7.2000000000     1.6965478700e+00
        7.2050000000     1.6980108850e+00
        7.2100000000     1.6994739000e+00
        7.2150000000     1.7009369150e+00
        7.2200000000     1.7023999300e+00
        7.2250000000     1.7038629450e+00
        7.2300000000     1.7053259600e+00
        7.2350000000     1.7067889750e+00
        7.2400000000     1.7082519900e+00
        7.2450000000     1.7097150050e+00
        7.2500000000     1.7111780200e+00
        7.2550000000     1.7126410350e+00
        7.2600000000     1.7141040500e+00
        7.2650000000     1.7155670650e+00
        7.2700000000     1.7170300800e+00
        7.2750000000     1.7184930950e+00
        7.2800000000     1.7199561100e+00
        7.2850000000     1.7214191250e+00
        7.2900000000     1.7228821400e+00
        7.2950000000     1.7243451550e+00
        7.3000000000     1.7258081700e+00
        7.3050000000     1.7272711850e+00
        7.3100000000     1.7287342000e+00
        7.3150000000     1.7301972150e+00
        7.3200000000     1.7316602300e+00
        7.3250000000     1.7331232450e+00
        7.3300000000     1.7345862600e+00
        7.3350000000     1.7360492750e+00
        7.3400000000     1.7375122900e+00
        7.3450000000     1.7389753050e+00
        7.3500000000     1.7404383200e+00
        7.3550000000     1.7419013350e+00
        7.3600000000     1.7433643500e+00
        7.3650000000     1.7448273650e+00
        7.3700000000     1.7462903800e+00
        7.3750000000     1.7477533950e+00
        7.3800000000     1.7492164100e+00
        7.3850000000     1.7506794250e+00
        7.3900000000     1.7521424400e+00
        7.3950000000     1.7536054550e+00
        7.4000000000     1.7550684700e+00
        7.4050000000     1.7565314850e+00
        7.4100000000     1.7579945000e+00
        7.4150000000     1.7594575150e+00
        7.4200000000     1.7609205300e+00
        7.4250000000     1.7623835450e+00
        7.4300000000     1.7638465600e+00
        7.4350000000     1.7653095750e+00
        7.4400000000     1.7667725900e+00
        7.4450000000     1.7682356050e+00
        7.4500000000     1.7696986200e+00
        7.4550000000     1.7711616350e+00
        7.4600000000     1.7726246500e+00
        7.4650000000     1.7740876650e+00
        7.4700000000     1.7755506800e+00
        7.4750000000     1.7770136950e+00
        7.4800000000     1.7784767100e+00
        7.4850000000     1.7799397250e+00
        7.4900000000     1.7814027400e+00
        7.4950000000     1.7828657550e+00
        7.5000000000     1.7843287700e+00
        7.5050000000     1.7857917850e+00
        7.5100000000     1.7872548000e+00
        7.5150000000     1.7887178150e+00
        7.5200000000     1.7901808300e+00
        7.5250000000     1.7916438450e+00
        7.5300000000     1.7931068600e+00
        7.5350000000     1.7945698750e+00
        7.5400000000     1.7960328900e+00
        7.5450000000     1.7974959050e+00
        7.5500000000     1.7989589200e+00
        7.5550000000     1.8004219350e+00
        7.5600000000     1.8018849500e+00
        7.5650000000     1.8033479650e+00
        7.5700000000     1.8048109800e+00
        7.5750000000     1.8062739950e+00
        7.5800000000     1.8077370100e+00
        7.5850000000     1.8092000250e+00
        7.5900000000     1.8106630400e+00
        7.5950000000     1.8121260550e+00
        7.6000000000     1.8135890700e+00
        7.6050000000     1.8150520850e+00
        7.6100000000     1.8165151000e+00
        7.6150000000     1.8179781150e+00
        7.6200000000     1.8194411300e+00
        7.6250000000     1.8209041450e+00
        7.6300000000     1.8223671600e+00
        7.6350000000     1.8238301750e+00
        7.6400000000     1.8252931900e+00
        7.6450000000     1.8267562050e+00
        7.6500000000     1.8282192200e+00
        7.6550000000     1.8296822350e+00
        7.6600000000     1.8311452500e+00
        7.6650000000     1.8326082650e+00
        7.6700000000     1.8340712800e+00
        7.6750000000     1.8355342950e+00
        7.6800000000     1.8369973100e+00
        7.6850000000     1.8384603250e+00
        7.6900000000     1.8399233400e+00
        7.6950000000     1.8413863550e+00
        7.7000000000     1.8428493700e+00
        7.7050000000     1.8443123850e+00
        7.7100000000     1.8457754000e+00
        7.7150000000     1.8472384150e+00
        7.7200000000     1.8487014300e+00
        7.7250000000     1.8501644450e+00
        7.7300000000     1.8516274600e+00
        7.7350000000     1.8530904750e+00
        7.7400000000     1.8545534900e+00
        7.7450000000     1.8560165050e+00
        7.7500000000     1.8574795200e+00
        7.7550000000     1.8589425350e+00
        7.7600000000     1.8604055500e+00
        7.7650000000     1.8618685650e+00
        7.7700000000     1.8633315800e+00
        7.7750000000     1.8647945950e+00
        7.7800000000     1.8662576100e+00
        7.7850000000     1.8677206250e+00
        7.7900000000     1.8691836400e+00
        7.7950000000     1.8706466550e+00
        7.8000000000     1.8721096700e+00
        7.8050000000     1.8735726850e+00
        7.8100000000     1.8750357000e+00
        7.8150000000     1.8764987150e+00
        7.8200000000     1.8779617300e+00
        7.8250000000     1.8794247450e+00
        7.8300000000     1.8808877600e+00
        7.8350000000     1.8823507750e+00
        7.8400000000     1.8838137900e+00
        7.8450000000     1.8852768050e+00
        7.8500000000     1.8867398200e+00
        7.8550000000     1.8882028350e+00
        7.8600000000     1.8896658500e+00
        7.8650000000     1.8911288650e+00
        7.8700000000     1.8925918800e+00
        7.8750000000     1.8940548950e+00
        7.8800000000     1.8955179100e+00
        7.8850000000     1.8969809250e+00
        7.8900000000     1.8984439400e+00
        7.8950000000     1.8999069550e+00
        7.9000000000     1.9013699700e+00
        7.9050000000     1.9028329850e+00
        7.9100000000     1.9042960000e+00
        7.9150000000     1.9057590150e+00
        7.9200000000     1.9072220300e+00
        7.9250000000     1.9086850450e+00
        7.9300000000     1.9101480600e+00
        7.9350000000     1.9116110750e+00
        7.9400000000     1.9130740900e+00
        7.9450000000     1.9145371050e+00
        7.9500000000     1.9160001200e+00
        7.9550000000     1.9174631350e+00
        7.9600000000     1.9189261500e+00
        7.9650000000     1.9203891650e+00
        7.9700000000     1.9218521800e+00
        7.9750000000     1.9233151950e+00
        7.9800000000     1.9247782100e+00
        7.9850000000     1.9262412250e+00
        7.9900000000     1.9277042400e+00
        7.9950000000     1.9291672550e+00
        8.0000000000     1.9306302700e+00
        8.0050000000     1.9320932850e+00
        8.0100000000     1.9335563000e+00
        8.0150000000     1.9350193150e+00
        8.0200000000     1.9364823300e+00
        8.0250000000     1.9379453450e+00
        8.0300000000     1.9394083600e+00
        8.0350000000     1.9408713750e+00
        8.0400000000     1.9423343900e+00
        8.0450000000     1.9437974050e+00
        8.0500000000     1.9452604200e+00
        8.0550000000     1.9467234350e+00
        8.0600000000     1.9481864500e+00
        8.0650000000     1.9496494650e+00
        8.0700000000     1.9511124800e+00
        8.0750000000     1.9525754950e+00
        8.0800000000     1.9540385100e+00
        8.0850000000     1.9555015250e+00
        8.0900000000     1.9569645400e+00
        8.0950000000     1.9584275550e+00
        8.1000000000     1.9598905700e+00
        8.1050000000     1.9613535850e+00
        8.1100000000     1.9628166000e+00
        8.1150000000     1.9642796150e+00
        8.1200000000     1.9657426300e+00
        8.1250000000     1.9672056450e+00
        8.1300000000     1.9686686600e+00
        8.1350000000     1.9701316750e+00
        8.1400000000     1.9715946900e+00
        8.1450000000     1.9730577050e+00
        8.1500000000     1.9745207200e+00
        8.1550000000     1.9759837350e+00
        8.1600000000     1.9774467500e+00
        8.1650000000     1.9789097650e+00
        8.1700000000     1.9803727800e+00
        8.1750000000     1.9818357950e+00
        8.1800000000     1.9832988100e+00
        8.1850000000     1.9847618250e+00
        8.1900000000     1.9862248400e+00
        8.1950000000     1.9876878550e+00
        8.2000000000     1.9891508700e+00
        8.2050000000     1.9906138850e+00
        8.2100000000     1.9920769000e+00
        8.2150000000     1.9935399150e+00
        8.2200000000     1.9950029300e+00
        8.2250000000     1.9964659450e+00
        8.2300000000     1.9979289600e+00
        8.2350000000     1.9993919750e+00
        8.2400000000     2.0008549900e+00
        8.2450000000     2.0023180050e+00
        8.2500000000     2.0037810200e+00
        8.2550000000     2.0052440350e+00
        8.2600000000     2.0067070500e+00
        8.2650000000     2.0081700650e+00
        8.2700000000     2.0096330800e+00
        8.2750000000     2.0110960950e+00
        8.2800000000     2.0125591100e+00
        8.2850000000     2.0140221250e+00
        8.2900000000     2.0154851400e+00
        8.2950000000     2.0169481550e+00
        8.3000000000     2.0184111700e+00
        8.3050000000     2.0198741850e+00
        8.3100000000     2.0213372000e+00
        8.3150000000     2.0228002150e+00
        8.3200000000     2.0242632300e+00
        8.3250000000     2.0257262450e+00
        8.3300000000     2.0271892600e+00
        8.3350000000     2.0286522750e+00
        8.3400000000     2.0301152900e+00
        8.3450000000     2.0315783050e+00
        8.3500000000     2.0330413200e+00
        8.3550000000     2.0345043350e+00
        8.3600000000     2.0359673500e+00
        8.3650000000     2.0374303650e+00
        8.3700000000     2.0388933800e+00
        8.3750000000     2.0403563950e+00
        8.3800000000     2.0418194100e+00
        8.3850000000     2.0432824250e+00
        8.3900000000     2.0447454400e+00
        8.3950000000     2.0462084550e+00
        8.4000000000     2.0476714700e+00
        8.4050000000     2.0491344850e+00
        8.4100000000     2.0505975000e+00
        8.4150000000     2.0520605150e+00
        8.4200000000     2.0535235300e+00
        8.4250000000     2.0549865450e+00
        8.4300000000     2.0564495600e+00
        8.4350000000     2.0579125750e+00
        8.4400000000     2.0593755900e+00
        8.4450000000     2.0608386050e+00
        8.4500000000     2.0623016200e+00
        8.4550000000     2.0637646350e+00
        8.4600000000     2.0652276500e+00
        8.4650000000     2.0666906650e+00
        8.4700000000     2.0681536800e+00
        8.4750000000     2.0696166950e+00
        8.4800000000     2.0710797100e+00
        8.4850000000     2.0725427250e+00
        8.4900000000     2.0740057400e+00
        8.4950000000     2.0754687550e+00
        8.5000000000     2.0769317700e+00
        8.5050000000     2.0783947850e+00
        8.5100000000     2.0798578000e+00
        8.5150000000     2.0813208150e+00
        8.5200000000     2.0827838300e+00
        8.5250000000     2.0842468450e+00
        8.5300000000     2.0857098600e+00
        8.5350000000     2.0871728750e+00
        8.5400000000     2.0886358900e+00
        8.5450000000     2.0900989050e+00
        8.5500000000     2.0915619200e+00
        8.5550000000     2.0930249350e+00
        8.5600000000     2.0944879500e+00
        8.5650000000     2.0959509650e+00
        8.5700000000     2.0974139800e+00
        8.5750000000     2.0988769950e+00
        8.5800000000     2.1003400100e+00
        8.5850000000     2.1018030250e+00
        8.5900000000     2.1032660400e+00
        8.5950000000     2.1047290550e+00
        8.6000000000     2.1061920700e+00
        8.6050000000     2.1076550850e+00
        8.6100000000     2.1091181000e+00
        8.6150000000     2.1105811150e+00
        8.6200000000     2.1120441300e+00
        8.6250000000     2.1135071450e+00
        8.6300000000     2.1149701600e+00
        8.6350000000     2.1164331750e+00
        8.6400000000     2.1178961900e+00
        8.6450000000     2.1193592050e+00
        8.6500000000     2.1208222200e+00
        8.6550000000     2.1222852350e+00
        8.6600000000     2.1237482500e+00
        8.6650000000     2.1252112650e+00
        8.6700000000     2.1266742800e+00
        8.6750000000     2.1281372950e+00
        8.6800000000     2.1296003100e+00
        8.6850000000     2.1310633250e+00
        8.6900000000     2.1325263400e+00
        8.6950000000     2.1339893550e+00
        8.7000000000     2.1354523700e+00
        8.7050000000     2.1369153850e+00
        8.7100000000     2.1383784000e+00
        8.7150000000     2.1398414150e+00
        8.7200000000     2.1413044300e+00
        8.7250000000     2.1427674450e+00
        8.7300000000     2.1442304600e+00
        8.7350000000     2.1456934750e+00
        8.7400000000     2.1471564900e+00
        8.7450000000     2.1486195050e+00
        8.7500000000     2.1500825200e+00
        8.7550000000     2.1515455350e+00
        8.7600000000     2.1530085500e+00
        8.7650000000     2.1544715650e+00
        8.7700000000     2.1559345800e+00
        8.7750000000     2.1573975950e+00
        8.7800000000     2.1588606100e+00
        8.7850000000     2.1603236250e+00
        8.7900000000     2.1617866400e+00
        8.7950000000     2.1632496550e+00
        8.8000000000     2.1647126700e+00
        8.8050000000     2.1661756850e+00
        8.8100000000     2.1676387000e+00
        8.8150000000     2.1691017150e+00
        8.8200000000     2.1705647300e+00
        8.8250000000     2.1720277450e+00
        8.8300000000     2.1734907600e+00
        8.8350000000     2.1749537750e+00
        8.8400000000     2.1764167900e+00
        8.8450000000     2.1778798050e+00
        8.8500000000     2.1793428200e+00
        8.8550000000     2.1808058350e+00
        8.8600000000     2.1822688500e+00
        8.8650000000     2.1837318650e+00
        8.8700000000     2.1851948800e+00
        8.8750000000     2.1866578950e+00
        8.8800000000     2.1881209100e+00
        8.8850000000     2.1895839250e+00
        8.8900000000     2.1910469400e+00
        8.8950000000     2.1925099550e+00
        8.9000000000     2.1939729700e+00
        8.9050000000     2.1954359850e+00
        8.9100000000     2.1968990000e+00
        8.9150000000     2.1983620150e+00
        8.9200000000     2.1998250300e+00
        8.9250000000     2.2012880450e+00
        8.9300000000     2.2027510600e+00
        8.9350000000     2.2042140750e+00
        8.9400000000     2.2056770900e+00
        8.9450000000     2.2071401050e+00
        8.9500000000     2.2086031200e+00
        8.9550000000     2.2100661350e+00
        8.9600000000     2.2115291500e+00
        8.9650000000     2.2129921650e+00
        8.9700000000     2.2144551800e+00
        8.9750000000     2.2159181950e+00
        8.9800000000     2.2173812100e+00
        8.9850000000     2.2188442250e+00
        8.9900000000     2.2203072400e+00
        8.9950000000     2.2217702550e+00
        9.0000000000     2.2232332700e+00
        9.0050000000     2.2246962850e+00
        9.0100000000     2.2261593000e+00
        9.0150000000     2.2276223150e+00
        9.0200000000     2.2290853300e+00
        9.0250000000     2.2305483450e+00
        9.0300000000     2.2320113600e+00
        9.0350000000     2.2334743750e+00
        9.0400000000     2.2349373900e+00
        9.0450000000     2.2364004050e+00
        9.0500000000     2.2378634200e+00
        9.0550000000     2.2393264350e+00
        9.0600000000     2.2407894500e+00
        9.0650000000     2.2422524650e+00
        9.0700000000     2.2437154800e+00
        9.0750000000     2.2451784950e+00
        9.0800000000     2.2466415100e+00
        9.0850000000     2.2481045250e+00
        9.0900000000     2.2495675400e+00
        9.0950000000     2.2510305550e+00
        9.1000000000     2.2524935700e+00
        9.1050000000     2.2539565850e+00
        9.1100000000     2.2554196000e+00
        9.1150000000     2.2568826150e+00
        9.1200000000     2.2583456300e+00
        9.1250000000     2.2598086450e+00
        9.1300000000     2.2612716600e+00
        9.1350000000     2.2627346750e+00
        9.1400000000     2.2641976900e+00
        9.1450000000     2.2656607050e+00
        9.1500000000     2.2671237200e+00
        9.1550000000     2.2685867350e+00
        9.1600000000     2.2700497500e+00
        9.1650000000     2.2715127650e+00
        9.1700000000     2.2729757800e+00
        9.1750000000     2.2744387950e+00
        9.1800000000     2.2759018100e+00
        9.1850000000     2.2773648250e+00
        9.1900000000     2.2788278400e+00
        9.1950000000     2.2802908550e+00
        9.2000000000     2.2817538700e+00
        9.2050000000     2.2832168850e+00
        9.2100000000     2.2846799000e+00
        9.2150000000     2.2861429150e+00
        9.2200000000     2.2876059300e+00
        9.2250000000     2.2890689450e+00
        9.2300000000     2.2905319600e+00
        9.2350000000     2.2919949750e+00
        9.2400000000     2.2934579900e+00
        9.2450000000     2.2949210050e+00
        9.2500000000     2.2963840200e+00
        9.2550000000     2.2978470350e+00
        9.2600000000     2.2993100500e+00
        9.2650000000     2.3007730650e+00
        9.2700000000     2.3022360800e+00
        9.2750000000     2.3036990950e+00
        9.2800000000     2.3051621100e+00
        9.2850000000     2.3066251250e+00
        9.2900000000     2.3080881400e+00
        9.2950000000     2.3095511550e+00
        9.3000000000     2.3110141700e+00
        9.3050000000     2.3124771850e+00
        9.3100000000     2.3139402000e+00
        9.3150000000     2.3154032150e+00
        9.3200000000     2.3168662300e+00
        9.3250000000     2.3183292450e+00
        9.3300000000     2.3197922600e+00
        9.3350000000     2.3212552750e+00
        9.3400000000     2.3227182900e+00
        9.3450000000     2.3241813050e+00
        9.3500000000     2.3256443200e+00
        9.3550000000     2.3271073350e+00
        9.3600000000     2.3285703500e+00
        9.3650000000     2.3300333650e+00
        9.3700000000     2.3314963800e+00
        9.3750000000     2.3329593950e+00
        9.3800000000     2.3344224100e+00
        9.3850000000     2.3358854250e+00
        9.3900000000     2.3373484400e+00
        9.3950000000     2.3388114550e+00
        9.4000000000     2.3402744700e+00
        9.4050000000     2.3417374850e+00
        9.4100000000     2.3432005000e+00
        9.4150000000     2.3446635150e+00
        9.4200000000     2.3461265300e+00
        9.4250000000     2.3475895450e+00
        9.4300000000     2.3490525600e+00
        9.4350000000     2.3505155750e+00
        9.4400000000     2.3519785900e+00
        9.4450000000     2.3534416050e+00
        9.4500000000     2.3549046200e+00
        9.4550000000     2.3563676350e+00
        9.4600000000     2.3578306500e+00
        9.4650000000     2.3592936650e+00
        9.4700000000     2.3607566800e+00
        9.4750000000     2.3622196950e+00
        9.4800000000     2.3636827100e+00
        9.4850000000     2.3651457250e+00
        9.4900000000     2.3666087400e+00
        9.4950000000     2.3680717550e+00
        9.5000000000     2.3695347700e+00
        9.5050000000     2.3709977850e+00
        9.5100000000     2.3724608000e+00
        9.5150000000     2.3739238150e+00
        9.5200000000     2.3753868300e+00
        9.5250000000     2.3768498450e+00
        9.5300000000     2.3783128600e+00
        9.5350000000     2.3797758750e+00
        9.5400000000     2.3812388900e+00
        9.5450000000     2.3827019050e+00
        9.5500000000     2.3841649200e+00
        9.5550000000     2.3856279350e+00
        9.5600000000     2.3870909500e+00
        9.5650000000     2.3885539650e+00
        9.5700000000     2.3900169800e+00
        9.5750000000     2.3914799950e+00
        9.5800000000     2.3929430100e+00
        9.5850000000     2.3944060250e+00
        9.5900000000     2.3958690400e+00
        9.5950000000     2.3973320550e+00
        9.6000000000     2.3987950700e+00
        9.6050000000     2.4002580850e+00
        9.6100000000     2.4017211000e+00
        9.6150000000     2.4031841150e+00
        9.6200000000     2.4046471300e+00
        9.6250000000     2.4061101450e+00
        9.6300000000     2.4075731600e+00
        9.6350000000     2.4090361750e+00
        9.6400000000     2.4104991900e+00
        9.6450000000     2.4119622050e+00
        9.6500000000     2.4134252200e+00
        9.6550000000     2.4148882350e+00
        9.6600000000     2.4163512500e+00
        9.6650000000     2.4178142650e+00
        9.6700000000     2.4192772800e+00
        9.6750000000     2.4207402950e+00
        9.6800000000     2.4222033100e+00
        9.6850000000     2.4236663250e+00
        9.6900000000     2.4251293400e+00
        9.6950000000     2.4265923550e+00
        9.7000000000     2.4280553700e+00
        9.7050000000     2.4295183850e+00
        9.7100000000     2.4309814000e+00
        9.7150000000     2.4324444150e+00
        9.7200000000     2.4339074300e+00
        9.7250000000     2.4353704450e+00
        9.7300000000     2.4368334600e+00
        9.7350000000     2.4382964750e+00
        9.7400000000     2.4397594900e+00
        9.7450000000     2.4412225050e+00
        9.7500000000     2.4426855200e+00
        9.7550000000     2.4441485350e+00
        9.7600000000     2.4456115500e+00
        9.7650000000     2.4470745650e+00
        9.7700000000     2.4485375800e+00
        9.7750000000     2.4500005950e+00
        9.7800000000     2.4514636100e+00
        9.7850000000     2.4529266250e+00
        9.7900000000     2.4543896400e+00
        9.7950000000     2.4558526550e+00
        9.8000000000     2.4573156700e+00
        9.8050000000     2.4587786850e+00
        9.8100000000     2.4602417000e+00
        9.8150000000     2.4617047150e+00
        9.8200000000     2.4631677300e+00
        9.8250000000     2.4646307450e+00
        9.8300000000     2.4660937600e+00
        9.8350000000     2.4675567750e+00
        9.8400000000     2.4690197900e+00
        9.8450000000     2.4704828050e+00
        9.8500000000     2.4719458200e+00
        9.8550000000     2.4734088350e+00
        9.8600000000     2.4748718500e+00
        9.8650000000     2.4763348650e+00
        9.8700000000     2.4777978800e+00
        9.8750000000     2.4792608950e+00
        9.8800000000     2.4807239100e+00
        9.8850000000     2.4821869250e+00
        9.8900000000     2.4836499400e+00
        9.8950000000     2.4851129550e+00
        9.9000000000     2.4865759700e+00
        9.9050000000     2.4880389850e+00
        9.9100000000     2.4895020000e+00
        9.9150000000     2.4909650150e+00
        9.9200000000     2.4924280300e+00
        9.9250000000     2.4938910450e+00
        9.9300000000     2.4953540600e+00
        9.9350000000     2.4968170750e+00
        9.9400000000     2.4982800900e+00
        9.9450000000     2.4997431050e+00
        9.9500000000     2.5012061200e+00
        9.9550000000     2.5026691350e+00
        9.9600000000     2.5041321500e+00
        9.9650000000     2.5055951650e+00
        9.9700000000     2.5070581800e+00
        9.9750000000     2.5085211950e+00
        9.9800000000     2.5099842100e+00
        9.9850000000     2.5114472250e+00
        9.9900000000     2.5129102400e+00
        9.9950000000     2.5143732550e+00
       10.0000000000     2.5158362700e+00
