 1.50000 3.62659100e-312
 1.50500 3.49313306e-312
 1.51000 3.35514019e-312
 1.51500 3.24429681e-312
 1.52000 3.14314886e-312
 1.52500 3.01263179e-312
 1.53000 2.89274069e-312
 1.53500 2.80512613e-312
 1.54000 2.72231476e-312
 1.54500 2.55596946e-312
 1.55000 2.41142066e-312
 1.55500 2.33188976e-312
 1.56000 2.23956011e-312
 1.56500 2.11681554e-312
 1.57000 1.98310050e-312
 1.57500 1.88175671e-312
 1.58000 1.81002602e-312
 1.58500 1.72002975e-312
 1.59000 1.61509007e-312
 1.59500 1.54050311e-312
 1.60000 1.46128921e-312
 1.60500 1.32808661e-312
 1.61000 1.19227140e-312
 1.61500 1.10690032e-312
 1.62000 1.05160254e-312
 1.62500 9.98892726e-313
 1.63000 9.24300767e-313
 1.63500 8.11657759e-313
 1.64000 7.02770541e-313
 1.64500 6.35213847e-313
 1.65000 5.78191705e-313
 1.65500 4.97199035e-313
 1.66000 4.04880790e-313
 1.66500 3.33098048e-313
 1.67000 2.80935364e-313
 1.67500 2.30612914e-313
 1.68000 1.67723731e-313
 1.68500 9.56172388e-314
 1.69000 2.32453874e-314
 1.69500 -4.11626815e-314
 1.70000 -9.71079316e-314
 1.70500 -1.48766190e-313
 1.71000 -2.00026376e-313
 1.71500 -2.52622748e-313
 1.72000 -3.07274237e-313
 1.72500 -3.63387610e-313
 1.73000 -4.19842389e-313
 1.73500 -4.74663408e-313
 1.74000 -5.22623398e-313
 1.74500 -5.61332569e-313
 1.75000 -5.93275998e-313
 1.75500 -6.21277648e-313
 1.76000 -6.48161484e-313
 1.76500 -6.76246959e-313
 1.77000 -7.05386792e-313
 1.77500 -7.34680975e-313
 1.78000 -7.63229314e-313
 1.78500 -7.90131681e-313
 1.79000 -8.14711766e-313
 1.79500 -8.37019475e-313
 1.80000 -8.57251737e-313
 1.80500 -8.75605481e-313
 1.81000 -8.92277638e-313
 1.81500 -9.07465138e-313
 1.82000 -9.21360331e-313
 1.82500 -9.34081728e-313
 1.83000 -9.45688146e-313
 1.83500 -9.56236686e-313
 1.84000 -9.65784453e-313
 1.84500 -9.74388552e-313
 1.85000 -9.82106086e-313
 1.85500 -9.88994159e-313
 1.86000 -9.95109178e-313
 1.86500 -1.00048836e-312
 1.87000 -1.00514785e-312
 1.87500 -1.00910271e-312
 1.88000 -1.01236799e-312
 1.88500 -1.01495875e-312
 1.89000 -1.01689005e-312
 1.89500 -1.01817694e-312
 1.90000 -1.01883449e-312
 1.90500 -1.01887776e-312
 1.91000 -1.01832168e-312
 1.91500 -1.01717280e-312
 1.92000 -1.01542385e-312
 1.92500 -1.01306628e-312
 1.93000 -1.01009154e-312
 1.93500 -1.00649108e-312
 1.94000 -1.00225633e-312
 1.94500 -9.97378754e-313
 1.95000 -9.91849792e-313
 1.95500 -9.85660891e-313
 1.96000 -9.78806207e-313
 1.96500 -9.71291909e-313
 1.97000 -9.63127494e-313
 1.97500 -9.54322458e-313
 1.98000 -9.44886298e-313
 1.98500 -9.34828511e-313
 1.99000 -9.24158593e-313
 1.99500 -9.12886041e-313
 2.00000 -9.01020913e-313
 2.00500 -8.88591633e-313
 2.01000 -8.75648676e-313
 2.01500 -8.62243819e-313
 2.02000 -8.48428841e-313
 2.02500 -8.34255519e-313
 2.03000 -8.19775632e-313
 2.03500 -8.05040957e-313
 2.04000 -7.90095394e-313
 2.04500 -7.74902368e-313
 2.05000 -7.59378215e-313
 2.05500 -7.43438680e-313
 2.06000 -7.26999506e-313
 2.06500 -7.09976437e-313
 2.07000 -6.92285215e-313
 2.07500 -6.73865451e-313
 2.08000 -6.54839601e-313
 2.08500 -6.35414682e-313
 2.09000 -6.15798166e-313
 2.09500 -5.96197526e-313
 2.10000 -5.76820234e-313
 2.10500 -5.57872231e-313
 2.11000 -5.39419084e-313
 2.11500 -5.21275145e-313
 2.12000 -5.03228681e-313
 2.12500 -4.85067957e-313
 2.13000 -4.66581241e-313
 2.13500 -4.47557128e-313
 2.14000 -4.27878766e-313
 2.14500 -4.07654083e-313
 2.15000 -3.87023687e-313
 2.15500 -3.66128183e-313
 2.16000 -3.45108179e-313
 2.16500 -3.24104260e-313
 2.17000 -3.03191266e-313
 2.17500 -2.82233793e-313
 2.18000 -2.61054496e-313
 2.18500 -2.39476031e-313
 2.19000 -2.17321052e-313
 2.19500 -1.94412216e-313
 2.20000 -1.70648218e-313
 2.20500 -1.46259105e-313
 2.21000 -1.21565152e-313
 2.21500 -9.68866391e-314
 2.22000 -7.25438440e-314
 2.22500 -4.88553147e-314
 2.23000 -2.59714927e-314
 2.23500 -3.73648308e-315
 2.24000 1.80381467e-314
 2.24500 3.95408291e-314
 2.25000 6.09599967e-314
 2.25500 8.24847017e-314
 2.26000 1.04314204e-313
 2.26500 1.26656128e-313
 2.27000 1.49718347e-313
 2.27500 1.73708731e-313
 2.28000 1.98835152e-313
 2.28500 2.25200013e-313
 2.29000 2.52297466e-313
 2.29500 2.79404080e-313
 2.30000 3.05796149e-313
 2.30500 3.30749964e-313
 2.31000 3.53593464e-313
 2.31500 3.74467603e-313
 2.32000 3.94160460e-313
 2.32500 4.13478038e-313
 2.33000 4.33226337e-313
 2.33500 4.54211360e-313
 2.34000 4.77210266e-313
 2.34500 5.02283369e-313
 2.35000 5.28743121e-313
 2.35500 5.55866920e-313
 2.36000 5.82932169e-313
 2.36500 6.09217362e-313
 2.37000 6.34258649e-313
 2.37500 6.58180112e-313
 2.38000 6.81187450e-313
 2.38500 7.03486362e-313
 2.39000 7.25282548e-313
 2.39500 7.46784864e-313
 2.40000 7.68276553e-313
 2.40500 7.90116234e-313
 2.41000 8.12562608e-313
 2.41500 8.35522100e-313
 2.42000 8.58826087e-313
 2.42500 8.82305946e-313
 2.43000 9.05793056e-313
 2.43500 9.29120940e-313
 2.44000 9.52233083e-313
 2.44500 9.75233369e-313
 2.45000 9.98238369e-313
 2.45500 1.02136465e-312
 2.46000 1.04472880e-312
 2.46500 1.06842749e-312
 2.47000 1.09231977e-312
 2.47500 1.11610823e-312
 2.48000 1.13949268e-312
 2.48500 1.16217293e-312
 2.49000 1.18384880e-312
 2.49500 1.20432287e-312
 2.50000 1.22386011e-312
 2.50500 1.24285546e-312
 2.51000 1.26170386e-312
 2.51500 1.28080026e-312
 2.52000 1.30053961e-312
 2.52500 1.32124007e-312
 2.53000 1.34274775e-312
 2.53500 1.36472947e-312
 2.54000 1.38685172e-312
 2.54500 1.40878099e-312
 2.55000 1.43018376e-312
 2.55500 1.45076802e-312
 2.56000 1.47059718e-312
 2.56500 1.48991526e-312
 2.57000 1.50896767e-312
 2.57500 1.52799986e-312
 2.58000 1.54725725e-312
 2.58500 1.56696798e-312
 2.59000 1.58714833e-312
 2.59500 1.60767257e-312
 2.60000 1.62841236e-312
 2.60500 1.64923939e-312
 2.61000 1.67002529e-312
 2.61500 1.69064795e-312
 2.62000 1.71109964e-312
 2.62500 1.73147342e-312
 2.63000 1.75186574e-312
 2.63500 1.77237309e-312
 2.64000 1.79309195e-312
 2.64500 1.81411351e-312
 2.65000 1.83537062e-312
 2.65500 1.85661400e-312
 2.66000 1.87758427e-312
 2.66500 1.89802207e-312
 2.67000 1.91766805e-312
 2.67500 1.93626629e-312
 2.68000 1.95375434e-312
 2.68500 1.97036209e-312
 2.69000 1.98634374e-312
 2.69500 2.00195346e-312
 2.70000 2.01744545e-312
 2.70500 2.03307390e-312
 2.71000 2.04908847e-312
 2.71500 2.06558937e-312
 2.72000 2.08249673e-312
 2.72500 2.09971994e-312
 2.73000 2.11716842e-312
 2.73500 2.13475156e-312
 2.74000 2.15237877e-312
 2.74500 2.16996121e-312
 2.75000 2.18744799e-312
 2.75500 2.20482477e-312
 2.76000 2.22207867e-312
 2.76500 2.23919684e-312
 2.77000 2.25616640e-312
 2.77500 2.27297449e-312
 2.78000 2.28960950e-312
 2.78500 2.30607847e-312
 2.79000 2.32240288e-312
 2.79500 2.33860458e-312
 2.80000 2.35470540e-312
 2.80500 2.37072720e-312
 2.81000 2.38669181e-312
 2.81500 2.40260445e-312
 2.82000 2.41841970e-312
 2.82500 2.43408252e-312
 2.83000 2.44953789e-312
 2.83500 2.46473076e-312
 2.84000 2.47960610e-312
 2.84500 2.49410887e-312
 2.85000 2.50819068e-312
 2.85500 2.52185693e-312
 2.86000 2.53513924e-312
 2.86500 2.54806939e-312
 2.87000 2.56067918e-312
 2.87500 2.57300039e-312
 2.88000 2.58506479e-312
 2.88500 2.59690419e-312
 2.89000 2.60855139e-312
 2.89500 2.62004275e-312
 2.90000 2.63141544e-312
 2.90500 2.64270661e-312
 2.91000 2.65395343e-312
 2.91500 2.66519304e-312
 2.92000 2.67646260e-312
 2.92500 2.68779927e-312
 2.93000 2.69923014e-312
 2.93500 2.71072997e-312
 2.94000 2.72225664e-312
 2.94500 2.73376798e-312
 2.95000 2.74522183e-312
 2.95500 2.75657605e-312
 2.96000 2.76778847e-312
 2.96500 2.77881695e-312
 2.97000 2.78962388e-312
 2.97500 2.80020747e-312
 2.98000 2.81058278e-312
 2.98500 2.82076495e-312
 2.99000 2.83076914e-312
 2.99500 2.84061051e-312
 3.00000 2.85030421e-312
 3.00500 2.85986539e-312
 3.01000 2.86930925e-312
 3.01500 2.87865441e-312
 3.02000 2.88792635e-312
 3.02500 2.89715130e-312
 3.03000 2.90635551e-312
 3.03500 2.91556523e-312
 3.04000 2.92480672e-312
 3.04500 2.93410621e-312
 3.05000 2.94348995e-312
 3.05500 2.95297760e-312
 3.06000 2.96252261e-312
 3.06500 2.97204031e-312
 3.07000 2.98144557e-312
 3.07500 2.99065325e-312
 3.08000 2.99957822e-312
 3.08500 3.00813534e-312
 3.09000 3.01623948e-312
 3.09500 3.02380551e-312
 3.10000 3.03076409e-312
 3.10500 3.03717603e-312
 3.11000 3.04316613e-312
 3.11500 3.04885966e-312
 3.12000 3.05438187e-312
 3.12500 3.05985803e-312
 3.13000 3.06541340e-312
 3.13500 3.07117324e-312
 3.14000 3.07726280e-312
 3.14500 3.08378569e-312
 3.15000 3.09069807e-312
 3.15500 3.09789458e-312
 3.16000 3.10526967e-312
 3.16500 3.11271780e-312
 3.17000 3.12013341e-312
 3.17500 3.12741095e-312
 3.18000 3.13444486e-312
 3.18500 3.14112961e-312
 3.19000 3.14736296e-312
 3.19500 3.15312732e-312
 3.20000 3.15849474e-312
 3.20500 3.16354153e-312
 3.21000 3.16834404e-312
 3.21500 3.17297860e-312
 3.22000 3.17752154e-312
 3.22500 3.18204920e-312
 3.23000 3.18663791e-312
 3.23500 3.19136396e-312
 3.24000 3.19627222e-312
 3.24500 3.20132255e-312
 3.25000 3.20646055e-312
 3.25500 3.21163182e-312
 3.26000 3.21678196e-312
 3.26500 3.22185657e-312
 3.27000 3.22680124e-312
 3.27500 3.23156158e-312
 3.28000 3.23608318e-312
 3.28500 3.24031964e-312
 3.29000 3.24428646e-312
 3.29500 3.24802801e-312
 3.30000 3.25158885e-312
 3.30500 3.25501351e-312
 3.31000 3.25834655e-312
 3.31500 3.26163251e-312
 3.32000 3.26491592e-312
 3.32500 3.26824135e-312
 3.33000 3.27165230e-312
 3.33500 3.27516074e-312
 3.34000 3.27874173e-312
 3.34500 3.28236824e-312
 3.35000 3.28601324e-312
 3.35500 3.28964970e-312
 3.36000 3.29325058e-312
 3.36500 3.29678886e-312
 3.37000 3.30023750e-312
 3.37500 3.30356949e-312
 3.38000 3.30676700e-312
 3.38500 3.30983991e-312
 3.39000 3.31280335e-312
 3.39500 3.31567240e-312
 3.40000 3.31846218e-312
 3.40500 3.32118778e-312
 3.41000 3.32386431e-312
 3.41500 3.32650688e-312
 3.42000 3.32913057e-312
 3.42500 3.33175051e-312
 3.43000 3.33438178e-312
 3.43500 3.33703950e-312
 3.44000 3.33973876e-312
 3.44500 3.34249467e-312
