55459.607 8.57276e-21
55459.707 8.67468e-21
55459.807 8.78280e-21
55459.907 8.89751e-21
55460.007 9.01919e-21
55460.107 9.14824e-21
55460.207 9.28504e-21
55460.307 9.42999e-21
55460.407 9.58341e-21
55460.507 9.74562e-21
55460.607 9.91686e-21
55460.707 1.00973e-20
55460.807 1.02869e-20
55460.907 1.04855e-20
55461.007 1.06928e-20
55461.107 1.09082e-20
55461.207 1.11308e-20
55461.307 1.13593e-20
55461.407 1.15921e-20
55461.507 1.18271e-20
55461.607 1.20619e-20
55461.707 1.22936e-20
55461.807 1.25191e-20
55461.907 1.27349e-20
55462.007 1.29376e-20
55462.107 1.31239e-20
55462.207 1.32908e-20
55462.307 1.34359e-20
55462.407 1.35575e-20
55462.507 1.36550e-20
55462.607 1.37286e-20
55462.707 1.37796e-20
55462.807 1.38102e-20
55462.907 1.38236e-20
55463.007 1.38235e-20
55463.107 1.38142e-20
55463.207 1.38002e-20
55463.307 1.37863e-20
55463.407 1.37772e-20
55463.507 1.37779e-20
55463.607 1.37929e-20
55463.707 1.38271e-20
55463.807 1.38850e-20
55463.907 1.39712e-20
55464.007 1.40902e-20
55464.107 1.42462e-20
55464.207 1.44426e-20
55464.307 1.46817e-20
55464.407 1.49635e-20
55464.507 1.52842e-20
55464.607 1.56345e-20
55464.707 1.59978e-20
55464.807 1.63494e-20
55464.907 1.66571e-20
55465.007 1.68859e-20
55465.107 1.70053e-20
55465.207 1.69971e-20
55465.307 1.68613e-20
55465.407 1.66156e-20
55465.507 1.62894e-20
55465.607 1.59162e-20
55465.707 1.55261e-20
55465.807 1.51425e-20
55465.907 1.47810e-20
55466.007 1.44507e-20
55466.107 1.41554e-20
55466.207 1.38958e-20
55466.307 1.36702e-20
55466.407 1.34763e-20
55466.507 1.33110e-20
55466.607 1.31713e-20
55466.707 1.30543e-20
55466.807 1.29572e-20
55466.907 1.28777e-20
55467.007 1.28137e-20
55467.107 1.27633e-20
55467.207 1.27249e-20
55467.307 1.26972e-20
55467.407 1.26789e-20
55467.507 1.26690e-20
55467.607 1.26666e-20
55467.707 1.26708e-20
55467.807 1.26811e-20
55467.907 1.26969e-20
55468.007 1.27175e-20
55468.107 1.27425e-20
55468.207 1.27716e-20
55468.307 1.28044e-20
55468.407 1.28405e-20
55468.507 1.28797e-20
55468.607 1.29217e-20
55468.707 1.29663e-20
55468.807 1.30133e-20
55468.907 1.30624e-20
55469.007 1.31135e-20
55469.107 1.31665e-20
55469.207 1.32212e-20
55469.307 1.32774e-20
55469.407 1.33350e-20
55469.507 1.33939e-20
55469.607 1.34539e-20
55469.707 1.35150e-20
55469.807 1.35770e-20
55469.907 1.36398e-20
55470.007 1.37033e-20
55470.107 1.37674e-20
55470.207 1.38320e-20
55470.307 1.38969e-20
55470.407 1.39620e-20
55470.507 1.40272e-20
55470.607 1.40924e-20
55470.707 1.41575e-20
55470.807 1.42222e-20
55470.907 1.42866e-20
55471.007 1.43504e-20
55471.107 1.44134e-20
55471.207 1.44756e-20
55471.307 1.45368e-20
55471.407 1.45968e-20
55471.507 1.46553e-20
55471.607 1.47124e-20
55471.707 1.47677e-20
55471.807 1.48211e-20
55471.907 1.48725e-20
55472.007 1.49215e-20
55472.107 1.49680e-20
55472.207 1.50119e-20
55472.307 1.50529e-20
55472.407 1.50909e-20
55472.507 1.51256e-20
55472.607 1.51569e-20
55472.707 1.51846e-20
55472.807 1.52086e-20
55472.907 1.52286e-20
55473.007 1.52445e-20
55473.107 1.52563e-20
55473.207 1.52637e-20
55473.307 1.52668e-20
55473.407 1.52653e-20
55473.507 1.52592e-20
55473.607 1.52485e-20
55473.707 1.52331e-20
55473.807 1.52131e-20
55473.907 1.51884e-20
55474.007 1.51591e-20
55474.107 1.51251e-20
55474.207 1.50867e-20
55474.307 1.50437e-20
55474.407 1.49965e-20
55474.507 1.49450e-20
55474.607 1.48894e-20
55474.707 1.48298e-20
55474.807 1.47665e-20
55474.907 1.46995e-20
55475.007 1.46290e-20
55475.107 1.45553e-20
55475.207 1.44785e-20
55475.307 1.43989e-20
55475.407 1.43165e-20
55475.507 1.42317e-20
55475.607 1.41446e-20
55475.707 1.40555e-20
55475.807 1.39645e-20
55475.907 1.38718e-20
55476.007 1.37777e-20
55476.107 1.36823e-20
55476.207 1.35858e-20
55476.307 1.34884e-20
55476.407 1.33904e-20
55476.507 1.32918e-20
55476.607 1.31928e-20
55476.707 1.30937e-20
55476.807 1.29945e-20
55476.907 1.28954e-20
55477.007 1.27966e-20
55477.107 1.26982e-20
55477.207 1.26004e-20
55477.307 1.25032e-20
55477.407 1.24068e-20
55477.507 1.23113e-20
55477.607 1.22168e-20
55477.707 1.21235e-20
55477.807 1.20315e-20
55477.907 1.19409e-20
55478.007 1.18518e-20
55478.107 1.17643e-20
55478.207 1.16787e-20
55478.307 1.15949e-20
55478.407 1.15133e-20
55478.507 1.14340e-20
55478.607 1.13572e-20
55478.707 1.12833e-20
55478.807 1.12125e-20
55478.907 1.11455e-20
55479.007 1.10829e-20
55479.107 1.10261e-20
55479.207 1.09749e-20
55479.307 1.09305e-20
55479.407 1.08974e-20
55479.507 1.08790e-20
55479.607 1.08815e-20
55479.707 1.09161e-20
55479.807 1.10030e-20
55479.907 1.11828e-20
55480.007 1.15449e-20
55480.107 1.23109e-20
55480.207 1.40724e-20
55480.307 1.76228e-20
55480.407 1.84509e-20
55480.507 1.59781e-20
55480.607 1.83198e-20
55480.707 4.24103e-20
55480.807 2.11079e-20
55480.907 1.30643e-20
55481.007 1.12665e-20
55481.107 1.05795e-20
55481.207 1.02281e-20
55481.307 1.00137e-20
55481.407 9.86673e-21
55481.507 9.75749e-21
55481.607 9.67144e-21
55481.707 9.60075e-21
55481.807 9.54088e-21
55481.907 9.48902e-21
55482.007 9.44339e-21
55482.107 9.40277e-21
55482.207 9.36634e-21
55482.307 9.33352e-21
55482.407 9.30386e-21
55482.507 9.27706e-21
55482.607 9.25289e-21
55482.707 9.23116e-21
55482.807 9.21174e-21
55482.907 9.19452e-21
55483.007 9.17941e-21
55483.107 9.16635e-21
55483.207 9.15528e-21
55483.307 9.14618e-21
55483.407 9.13900e-21
55483.507 9.13371e-21
55483.607 9.13031e-21
55483.707 9.12878e-21
55483.807 9.12911e-21
55483.907 9.13129e-21
55484.007 9.13533e-21
55484.107 9.14122e-21
55484.207 9.14897e-21
55484.307 9.15857e-21
55484.407 9.17005e-21
55484.507 9.18341e-21
55484.607 9.19865e-21
55484.707 9.21580e-21
55484.807 9.23486e-21
55484.907 9.25586e-21
55485.007 9.27881e-21
55485.107 9.30372e-21
55485.207 9.33063e-21
55485.307 9.35954e-21
55485.407 9.39049e-21
55485.507 9.42349e-21
55485.607 9.45858e-21
55485.707 9.49578e-21
55485.807 9.53511e-21
55485.907 9.57661e-21
55486.007 9.62030e-21
55486.107 9.66622e-21
55486.207 9.71440e-21
55486.307 9.76488e-21
55486.407 9.81768e-21
55486.507 9.87285e-21
55486.607 9.93042e-21
55486.707 9.99043e-21
55486.807 1.00529e-20
55486.907 1.01179e-20
55487.007 1.01855e-20
55487.107 1.02557e-20
55487.207 1.03286e-20
55487.307 1.04041e-20
55487.407 1.04824e-20
55487.507 1.05634e-20
55487.607 1.06473e-20
55487.707 1.07341e-20
55487.807 1.08239e-20
55487.907 1.09166e-20
55488.007 1.10123e-20
55488.107 1.11112e-20
55488.207 1.12132e-20
55488.307 1.13184e-20
55488.407 1.14268e-20
55488.507 1.15385e-20
55488.607 1.16536e-20
55488.707 1.17721e-20
55488.807 1.18941e-20
55488.907 1.20196e-20
55489.007 1.21486e-20
55489.107 1.22813e-20
55489.207 1.24176e-20
55489.307 1.25577e-20
55489.407 1.27015e-20
55489.507 1.28491e-20
55489.607 1.30006e-20
55489.707 1.31559e-20
55489.807 1.33153e-20
55489.907 1.34785e-20
55490.007 1.36458e-20
55490.107 1.38171e-20
55490.207 1.39925e-20
55490.307 1.41720e-20
55490.407 1.43555e-20
55490.507 1.45432e-20
55490.607 1.47350e-20
55490.707 1.49309e-20
55490.807 1.51309e-20
55490.907 1.53350e-20
55491.007 1.55432e-20
55491.107 1.57554e-20
55491.207 1.59717e-20
55491.307 1.61919e-20
55491.407 1.64160e-20
55491.507 1.66440e-20
55491.607 1.68758e-20
55491.707 1.71113e-20
55491.807 1.73504e-20
55491.907 1.75930e-20
55492.007 1.78390e-20
55492.107 1.80883e-20
55492.207 1.83408e-20
55492.307 1.85962e-20
55492.407 1.88546e-20
55492.507 1.91157e-20
55492.607 1.93794e-20
55492.707 1.96454e-20
55492.807 1.99137e-20
55492.907 2.01840e-20
55493.007 2.04562e-20
55493.107 2.07300e-20
55493.207 2.10054e-20
55493.307 2.12820e-20
55493.407 2.15598e-20
55493.507 2.18385e-20
55493.607 2.21180e-20
55493.707 2.23982e-20
55493.807 2.26788e-20
55493.907 2.29597e-20
55494.007 2.32407e-20
55494.107 2.35219e-20
55494.207 2.38030e-20
55494.307 2.40840e-20
55494.407 2.43649e-20
55494.507 2.46455e-20
55494.607 2.49258e-20
55494.707 2.52059e-20
55494.807 2.54857e-20
55494.907 2.57653e-20
55495.007 2.60446e-20
55495.107 2.63238e-20
55495.207 2.66028e-20
55495.307 2.68818e-20
55495.407 2.71606e-20
55495.507 2.74395e-20
55495.607 2.77182e-20
55495.707 2.79969e-20
55495.807 2.82754e-20
55495.907 2.85535e-20
55496.007 2.88312e-20
55496.107 2.91080e-20
55496.207 2.93836e-20
55496.307 2.96576e-20
55496.407 2.99292e-20
55496.507 3.01977e-20
55496.607 3.04623e-20
55496.707 3.07218e-20
55496.807 3.09750e-20
55496.907 3.12205e-20
55497.007 3.14566e-20
55497.107 3.16816e-20
55497.207 3.18935e-20
55497.307 3.20902e-20
55497.407 3.22695e-20
55497.507 3.24289e-20
55497.607 3.25661e-20
55497.707 3.26787e-20
55497.807 3.27643e-20
55497.907 3.28207e-20
55498.007 3.28458e-20
55498.107 3.28378e-20
55498.207 3.27953e-20
55498.307 3.27171e-20
55498.407 3.26026e-20
55498.507 3.24513e-20
55498.607 3.22637e-20
55498.707 3.20403e-20
55498.807 3.17824e-20
55498.907 3.14913e-20
55499.007 3.11691e-20
55499.107 3.08180e-20
55499.207 3.04404e-20
55499.307 3.00390e-20
55499.407 2.96165e-20
55499.507 2.91757e-20
55499.607 2.87194e-20
55499.707 2.82504e-20
55499.807 2.77712e-20
55499.907 2.72845e-20
55500.007 2.67925e-20
55500.107 2.62974e-20
55500.207 2.58013e-20
55500.307 2.53058e-20
55500.407 2.48126e-20
55500.507 2.43232e-20
55500.607 2.38388e-20
55500.707 2.33605e-20
55500.807 2.28893e-20
55500.907 2.24258e-20
55501.007 2.19708e-20
55501.107 2.15248e-20
55501.207 2.10883e-20
55501.307 2.06614e-20
55501.407 2.02446e-20
55501.507 1.98380e-20
55501.607 1.94416e-20
55501.707 1.90555e-20
55501.807 1.86797e-20
55501.907 1.83141e-20
55502.007 1.79587e-20
55502.107 1.76133e-20
55502.207 1.72778e-20
55502.307 1.69520e-20
55502.407 1.66357e-20
55502.507 1.63288e-20
55502.607 1.60310e-20
55502.707 1.57421e-20
55502.807 1.54619e-20
55502.907 1.51902e-20
55503.007 1.49267e-20
55503.107 1.46712e-20
55503.207 1.44236e-20
55503.307 1.41834e-20
55503.407 1.39506e-20
55503.507 1.37250e-20
55503.607 1.35063e-20
55503.707 1.32942e-20
55503.807 1.30887e-20
55503.907 1.28895e-20
55504.007 1.26964e-20
55504.107 1.25092e-20
55504.207 1.23278e-20
55504.307 1.21520e-20
55504.407 1.19815e-20
55504.507 1.18164e-20
55504.607 1.16563e-20
55504.707 1.15012e-20
55504.807 1.13509e-20
55504.907 1.12052e-20
55505.007 1.10641e-20
55505.107 1.09274e-20
55505.207 1.07950e-20
55505.307 1.06668e-20
55505.407 1.05426e-20
55505.507 1.04224e-20
55505.607 1.03061e-20
55505.707 1.01935e-20
55505.807 1.00846e-20
55505.907 9.97934e-21
55506.007 9.87757e-21
55506.107 9.77925e-21
55506.207 9.68430e-21
55506.307 9.59265e-21
55506.407 9.50425e-21
55506.507 9.41905e-21
55506.607 9.33697e-21
55506.707 9.25799e-21
55506.807 9.18205e-21
55506.907 9.10911e-21
55507.007 9.03914e-21
55507.107 8.97211e-21
55507.207 8.90799e-21
55507.307 8.84675e-21
55507.407 8.78837e-21
55507.507 8.73285e-21
55507.607 8.68016e-21
55507.707 8.63030e-21
55507.807 8.58327e-21
55507.907 8.53907e-21
55508.007 8.49770e-21
55508.107 8.45918e-21
55508.207 8.42350e-21
55508.307 8.39070e-21
55508.407 8.36079e-21
55508.507 8.33379e-21
55508.607 8.30973e-21
55508.707 8.28865e-21
55508.807 8.27058e-21
55508.907 8.25556e-21
55509.007 8.24363e-21
55509.107 8.23483e-21
55509.207 8.22921e-21
55509.307 8.22682e-21
55509.407 8.22771e-21
55509.507 8.23193e-21
55509.607 8.23954e-21
55509.707 8.25058e-21
55509.807 8.26511e-21
55509.907 8.28317e-21
55510.007 8.30481e-21
55510.107 8.33008e-21
55510.207 8.35901e-21
55510.307 8.39163e-21
55510.407 8.42796e-21
55510.507 8.46803e-21
55510.607 8.51182e-21
55510.707 8.55935e-21
55510.807 8.61060e-21
55510.907 8.66555e-21
55511.007 8.72417e-21
55511.107 8.78641e-21
55511.207 8.85225e-21
55511.307 8.92166e-21
55511.407 8.99461e-21
55511.507 9.07112e-21
55511.607 9.15123e-21
55511.707 9.23505e-21
55511.807 9.32277e-21
55511.907 9.41471e-21
55512.007 9.51137e-21
55512.107 9.61344e-21
55512.207 9.72194e-21
55512.307 9.83827e-21
55512.407 9.96440e-21
55512.507 1.01030e-20
55512.607 1.02576e-20
55512.707 1.04333e-20
55512.807 1.06369e-20
55512.907 1.08778e-20
55513.007 1.11693e-20
55513.107 1.15301e-20
55513.207 1.19877e-20
55513.307 1.25828e-20
55513.407 1.33770e-20
55513.507 1.44663e-20
55513.607 1.60023e-20
55513.707 1.82253e-20
55513.807 2.14983e-20
55513.907 2.62692e-20
55514.007 3.26603e-20
55514.107 3.91483e-20
55514.207 4.16794e-20
55514.307 3.80490e-20
55514.407 3.15328e-20
55514.507 2.56528e-20
55514.607 2.13712e-20
55514.707 1.84421e-20
55514.807 1.64503e-20
55514.907 1.50786e-20
55515.007 1.41184e-20
55515.107 1.34363e-20
55515.207 1.29461e-20
55515.307 1.25907e-20
55515.407 1.23305e-20
55515.507 1.21367e-20
55515.607 1.19879e-20
55515.707 1.18670e-20
55515.807 1.17605e-20
55515.907 1.16576e-20
55516.007 1.15497e-20
55516.107 1.14311e-20
55516.207 1.12978e-20
55516.307 1.11486e-20
55516.407 1.09837e-20
55516.507 1.08051e-20
55516.607 1.06158e-20
55516.707 1.04191e-20
55516.807 1.02187e-20
55516.907 1.00180e-20
55517.007 9.81992e-21
55517.107 9.62689e-21
55517.207 9.44079e-21
55517.307 9.26298e-21
55517.407 9.09436e-21
55517.507 8.93541e-21
55517.607 8.78633e-21
55517.707 8.64708e-21
55517.807 8.51745e-21
55517.907 8.39709e-21
55518.007 8.28560e-21
55518.107 8.18254e-21
55518.207 8.08743e-21
55518.307 7.99979e-21
55518.407 7.91917e-21
55518.507 7.84512e-21
55518.607 7.77720e-21
55518.707 7.71503e-21
55518.807 7.65824e-21
55518.907 7.60647e-21
55519.007 7.55942e-21
55519.107 7.51679e-21
55519.207 7.47832e-21
55519.307 7.44376e-21
55519.407 7.41289e-21
55519.507 7.38551e-21
55519.607 7.36143e-21
55519.707 7.34048e-21
55519.807 7.32252e-21
55519.907 7.30740e-21
55520.007 7.29499e-21
55520.107 7.28519e-21
55520.207 7.27787e-21
55520.307 7.27296e-21
55520.407 7.27037e-21
55520.507 7.27000e-21
55520.607 7.27181e-21
55520.707 7.27571e-21
55520.807 7.28165e-21
55520.907 7.28958e-21
55521.007 7.29944e-21
55521.107 7.31120e-21
55521.207 7.32482e-21
55521.307 7.34025e-21
55521.407 7.35747e-21
55521.507 7.37645e-21
55521.607 7.39716e-21
55521.707 7.41958e-21
55521.807 7.44368e-21
55521.907 7.46945e-21
55522.007 7.49688e-21
55522.107 7.52594e-21
55522.207 7.55662e-21
55522.307 7.58892e-21
55522.407 7.62283e-21
55522.507 7.65833e-21
55522.607 7.69542e-21
55522.707 7.73410e-21
55522.807 7.77436e-21
55522.907 7.81621e-21
55523.007 7.85963e-21
55523.107 7.90464e-21
55523.207 7.95123e-21
55523.307 7.99940e-21
55523.407 8.04916e-21
55523.507 8.10051e-21
55523.607 8.15346e-21
55523.707 8.20801e-21
55523.807 8.26418e-21
55523.907 8.32196e-21
55524.007 8.38137e-21
55524.107 8.44242e-21
55524.207 8.50511e-21
55524.307 8.56945e-21
55524.407 8.63547e-21
55524.507 8.70316e-21
55524.607 8.77255e-21
55524.707 8.84364e-21
55524.807 8.91644e-21
55524.907 8.99098e-21
55525.007 9.06726e-21
55525.107 9.14530e-21
55525.207 9.22511e-21
55525.307 9.30670e-21
55525.407 9.39010e-21
55525.507 9.47531e-21
55525.607 9.56235e-21
55525.707 9.65123e-21
55525.807 9.74196e-21
55525.907 9.83457e-21
55526.007 9.92906e-21
55526.107 1.00254e-20
55526.207 1.01237e-20
55526.307 1.02239e-20
55526.407 1.03261e-20
55526.507 1.04301e-20
55526.607 1.05361e-20
55526.707 1.06441e-20
55526.807 1.07540e-20
55526.907 1.08658e-20
55527.007 1.09797e-20
55527.107 1.10954e-20
55527.207 1.12131e-20
55527.307 1.13328e-20
55527.407 1.14544e-20
55527.507 1.15780e-20
55527.607 1.17034e-20
55527.707 1.18308e-20
55527.807 1.19601e-20
55527.907 1.20913e-20
55528.007 1.22244e-20
55528.107 1.23595e-20
55528.207 1.24964e-20
55528.307 1.26352e-20
55528.407 1.27759e-20
55528.507 1.29186e-20
55528.607 1.30633e-20
55528.707 1.32099e-20
55528.807 1.33586e-20
55528.907 1.35093e-20
55529.007 1.36621e-20
55529.107 1.38169e-20
55529.207 1.39739e-20
55529.307 1.41330e-20
55529.407 1.42943e-20
55529.507 1.44576e-20
55529.607 1.46231e-20
55529.707 1.47907e-20
55529.807 1.49604e-20
55529.907 1.51321e-20
55530.007 1.53059e-20
55530.107 1.54817e-20
55530.207 1.56595e-20
55530.307 1.58392e-20
55530.407 1.60210e-20
55530.507 1.62047e-20
55530.607 1.63904e-20
55530.707 1.65782e-20
55530.807 1.67680e-20
55530.907 1.69600e-20
55531.007 1.71544e-20
55531.107 1.73512e-20
55531.207 1.75509e-20
55531.307 1.77537e-20
55531.407 1.79601e-20
55531.507 1.81711e-20
55531.607 1.83876e-20
55531.707 1.86108e-20
55531.807 1.88431e-20
55531.907 1.90884e-20
55532.007 1.93524e-20
55532.107 1.96449e-20
55532.207 1.99819e-20
55532.307 2.03948e-20
55532.407 2.09474e-20
55532.507 2.17846e-20
55532.607 2.32743e-20
55532.707 2.64139e-20
55532.807 3.25787e-20
55532.907 3.48876e-20
55533.007 3.46852e-20
55533.107 3.46869e-20
55533.207 2.67335e-20
55533.307 2.42838e-20
55533.407 2.34703e-20
55533.507 2.31731e-20
55533.607 2.30900e-20
55533.707 2.31128e-20
55533.807 2.31946e-20
55533.907 2.33117e-20
55534.007 2.34513e-20
55534.107 2.36057e-20
55534.207 2.37701e-20
55534.307 2.39410e-20
55534.407 2.41164e-20
55534.507 2.42943e-20
55534.607 2.44734e-20
55534.707 2.46525e-20
55534.807 2.48307e-20
55534.907 2.50071e-20
55535.007 2.51807e-20
55535.107 2.53508e-20
55535.207 2.55164e-20
55535.307 2.56769e-20
55535.407 2.58313e-20
55535.507 2.59787e-20
55535.607 2.61184e-20
55535.707 2.62493e-20
55535.807 2.63708e-20
55535.907 2.64818e-20
55536.007 2.65815e-20
55536.107 2.66691e-20
55536.207 2.67437e-20
55536.307 2.68047e-20
55536.407 2.68512e-20
55536.507 2.68827e-20
55536.607 2.68987e-20
55536.707 2.68986e-20
55536.807 2.68821e-20
55536.907 2.68489e-20
55537.007 2.67991e-20
55537.107 2.67324e-20
55537.207 2.66492e-20
55537.307 2.65495e-20
55537.407 2.64338e-20
55537.507 2.63024e-20
55537.607 2.61561e-20
55537.707 2.59954e-20
55537.807 2.58211e-20
55537.907 2.56339e-20
55538.007 2.54348e-20
55538.107 2.52246e-20
55538.207 2.50043e-20
55538.307 2.47747e-20
55538.407 2.45370e-20
55538.507 2.42920e-20
55538.607 2.40406e-20
55538.707 2.37839e-20
55538.807 2.35226e-20
55538.907 2.32576e-20
55539.007 2.29898e-20
55539.107 2.27200e-20
55539.207 2.24488e-20
55539.307 2.21770e-20
55539.407 2.19052e-20
55539.507 2.16340e-20
55539.607 2.13640e-20
55539.707 2.10957e-20
55539.807 2.08294e-20
55539.907 2.05657e-20
55540.007 2.03050e-20
55540.107 2.00475e-20
55540.207 1.97935e-20
55540.307 1.95434e-20
55540.407 1.92974e-20
55540.507 1.90556e-20
55540.607 1.88183e-20
55540.707 1.85855e-20
55540.807 1.83575e-20
55540.907 1.81344e-20
55541.007 1.79161e-20
55541.107 1.77029e-20
55541.207 1.74947e-20
55541.307 1.72915e-20
55541.407 1.70935e-20
55541.507 1.69006e-20
55541.607 1.67128e-20
55541.707 1.65301e-20
55541.807 1.63525e-20
55541.907 1.61800e-20
55542.007 1.60125e-20
55542.107 1.58501e-20
55542.207 1.56926e-20
55542.307 1.55401e-20
55542.407 1.53924e-20
55542.507 1.52496e-20
55542.607 1.51116e-20
55542.707 1.49784e-20
55542.807 1.48498e-20
55542.907 1.47260e-20
55543.007 1.46067e-20
55543.107 1.44919e-20
55543.207 1.43817e-20
55543.307 1.42759e-20
55543.407 1.41745e-20
55543.507 1.40775e-20
55543.607 1.39848e-20
55543.707 1.38963e-20
55543.807 1.38122e-20
55543.907 1.37321e-20
55544.007 1.36563e-20
55544.107 1.35846e-20
55544.207 1.35170e-20
55544.307 1.34534e-20
55544.407 1.33939e-20
55544.507 1.33383e-20
55544.607 1.32868e-20
55544.707 1.32393e-20
55544.807 1.31957e-20
55544.907 1.31560e-20
55545.007 1.31203e-20
55545.107 1.30885e-20
55545.207 1.30607e-20
55545.307 1.30368e-20
55545.407 1.30168e-20
55545.507 1.30007e-20
55545.607 1.29886e-20
55545.707 1.29805e-20
55545.807 1.29763e-20
55545.907 1.29762e-20
55546.007 1.29801e-20
55546.107 1.29881e-20
55546.207 1.30002e-20
55546.307 1.30162e-20
55546.407 1.30363e-20
55546.507 1.30605e-20
55546.607 1.30888e-20
55546.707 1.31215e-20
55546.807 1.31584e-20
55546.907 1.31999e-20
55547.007 1.32458e-20
55547.107 1.32962e-20
55547.207 1.33513e-20
55547.307 1.34110e-20
55547.407 1.34755e-20
55547.507 1.35449e-20
55547.607 1.36192e-20
55547.707 1.36986e-20
55547.807 1.37831e-20
55547.907 1.38728e-20
55548.007 1.39679e-20
55548.107 1.40685e-20
55548.207 1.41747e-20
55548.307 1.42867e-20
55548.407 1.44045e-20
55548.507 1.45284e-20
55548.607 1.46585e-20
55548.707 1.47949e-20
55548.807 1.49378e-20
55548.907 1.50874e-20
55549.007 1.52439e-20
55549.107 1.54075e-20
55549.207 1.55783e-20
55549.307 1.57566e-20
55549.407 1.59426e-20
55549.507 1.61365e-20
55549.607 1.63386e-20
55549.707 1.65491e-20
55549.807 1.67682e-20
55549.907 1.69962e-20
55550.007 1.72334e-20
55550.107 1.74800e-20
55550.207 1.77364e-20
55550.307 1.80029e-20
55550.407 1.82797e-20
55550.507 1.85672e-20
55550.607 1.88658e-20
55550.707 1.91757e-20
55550.807 1.94973e-20
55550.907 1.98310e-20
55551.007 2.01772e-20
55551.107 2.05362e-20
55551.207 2.09085e-20
55551.307 2.12944e-20
55551.407 2.16945e-20
55551.507 2.21090e-20
55551.607 2.25384e-20
55551.707 2.29833e-20
55551.807 2.34440e-20
55551.907 2.39211e-20
55552.007 2.44150e-20
55552.107 2.49263e-20
55552.207 2.54556e-20
55552.307 2.60032e-20
55552.407 2.65699e-20
55552.507 2.71563e-20
55552.607 2.77630e-20
55552.707 2.83906e-20
55552.807 2.90400e-20
55552.907 2.97119e-20
55553.007 3.04073e-20
55553.107 3.11270e-20
55553.207 3.18723e-20
55553.307 3.26443e-20
55553.407 3.34444e-20
55553.507 3.42743e-20
55553.607 3.51358e-20
55553.707 3.60309e-20
55553.807 3.69622e-20
55553.907 3.79324e-20
55554.007 3.89449e-20
55554.107 4.00033e-20
55554.207 4.11119e-20
55554.307 4.22752e-20
55554.407 4.34984e-20
55554.507 4.47866e-20
55554.607 4.61451e-20
55554.707 4.75784e-20
55554.807 4.90895e-20
55554.907 5.06786e-20
55555.007 5.23418e-20
55555.107 5.40685e-20
55555.207 5.58393e-20
55555.307 5.76241e-20
55555.407 5.93811e-20
55555.507 6.10578e-20
55555.607 6.25961e-20
55555.707 6.39402e-20
55555.807 6.50466e-20
55555.907 6.58944e-20
55556.007 6.64904e-20
55556.107 6.68686e-20
55556.207 6.70843e-20
55556.307 6.72040e-20
55556.407 6.72973e-20
55556.507 6.74296e-20
55556.607 6.76603e-20
55556.707 6.80426e-20
55556.807 6.86265e-20
55556.907 6.94628e-20
55557.007 7.06074e-20
55557.107 7.21252e-20
55557.207 7.40914e-20
55557.307 7.65864e-20
55557.407 7.96759e-20
55557.507 8.33633e-20
55557.607 8.75079e-20
55557.707 9.17378e-20
55557.807 9.54594e-20
55557.907 9.80432e-20
55558.007 9.90615e-20
55558.107 9.83789e-20
55558.207 9.61679e-20
55558.307 9.29102e-20
55558.407 8.92286e-20
55558.507 8.56258e-20
55558.607 8.23638e-20
55558.707 7.95070e-20
55558.807 7.70137e-20
55558.907 7.48045e-20
55559.007 7.27981e-20
55559.107 7.09259e-20
55559.207 6.91358e-20
55559.307 6.73906e-20
55559.407 6.56664e-20
55559.507 6.39491e-20
55559.607 6.22325e-20
55559.707 6.05157e-20
55559.807 5.88012e-20
55559.907 5.70939e-20
55560.007 5.54000e-20
55560.107 5.37257e-20
55560.207 5.20773e-20
55560.307 5.04605e-20
55560.407 4.88800e-20
55560.507 4.73401e-20
55560.607 4.58440e-20
55560.707 4.43941e-20
55560.807 4.29921e-20
55560.907 4.16390e-20
55561.007 4.03352e-20
55561.107 3.90808e-20
55561.207 3.78752e-20
55561.307 3.67177e-20
55561.407 3.56073e-20
55561.507 3.45427e-20
55561.607 3.35226e-20
55561.707 3.25454e-20
55561.807 3.16096e-20
55561.907 3.07136e-20
55562.007 2.98557e-20
55562.107 2.90344e-20
55562.207 2.82481e-20
55562.307 2.74951e-20
55562.407 2.67741e-20
55562.507 2.60834e-20
55562.607 2.54216e-20
55562.707 2.47875e-20
55562.807 2.41796e-20
55562.907 2.35967e-20
55563.007 2.30376e-20
55563.107 2.25012e-20
55563.207 2.19863e-20
55563.307 2.14919e-20
55563.407 2.10171e-20
55563.507 2.05608e-20
55563.607 2.01223e-20
55563.707 1.97006e-20
55563.807 1.92950e-20
55563.907 1.89048e-20
55564.007 1.85291e-20
55564.107 1.81673e-20
55564.207 1.78189e-20
55564.307 1.74831e-20
55564.407 1.71594e-20
55564.507 1.68473e-20
55564.607 1.65462e-20
55564.707 1.62557e-20
55564.807 1.59754e-20
55564.907 1.57047e-20
55565.007 1.54432e-20
55565.107 1.51906e-20
55565.207 1.49465e-20
55565.307 1.47105e-20
55565.407 1.44824e-20
55565.507 1.42617e-20
55565.607 1.40482e-20
55565.707 1.38417e-20
55565.807 1.36417e-20
55565.907 1.34481e-20
55566.007 1.32607e-20
55566.107 1.30791e-20
55566.207 1.29032e-20
55566.307 1.27327e-20
55566.407 1.25675e-20
55566.507 1.24074e-20
55566.607 1.22522e-20
55566.707 1.21016e-20
55566.807 1.19556e-20
55566.907 1.18140e-20
55567.007 1.16766e-20
55567.107 1.15432e-20
55567.207 1.14139e-20
55567.307 1.12883e-20
55567.407 1.11664e-20
55567.507 1.10481e-20
55567.607 1.09332e-20
55567.707 1.08217e-20
55567.807 1.07134e-20
55567.907 1.06083e-20
55568.007 1.05062e-20
55568.107 1.04070e-20
55568.207 1.03107e-20
55568.307 1.02171e-20
55568.407 1.01263e-20
55568.507 1.00381e-20
55568.607 9.95235e-21
55568.707 9.86912e-21
55568.807 9.78829e-21
55568.907 9.70979e-21
55569.007 9.63357e-21
55569.107 9.55956e-21
55569.207 9.48771e-21
55569.307 9.41797e-21
55569.407 9.35028e-21
55569.507 9.28461e-21
55569.607 9.22090e-21
55569.707 9.15911e-21
55569.807 9.09921e-21
55569.907 9.04116e-21
55570.007 8.98491e-21
55570.107 8.93045e-21
55570.207 8.87772e-21
55570.307 8.82671e-21
55570.407 8.77738e-21
55570.507 8.72971e-21
55570.607 8.68366e-21
55570.707 8.63921e-21
55570.807 8.59634e-21
55570.907 8.55500e-21
55571.007 8.51519e-21
55571.107 8.47687e-21
55571.207 8.44002e-21
55571.307 8.40462e-21
55571.407 8.37064e-21
55571.507 8.33805e-21
55571.607 8.30685e-21
55571.707 8.27699e-21
55571.807 8.24848e-21
55571.907 8.22127e-21
55572.007 8.19536e-21
55572.107 8.17073e-21
55572.207 8.14736e-21
55572.307 8.12524e-21
55572.407 8.10434e-21
55572.507 8.08466e-21
55572.607 8.06618e-21
55572.707 8.04889e-21
55572.807 8.03278e-21
55572.907 8.01783e-21
55573.007 8.00404e-21
55573.107 7.99140e-21
55573.207 7.97989e-21
55573.307 7.96952e-21
55573.407 7.96027e-21
55573.507 7.95214e-21
55573.607 7.94513e-21
55573.707 7.93922e-21
55573.807 7.93441e-21
55573.907 7.93070e-21
55574.007 7.92809e-21
55574.107 7.92657e-21
55574.207 7.92615e-21
55574.307 7.92682e-21
55574.407 7.92858e-21
55574.507 7.93143e-21
55574.607 7.93537e-21
55574.707 7.94040e-21
55574.807 7.94653e-21
55574.907 7.95375e-21
55575.007 7.96208e-21
55575.107 7.97150e-21
55575.207 7.98204e-21
55575.307 7.99369e-21
55575.407 8.00645e-21
55575.507 8.02034e-21
55575.607 8.03536e-21
55575.707 8.05151e-21
55575.807 8.06882e-21
55575.907 8.08727e-21
55576.007 8.10689e-21
55576.107 8.12769e-21
55576.207 8.14966e-21
55576.307 8.17284e-21
55576.407 8.19722e-21
55576.507 8.22282e-21
55576.607 8.24966e-21
55576.707 8.27775e-21
55576.807 8.30711e-21
55576.907 8.33775e-21
55577.007 8.36970e-21
55577.107 8.40297e-21
55577.207 8.43758e-21
55577.307 8.47355e-21
55577.407 8.51091e-21
55577.507 8.54968e-21
55577.607 8.58988e-21
55577.707 8.63155e-21
55577.807 8.67471e-21
55577.907 8.71939e-21
55578.007 8.76563e-21
55578.107 8.81344e-21
55578.207 8.86288e-21
55578.307 8.91397e-21
55578.407 8.96676e-21
55578.507 9.02127e-21
55578.607 9.07756e-21
55578.707 9.13567e-21
55578.807 9.19563e-21
55578.907 9.25749e-21
55579.007 9.32131e-21
55579.107 9.38712e-21
55579.207 9.45498e-21
55579.307 9.52493e-21
55579.407 9.59704e-21
55579.507 9.67135e-21
55579.607 9.74791e-21
55579.707 9.82679e-21
55579.807 9.90803e-21
55579.907 9.99170e-21
55580.007 1.00778e-20
55580.107 1.01665e-20
55580.207 1.02578e-20
55580.307 1.03517e-20
55580.407 1.04484e-20
55580.507 1.05478e-20
55580.607 1.06500e-20
55580.707 1.07552e-20
55580.807 1.08633e-20
55580.907 1.09744e-20
55581.007 1.10885e-20
55581.107 1.12059e-20
55581.207 1.13264e-20
55581.307 1.14502e-20
55581.407 1.15774e-20
55581.507 1.17079e-20
55581.607 1.18419e-20
55581.707 1.19795e-20
55581.807 1.21206e-20
55581.907 1.22655e-20
55582.007 1.24141e-20
55582.107 1.25665e-20
55582.207 1.27228e-20
55582.307 1.28831e-20
55582.407 1.30475e-20
55582.507 1.32160e-20
55582.607 1.33887e-20
55582.707 1.35657e-20
55582.807 1.37470e-20
55582.907 1.39329e-20
55583.007 1.41233e-20
55583.107 1.43183e-20
55583.207 1.45180e-20
55583.307 1.47226e-20
55583.407 1.49320e-20
55583.507 1.51464e-20
55583.607 1.53659e-20
55583.707 1.55905e-20
55583.807 1.58204e-20
55583.907 1.60555e-20
55584.007 1.62961e-20
55584.107 1.65421e-20
55584.207 1.67936e-20
55584.307 1.70508e-20
55584.407 1.73137e-20
55584.507 1.75823e-20
55584.607 1.78567e-20
55584.707 1.81369e-20
55584.807 1.84231e-20
55584.907 1.87151e-20
55585.007 1.90131e-20
55585.107 1.93171e-20
55585.207 1.96269e-20
55585.307 1.99427e-20
55585.407 2.02644e-20
55585.507 2.05919e-20
55585.607 2.09252e-20
55585.707 2.12642e-20
55585.807 2.16087e-20
55585.907 2.19588e-20
55586.007 2.23143e-20
55586.107 2.26750e-20
55586.207 2.30411e-20
55586.307 2.34124e-20
55586.407 2.37889e-20
55586.507 2.41707e-20
55586.607 2.45577e-20
55586.707 2.49501e-20
55586.807 2.53479e-20
55586.907 2.57511e-20
55587.007 2.61597e-20
55587.107 2.65736e-20
55587.207 2.69927e-20
55587.307 2.74170e-20
55587.407 2.78463e-20
55587.507 2.82802e-20
55587.607 2.87186e-20
55587.707 2.91610e-20
55587.807 2.96072e-20
55587.907 3.00569e-20
55588.007 3.05098e-20
55588.107 3.09657e-20
55588.207 3.14243e-20
55588.307 3.18854e-20
55588.407 3.23488e-20
55588.507 3.28143e-20
55588.607 3.32817e-20
55588.707 3.37510e-20
55588.807 3.42219e-20
55588.907 3.46945e-20
55589.007 3.51687e-20
55589.107 3.56444e-20
55589.207 3.61218e-20
55589.307 3.66008e-20
55589.407 3.70815e-20
55589.507 3.75641e-20
55589.607 3.80486e-20
55589.707 3.85353e-20
55589.807 3.90242e-20
55589.907 3.95157e-20
55590.007 4.00098e-20
55590.107 4.05068e-20
55590.207 4.10068e-20
55590.307 4.15099e-20
55590.407 4.20162e-20
55590.507 4.25257e-20
55590.607 4.30384e-20
55590.707 4.35541e-20
55590.807 4.40724e-20
55590.907 4.45930e-20
55591.007 4.51153e-20
55591.107 4.56384e-20
55591.207 4.61614e-20
55591.307 4.66831e-20
55591.407 4.72020e-20
55591.507 4.77165e-20
55591.607 4.82248e-20
55591.707 4.87246e-20
55591.807 4.92139e-20
55591.907 4.96904e-20
55592.007 5.01518e-20
55592.107 5.05961e-20
55592.207 5.10220e-20
55592.307 5.14289e-20
55592.407 5.18181e-20
55592.507 5.21923e-20
55592.607 5.25560e-20
55592.707 5.29245e-20
55592.807 5.33207e-20
55592.907 5.37832e-20
55593.007 5.43782e-20
55593.107 5.52155e-20
55593.207 5.64580e-20
55593.307 5.82442e-20
55593.407 6.02651e-20
55593.507 6.11609e-20
55593.607 6.00103e-20
55593.707 5.81972e-20
55593.807 5.71631e-20
55593.907 5.74248e-20
55594.007 5.93041e-20
55594.107 6.28167e-20
55594.207 6.55863e-20
55594.307 6.30945e-20
55594.407 5.71739e-20
55594.507 5.21015e-20
55594.607 4.86137e-20
55594.707 4.61891e-20
55594.807 4.43804e-20
55594.907 4.29299e-20
55595.007 4.16976e-20
55595.107 4.06060e-20
55595.207 3.96108e-20
55595.307 3.86856e-20
55595.407 3.78145e-20
55595.507 3.69871e-20
55595.607 3.61970e-20
55595.707 3.54397e-20
55595.807 3.47121e-20
55595.907 3.40122e-20
55596.007 3.33384e-20
55596.107 3.26894e-20
55596.207 3.20644e-20
55596.307 3.14626e-20
55596.407 3.08832e-20
55596.507 3.03258e-20
55596.607 2.97897e-20
55596.707 2.92745e-20
55596.807 2.87796e-20
55596.907 2.83047e-20
55597.007 2.78492e-20
55597.107 2.74129e-20
55597.207 2.69951e-20
55597.307 2.65956e-20
55597.407 2.62140e-20
55597.507 2.58499e-20
55597.607 2.55031e-20
55597.707 2.51731e-20
55597.807 2.48596e-20
55597.907 2.45625e-20
55598.007 2.42815e-20
55598.107 2.40162e-20
55598.207 2.37667e-20
55598.307 2.35326e-20
55598.407 2.33138e-20
55598.507 2.31103e-20
55598.607 2.29219e-20
55598.707 2.27487e-20
55598.807 2.25905e-20
55598.907 2.24475e-20
55599.007 2.23197e-20
55599.107 2.22072e-20
55599.207 2.21102e-20
55599.307 2.20288e-20
55599.407 2.19634e-20
55599.507 2.19141e-20
55599.607 2.18813e-20
55599.707 2.18654e-20
55599.807 2.18668e-20
55599.907 2.18859e-20
55600.007 2.19234e-20
55600.107 2.19798e-20
55600.207 2.20556e-20
55600.307 2.21515e-20
55600.407 2.22682e-20
55600.507 2.24063e-20
55600.607 2.25666e-20
55600.707 2.27496e-20
55600.807 2.29558e-20
55600.907 2.31858e-20
55601.007 2.34400e-20
55601.107 2.37183e-20
55601.207 2.40206e-20
55601.307 2.43464e-20
55601.407 2.46948e-20
55601.507 2.50643e-20
55601.607 2.54529e-20
55601.707 2.58576e-20
55601.807 2.62751e-20
55601.907 2.67012e-20
55602.007 2.71307e-20
55602.107 2.75581e-20
55602.207 2.79775e-20
55602.307 2.83827e-20
55602.407 2.87676e-20
55602.507 2.91269e-20
55602.607 2.94561e-20
55602.707 2.97523e-20
55602.807 3.00143e-20
55602.907 3.02429e-20
55603.007 3.04414e-20
55603.107 3.06160e-20
55603.207 3.07724e-20
55603.307 3.09033e-20
55603.407 3.10143e-20
55603.507 3.11300e-20
55603.607 3.12612e-20
55603.707 3.14152e-20
55603.807 3.16004e-20
55603.907 3.18256e-20
55604.007 3.20999e-20
55604.107 3.24325e-20
55604.207 3.28324e-20
55604.307 3.33087e-20
55604.407 3.38698e-20
55604.507 3.45231e-20
55604.607 3.52740e-20
55604.707 3.61235e-20
55604.807 3.70664e-20
55604.907 3.80874e-20
55605.007 3.91582e-20
55605.107 4.02349e-20
55605.207 4.12602e-20
55605.307 4.21704e-20
55605.407 4.29087e-20
55605.507 4.34403e-20
55605.607 4.37636e-20
55605.707 4.39102e-20
55605.807 4.39345e-20
55605.907 4.38994e-20
55606.007 4.38626e-20
55606.107 4.38698e-20
55606.207 4.39520e-20
55606.307 4.41278e-20
55606.407 4.44059e-20
55606.507 4.47886e-20
55606.607 4.52743e-20
55606.707 4.58589e-20
55606.807 4.65375e-20
55606.907 4.73047e-20
55607.007 4.81550e-20
55607.107 4.90832e-20
55607.207 5.00844e-20
55607.307 5.11537e-20
55607.407 5.22863e-20
55607.507 5.34775e-20
55607.607 5.47225e-20
55607.707 5.60163e-20
55607.807 5.73537e-20
55607.907 5.87293e-20
55608.007 6.01373e-20
55608.107 6.15714e-20
55608.207 6.30252e-20
55608.307 6.44919e-20
55608.407 6.59644e-20
55608.507 6.74355e-20
55608.607 6.88981e-20
55608.707 7.03450e-20
55608.807 7.17694e-20
55608.907 7.31651e-20
55609.007 7.45265e-20
55609.107 7.58492e-20
55609.207 7.71296e-20
55609.307 7.83657e-20
55609.407 7.95572e-20
55609.507 8.07053e-20
55609.607 8.18130e-20
55609.707 8.28853e-20
55609.807 8.39290e-20
55609.907 8.49525e-20
55610.007 8.59659e-20
55610.107 8.69805e-20
55610.207 8.80089e-20
55610.307 8.90640e-20
55610.407 9.01594e-20
55610.507 9.13080e-20
55610.607 9.25221e-20
55610.707 9.38124e-20
55610.807 9.51871e-20
55610.907 9.66513e-20
55611.007 9.82060e-20
55611.107 9.98466e-20
55611.207 1.01562e-19
55611.307 1.03334e-19
55611.407 1.05133e-19
55611.507 1.06923e-19
55611.607 1.08653e-19
55611.707 1.10264e-19
55611.807 1.11686e-19
55611.907 1.12843e-19
55612.007 1.13656e-19
55612.107 1.14050e-19
55612.207 1.13961e-19
55612.307 1.13343e-19
55612.407 1.12177e-19
55612.507 1.10469e-19
55612.607 1.08255e-19
55612.707 1.05593e-19
55612.807 1.02559e-19
55612.907 9.92375e-20
55613.007 9.57130e-20
55613.107 9.20662e-20
55613.207 8.83685e-20
55613.307 8.46798e-20
55613.407 8.10481e-20
55613.507 7.75100e-20
55613.607 7.40921e-20
55613.707 7.08124e-20
55613.807 6.76818e-20
55613.907 6.47061e-20
55614.007 6.18864e-20
55614.107 5.92212e-20
55614.207 5.67065e-20
55614.307 5.43368e-20
55614.407 5.21057e-20
55614.507 5.00063e-20
55614.607 4.80312e-20
55614.707 4.61732e-20
55614.807 4.44250e-20
55614.907 4.27797e-20
55615.007 4.12306e-20
55615.107 3.97713e-20
55615.207 3.83958e-20
55615.307 3.70984e-20
55615.407 3.58740e-20
55615.507 3.47175e-20
55615.607 3.36244e-20
55615.707 3.25905e-20
55615.807 3.16117e-20
55615.907 3.06845e-20
55616.007 2.98054e-20
55616.107 2.89713e-20
55616.207 2.81794e-20
55616.307 2.74269e-20
55616.407 2.67114e-20
55616.507 2.60305e-20
55616.607 2.53821e-20
55616.707 2.47643e-20
55616.807 2.41752e-20
55616.907 2.36131e-20
55617.007 2.30764e-20
55617.107 2.25637e-20
55617.207 2.20736e-20
55617.307 2.16049e-20
55617.407 2.11563e-20
55617.507 2.07268e-20
55617.607 2.03153e-20
55617.707 1.99209e-20
55617.807 1.95426e-20
55617.907 1.91798e-20
55618.007 1.88315e-20
55618.107 1.84970e-20
55618.207 1.81757e-20
55618.307 1.78669e-20
55618.407 1.75701e-20
55618.507 1.72846e-20
55618.607 1.70099e-20
55618.707 1.67456e-20
55618.807 1.64911e-20
55618.907 1.62460e-20
55619.007 1.60100e-20
55619.107 1.57825e-20
55619.207 1.55634e-20
55619.307 1.53521e-20
55619.407 1.51484e-20
55619.507 1.49520e-20
55619.607 1.47625e-20
55619.707 1.45798e-20
55619.807 1.44035e-20
55619.907 1.42334e-20
55620.007 1.40692e-20
55620.107 1.39108e-20
55620.207 1.37579e-20
55620.307 1.36104e-20
55620.407 1.34680e-20
55620.507 1.33306e-20
55620.607 1.31980e-20
55620.707 1.30700e-20
55620.807 1.29465e-20
55620.907 1.28273e-20
55621.007 1.27124e-20
55621.107 1.26015e-20
55621.207 1.24946e-20
55621.307 1.23915e-20
55621.407 1.22922e-20
55621.507 1.21964e-20
55621.607 1.21042e-20
55621.707 1.20154e-20
55621.807 1.19299e-20
55621.907 1.18477e-20
55622.007 1.17686e-20
55622.107 1.16927e-20
55622.207 1.16197e-20
55622.307 1.15497e-20
55622.407 1.14825e-20
55622.507 1.14181e-20
55622.607 1.13566e-20
55622.707 1.12977e-20
55622.807 1.12414e-20
55622.907 1.11877e-20
55623.007 1.11366e-20
55623.107 1.10880e-20
55623.207 1.10418e-20
55623.307 1.09980e-20
55623.407 1.09566e-20
55623.507 1.09176e-20
55623.607 1.08808e-20
55623.707 1.08464e-20
55623.807 1.08142e-20
55623.907 1.07842e-20
55624.007 1.07564e-20
55624.107 1.07308e-20
55624.207 1.07073e-20
55624.307 1.06860e-20
55624.407 1.06667e-20
55624.507 1.06496e-20
55624.607 1.06346e-20
55624.707 1.06216e-20
55624.807 1.06108e-20
55624.907 1.06019e-20
55625.007 1.05951e-20
55625.107 1.05904e-20
55625.207 1.05877e-20
55625.307 1.05870e-20
55625.407 1.05884e-20
55625.507 1.05918e-20
55625.607 1.05972e-20
55625.707 1.06047e-20
55625.807 1.06142e-20
55625.907 1.06258e-20
55626.007 1.06394e-20
55626.107 1.06551e-20
55626.207 1.06729e-20
55626.307 1.06928e-20
55626.407 1.07147e-20
55626.507 1.07388e-20
55626.607 1.07651e-20
55626.707 1.07935e-20
55626.807 1.08240e-20
55626.907 1.08568e-20
55627.007 1.08918e-20
55627.107 1.09291e-20
55627.207 1.09686e-20
55627.307 1.10104e-20
55627.407 1.10545e-20
55627.507 1.11011e-20
55627.607 1.11500e-20
55627.707 1.12013e-20
55627.807 1.12551e-20
55627.907 1.13114e-20
55628.007 1.13703e-20
55628.107 1.14318e-20
55628.207 1.14959e-20
55628.307 1.15626e-20
55628.407 1.16322e-20
55628.507 1.17045e-20
55628.607 1.17796e-20
55628.707 1.18577e-20
55628.807 1.19387e-20
55628.907 1.20227e-20
55629.007 1.21098e-20
55629.107 1.22001e-20
55629.207 1.22936e-20
55629.307 1.23905e-20
55629.407 1.24907e-20
55629.507 1.25944e-20
55629.607 1.27017e-20
55629.707 1.28127e-20
55629.807 1.29274e-20
55629.907 1.30460e-20
55630.007 1.31686e-20
55630.107 1.32952e-20
55630.207 1.34262e-20
55630.307 1.35614e-20
55630.407 1.37012e-20
55630.507 1.38457e-20
55630.607 1.39949e-20
55630.707 1.41491e-20
55630.807 1.43085e-20
55630.907 1.44732e-20
55631.007 1.46433e-20
55631.107 1.48192e-20
55631.207 1.50010e-20
55631.307 1.51889e-20
55631.407 1.53832e-20
55631.507 1.55840e-20
55631.607 1.57916e-20
55631.707 1.60063e-20
55631.807 1.62282e-20
55631.907 1.64577e-20
55632.007 1.66949e-20
55632.107 1.69403e-20
55632.207 1.71939e-20
55632.307 1.74561e-20
55632.407 1.77272e-20
55632.507 1.80074e-20
55632.607 1.82971e-20
55632.707 1.85965e-20
55632.807 1.89059e-20
55632.907 1.92256e-20
55633.007 1.95560e-20
55633.107 1.98973e-20
55633.207 2.02498e-20
55633.307 2.06140e-20
55633.407 2.09900e-20
55633.507 2.13783e-20
55633.607 2.17791e-20
55633.707 2.21930e-20
55633.807 2.26201e-20
55633.907 2.30609e-20
55634.007 2.35157e-20
55634.107 2.39849e-20
55634.207 2.44688e-20
55634.307 2.49679e-20
55634.407 2.54826e-20
55634.507 2.60131e-20
55634.607 2.65599e-20
55634.707 2.71233e-20
55634.807 2.77037e-20
55634.907 2.83014e-20
55635.007 2.89168e-20
55635.107 2.95502e-20
55635.207 3.02018e-20
55635.307 3.08720e-20
55635.407 3.15609e-20
55635.507 3.22689e-20
55635.607 3.29960e-20
55635.707 3.37423e-20
55635.807 3.45080e-20
55635.907 3.52931e-20
55636.007 3.60974e-20
55636.107 3.69209e-20
55636.207 3.77632e-20
55636.307 3.86242e-20
55636.407 3.95033e-20
55636.507 4.04000e-20
55636.607 4.13135e-20
55636.707 4.22432e-20
55636.807 4.31879e-20
55636.907 4.41469e-20
55637.007 4.51191e-20
55637.107 4.61036e-20
55637.207 4.70997e-20
55637.307 4.81070e-20
55637.407 4.91252e-20
55637.507 5.01541e-20
55637.607 5.11936e-20
55637.707 5.22432e-20
55637.807 5.33027e-20
55637.907 5.43713e-20
55638.007 5.54487e-20
55638.107 5.65341e-20
55638.207 5.76273e-20
55638.307 5.87282e-20
55638.407 5.98370e-20
55638.507 6.09545e-20
55638.607 6.20817e-20
55638.707 6.32203e-20
55638.807 6.43729e-20
55638.907 6.55424e-20
55639.007 6.67327e-20
55639.107 6.79488e-20
55639.207 6.91965e-20
55639.307 7.04830e-20
55639.407 7.18170e-20
55639.507 7.32088e-20
55639.607 7.46707e-20
55639.707 7.62179e-20
55639.807 7.78683e-20
55639.907 7.96441e-20
55640.007 8.15721e-20
55640.107 8.36860e-20
55640.207 8.60272e-20
55640.307 8.86477e-20
55640.407 9.16127e-20
55640.507 9.50025e-20
55640.607 9.89142e-20
55640.707 1.03458e-19
55640.807 1.08746e-19
55640.907 1.14852e-19
55641.007 1.21743e-19
55641.107 1.29155e-19
55641.207 1.36443e-19
55641.307 1.42551e-19
55641.407 1.46278e-19
55641.507 1.46876e-19
55641.607 1.44519e-19
55641.707 1.40157e-19
55641.807 1.34924e-19
55641.907 1.29672e-19
55642.007 1.24860e-19
55642.107 1.20650e-19
55642.207 1.17048e-19
55642.307 1.14001e-19
55642.407 1.11470e-19
55642.507 1.09447e-19
55642.607 1.07970e-19
55642.707 1.07197e-19
55642.807 1.07404e-19
55642.907 1.09087e-19
55643.007 1.13091e-19
55643.107 1.20769e-19
55643.207 1.33865e-19
55643.307 1.51004e-19
55643.407 1.53504e-19
55643.507 1.40432e-19
55643.607 1.31931e-19
55643.707 1.69580e-19
55643.807 1.13166e-19
55643.907 8.94712e-20
55644.007 7.99607e-20
55644.107 7.39122e-20
55644.207 6.93829e-20
55644.307 6.57221e-20
55644.407 6.26278e-20
55644.507 5.99340e-20
55644.607 5.75402e-20
55644.707 5.53809e-20
55644.807 5.34118e-20
55644.907 5.16012e-20
55645.007 4.99259e-20
55645.107 4.83683e-20
55645.207 4.69147e-20
55645.307 4.55541e-20
55645.407 4.42775e-20
55645.507 4.30774e-20
55645.607 4.19476e-20
55645.707 4.08826e-20
55645.807 3.98776e-20
55645.907 3.89286e-20
55646.007 3.80318e-20
55646.107 3.71839e-20
55646.207 3.63820e-20
55646.307 3.56234e-20
55646.407 3.49057e-20
55646.507 3.42267e-20
55646.607 3.35843e-20
55646.707 3.29767e-20
55646.807 3.24022e-20
55646.907 3.18593e-20
55647.007 3.13466e-20
55647.107 3.08626e-20
55647.207 3.04063e-20
55647.307 2.99766e-20
55647.407 2.95723e-20
55647.507 2.91926e-20
55647.607 2.88367e-20
55647.707 2.85037e-20
55647.807 2.81929e-20
55647.907 2.79038e-20
55648.007 2.76357e-20
55648.107 2.73881e-20
55648.207 2.71605e-20
55648.307 2.69526e-20
55648.407 2.67640e-20
55648.507 2.65944e-20
55648.607 2.64435e-20
55648.707 2.63111e-20
55648.807 2.61971e-20
55648.907 2.61013e-20
55649.007 2.60238e-20
55649.107 2.59644e-20
55649.207 2.59232e-20
55649.307 2.59003e-20
55649.407 2.58958e-20
55649.507 2.59098e-20
55649.607 2.59427e-20
55649.707 2.59946e-20
55649.807 2.60659e-20
55649.907 2.61569e-20
55650.007 2.62682e-20
55650.107 2.64001e-20
55650.207 2.65533e-20
55650.307 2.67284e-20
55650.407 2.69260e-20
55650.507 2.71469e-20
55650.607 2.73920e-20
55650.707 2.76621e-20
55650.807 2.79583e-20
55650.907 2.82816e-20
55651.007 2.86333e-20
55651.107 2.90146e-20
55651.207 2.94269e-20
55651.307 2.98718e-20
55651.407 3.03508e-20
55651.507 3.08659e-20
55651.607 3.14188e-20
55651.707 3.20117e-20
55651.807 3.26469e-20
55651.907 3.33266e-20
55652.007 3.40536e-20
55652.107 3.48307e-20
55652.207 3.56608e-20
55652.307 3.65472e-20
55652.407 3.74934e-20
55652.507 3.85031e-20
55652.607 3.95802e-20
55652.707 4.07289e-20
55652.807 4.19538e-20
55652.907 4.32594e-20
55653.007 4.46509e-20
55653.107 4.61333e-20
55653.207 4.77119e-20
55653.307 4.93923e-20
55653.407 5.11798e-20
55653.507 5.30798e-20
55653.607 5.50975e-20
55653.707 5.72375e-20
55653.807 5.95038e-20
55653.907 6.18996e-20
55654.007 6.44268e-20
55654.107 6.70858e-20
55654.207 6.98754e-20
55654.307 7.27928e-20
55654.407 7.58332e-20
55654.507 7.89900e-20
55654.607 8.22545e-20
55654.707 8.56156e-20
55654.807 8.90590e-20
55654.907 9.25667e-20
55655.007 9.61163e-20
55655.107 9.96806e-20
55655.207 1.03228e-19
55655.307 1.06721e-19
55655.407 1.10122e-19
55655.507 1.13389e-19
55655.607 1.16481e-19
55655.707 1.19360e-19
55655.807 1.21993e-19
55655.907 1.24356e-19
55656.007 1.26433e-19
55656.107 1.28221e-19
55656.207 1.29731e-19
55656.307 1.30985e-19
55656.407 1.32021e-19
55656.507 1.32886e-19
55656.607 1.33640e-19
55656.707 1.34347e-19
55656.807 1.35080e-19
55656.907 1.35913e-19
55657.007 1.36918e-19
55657.107 1.38170e-19
55657.207 1.39734e-19
55657.307 1.41669e-19
55657.407 1.44025e-19
55657.507 1.46835e-19
55657.607 1.50113e-19
55657.707 1.53846e-19
55657.807 1.57989e-19
55657.907 1.62450e-19
55658.007 1.67087e-19
55658.107 1.71691e-19
55658.207 1.75986e-19
55658.307 1.79630e-19
55658.407 1.82239e-19
55658.507 1.83435e-19
55658.607 1.82907e-19
55658.707 1.80487e-19
55658.807 1.76194e-19
55658.907 1.70238e-19
55659.007 1.62973e-19
55659.107 1.54820e-19
55659.207 1.46191e-19
55659.307 1.37439e-19
55659.407 1.28838e-19
55659.507 1.20575e-19
55659.607 1.12766e-19
55659.707 1.05473e-19
55659.807 9.87173e-20
55659.907 9.24940e-20
55660.007 8.67817e-20
55660.107 8.15497e-20
55660.207 7.67627e-20
55660.307 7.23839e-20
55660.407 6.83773e-20
55660.507 6.47085e-20
55660.607 6.13454e-20
55660.707 5.82586e-20
55660.807 5.54213e-20
55660.907 5.28093e-20
55661.007 5.04008e-20
55661.107 4.81764e-20
55661.207 4.61186e-20
55661.307 4.42117e-20
55661.407 4.24419e-20
55661.507 4.07966e-20
55661.607 3.92647e-20
55661.707 3.78362e-20
55661.807 3.65022e-20
55661.907 3.52546e-20
55662.007 3.40862e-20
55662.107 3.29906e-20
55662.207 3.19619e-20
55662.307 3.09948e-20
55662.407 3.00846e-20
55662.507 2.92269e-20
55662.607 2.84178e-20
55662.707 2.76538e-20
55662.807 2.69316e-20
55662.907 2.62483e-20
55663.007 2.56012e-20
55663.107 2.49879e-20
55663.207 2.44061e-20
55663.307 2.38538e-20
55663.407 2.33290e-20
55663.507 2.28301e-20
55663.607 2.23554e-20
55663.707 2.19035e-20
55663.807 2.14731e-20
55663.907 2.10628e-20
55664.007 2.06715e-20
55664.107 2.02982e-20
55664.207 1.99419e-20
55664.307 1.96016e-20
55664.407 1.92766e-20
55664.507 1.89659e-20
55664.607 1.86689e-20
55664.707 1.83849e-20
55664.807 1.81132e-20
55664.907 1.78533e-20
55665.007 1.76045e-20
55665.107 1.73665e-20
55665.207 1.71386e-20
55665.307 1.69205e-20
55665.407 1.67117e-20
55665.507 1.65118e-20
55665.607 1.63205e-20
55665.707 1.61374e-20
55665.807 1.59621e-20
55665.907 1.57944e-20
55666.007 1.56340e-20
55666.107 1.54806e-20
55666.207 1.53339e-20
55666.307 1.51938e-20
55666.407 1.50599e-20
55666.507 1.49321e-20
55666.607 1.48103e-20
55666.707 1.46941e-20
55666.807 1.45834e-20
55666.907 1.44781e-20
55667.007 1.43781e-20
55667.107 1.42831e-20
55667.207 1.41930e-20
55667.307 1.41077e-20
55667.407 1.40272e-20
55667.507 1.39512e-20
55667.607 1.38797e-20
55667.707 1.38126e-20
55667.807 1.37497e-20
55667.907 1.36911e-20
55668.007 1.36367e-20
55668.107 1.35863e-20
55668.207 1.35399e-20
55668.307 1.34975e-20
55668.407 1.34589e-20
55668.507 1.34243e-20
55668.607 1.33934e-20
55668.707 1.33662e-20
55668.807 1.33429e-20
55668.907 1.33232e-20
55669.007 1.33072e-20
55669.107 1.32948e-20
55669.207 1.32861e-20
55669.307 1.32811e-20
55669.407 1.32796e-20
55669.507 1.32818e-20
55669.607 1.32876e-20
55669.707 1.32970e-20
55669.807 1.33101e-20
55669.907 1.33268e-20
55670.007 1.33472e-20
55670.107 1.33713e-20
55670.207 1.33991e-20
55670.307 1.34307e-20
55670.407 1.34660e-20
55670.507 1.35051e-20
55670.607 1.35482e-20
55670.707 1.35951e-20
55670.807 1.36460e-20
55670.907 1.37009e-20
55671.007 1.37599e-20
55671.107 1.38230e-20
55671.207 1.38904e-20
55671.307 1.39620e-20
55671.407 1.40381e-20
55671.507 1.41186e-20
55671.607 1.42036e-20
55671.707 1.42933e-20
55671.807 1.43878e-20
55671.907 1.44871e-20
55672.007 1.45914e-20
55672.107 1.47008e-20
55672.207 1.48154e-20
55672.307 1.49354e-20
55672.407 1.50609e-20
55672.507 1.51920e-20
55672.607 1.53290e-20
55672.707 1.54720e-20
55672.807 1.56211e-20
55672.907 1.57766e-20
55673.007 1.59386e-20
55673.107 1.61074e-20
55673.207 1.62831e-20
55673.307 1.64660e-20
55673.407 1.66563e-20
55673.507 1.68542e-20
55673.607 1.70601e-20
55673.707 1.72742e-20
55673.807 1.74968e-20
55673.907 1.77281e-20
55674.007 1.79686e-20
55674.107 1.82184e-20
55674.207 1.84781e-20
55674.307 1.87478e-20
55674.407 1.90282e-20
55674.507 1.93194e-20
55674.607 1.96220e-20
55674.707 1.99365e-20
55674.807 2.02633e-20
55674.907 2.06029e-20
55675.007 2.09558e-20
55675.107 2.13227e-20
55675.207 2.17041e-20
55675.307 2.21007e-20
55675.407 2.25133e-20
55675.507 2.29424e-20
55675.607 2.33889e-20
55675.707 2.38536e-20
55675.807 2.43374e-20
55675.907 2.48413e-20
55676.007 2.53661e-20
55676.107 2.59130e-20
55676.207 2.64830e-20
55676.307 2.70773e-20
55676.407 2.76970e-20
55676.507 2.83433e-20
55676.607 2.90176e-20
55676.707 2.97212e-20
55676.807 3.04554e-20
55676.907 3.12216e-20
55677.007 3.20213e-20
55677.107 3.28559e-20
55677.207 3.37268e-20
55677.307 3.46355e-20
55677.407 3.55837e-20
55677.507 3.65728e-20
55677.607 3.76042e-20
55677.707 3.86797e-20
55677.807 3.98005e-20
55677.907 4.09684e-20
55678.007 4.21846e-20
55678.107 4.34506e-20
55678.207 4.47677e-20
55678.307 4.61370e-20
55678.407 4.75598e-20
55678.507 4.90368e-20
55678.607 5.05687e-20
55678.707 5.21561e-20
55678.807 5.37991e-20
55678.907 5.54976e-20
55679.007 5.72510e-20
55679.107 5.90583e-20
55679.207 6.09180e-20
55679.307 6.28283e-20
55679.407 6.47864e-20
55679.507 6.67891e-20
55679.607 6.88326e-20
55679.707 7.09122e-20
55679.807 7.30228e-20
55679.907 7.51582e-20
55680.007 7.73120e-20
55680.107 7.94769e-20
55680.207 8.16452e-20
55680.307 8.38086e-20
55680.407 8.59585e-20
55680.507 8.80862e-20
55680.607 9.01827e-20
55680.707 9.22393e-20
55680.807 9.42482e-20
55680.907 9.62035e-20
55681.007 9.81020e-20
55681.107 9.99443e-20
55681.207 1.01734e-19
55681.307 1.03478e-19
55681.407 1.05183e-19
55681.507 1.06859e-19
55681.607 1.08514e-19
55681.707 1.10162e-19
55681.807 1.11815e-19
55681.907 1.13492e-19
55682.007 1.15208e-19
55682.107 1.16983e-19
55682.207 1.18838e-19
55682.307 1.20792e-19
55682.407 1.22864e-19
55682.507 1.25073e-19
55682.607 1.27435e-19
55682.707 1.29960e-19
55682.807 1.32658e-19
55682.907 1.35528e-19
55683.007 1.38566e-19
55683.107 1.41755e-19
55683.207 1.45069e-19
55683.307 1.48469e-19
55683.407 1.51902e-19
55683.507 1.55301e-19
55683.607 1.58584e-19
55683.707 1.61660e-19
55683.807 1.64425e-19
55683.907 1.66775e-19
55684.007 1.68608e-19
55684.107 1.69834e-19
55684.207 1.70375e-19
55684.307 1.70170e-19
55684.407 1.69177e-19
55684.507 1.67371e-19
55684.607 1.64751e-19
55684.707 1.61345e-19
55684.807 1.57187e-19
55684.907 1.52346e-19
55685.007 1.46999e-19
55685.107 1.41295e-19
55685.207 1.35394e-19
55685.307 1.29453e-19
55685.407 1.23613e-19
55685.507 1.17988e-19
55685.607 1.12664e-19
55685.707 1.07707e-19
55685.807 1.03166e-19
55685.907 9.90763e-20
55686.007 9.54741e-20
55686.107 9.23961e-20
55686.207 8.98881e-20
55686.307 8.80084e-20
55686.407 8.68273e-20
55686.507 8.64155e-20
55686.607 8.68093e-20
55686.707 8.79324e-20
55686.807 8.94682e-20
55686.907 9.07442e-20
55687.007 9.08211e-20
55687.107 8.89511e-20
55687.207 8.51103e-20
55687.307 7.99986e-20
55687.407 7.45122e-20
55687.507 6.92949e-20
55687.607 6.46480e-20
55687.707 6.06375e-20
55687.807 5.72162e-20
55687.907 5.42990e-20
55688.007 5.17993e-20
55688.107 4.96412e-20
55688.207 4.77629e-20
55688.307 4.61153e-20
55688.407 4.46599e-20
55688.507 4.33666e-20
55688.607 4.22117e-20
55688.707 4.11764e-20
55688.807 4.02457e-20
55688.907 3.94076e-20
55689.007 3.86524e-20
55689.107 3.79721e-20
55689.207 3.73603e-20
55689.307 3.68116e-20
55689.407 3.63215e-20
55689.507 3.58865e-20
55689.607 3.55035e-20
55689.707 3.51700e-20
55689.807 3.48841e-20
55689.907 3.46442e-20
55690.007 3.44491e-20
55690.107 3.42978e-20
55690.207 3.41898e-20
55690.307 3.41247e-20
55690.407 3.41025e-20
55690.507 3.41235e-20
55690.607 3.41880e-20
55690.707 3.42968e-20
55690.807 3.44508e-20
55690.907 3.46513e-20
55691.007 3.48998e-20
55691.107 3.51980e-20
55691.207 3.55481e-20
55691.307 3.59524e-20
55691.407 3.64137e-20
55691.507 3.69351e-20
55691.607 3.75202e-20
55691.707 3.81729e-20
55691.807 3.88978e-20
55691.907 3.96999e-20
55692.007 4.05847e-20
55692.107 4.15587e-20
55692.207 4.26288e-20
55692.307 4.38030e-20
55692.407 4.50898e-20
55692.507 4.64992e-20
55692.607 4.80420e-20
55692.707 4.97303e-20
55692.807 5.15776e-20
55692.907 5.35988e-20
55693.007 5.58104e-20
55693.107 5.82308e-20
55693.207 6.08800e-20
55693.307 6.37799e-20
55693.407 6.69543e-20
55693.507 7.04290e-20
55693.607 7.42310e-20
55693.707 7.83887e-20
55693.807 8.29308e-20
55693.907 8.78854e-20
55694.007 9.32783e-20
55694.107 9.91308e-20
55694.207 1.05456e-19
55694.307 1.12257e-19
55694.407 1.19517e-19
55694.507 1.27199e-19
55694.607 1.35236e-19
55694.707 1.43523e-19
55694.807 1.51915e-19
55694.907 1.60224e-19
55695.007 1.68222e-19
55695.107 1.75651e-19
55695.207 1.82242e-19
55695.307 1.87747e-19
55695.407 1.91965e-19
55695.507 1.94775e-19
55695.607 1.96159e-19
55695.707 1.96206e-19
55695.807 1.95104e-19
55695.907 1.93125e-19
55696.007 1.90586e-19
55696.107 1.87829e-19
55696.207 1.85190e-19
55696.307 1.82987e-19
55696.407 1.81508e-19
55696.507 1.81010e-19
55696.607 1.81720e-19
55696.707 1.83840e-19
55696.807 1.87544e-19
55696.907 1.92977e-19
55697.007 2.00241e-19
55697.107 2.09369e-19
55697.207 2.20289e-19
55697.307 2.32766e-19
55697.407 2.46320e-19
55697.507 2.60130e-19
55697.607 2.72944e-19
55697.707 2.83074e-19
55697.807 2.88645e-19
55697.907 2.88165e-19
55698.007 2.81208e-19
55698.107 2.68636e-19
55698.207 2.52075e-19
55698.307 2.33161e-19
55698.407 2.13331e-19
55698.507 1.93973e-19
55698.607 1.76246e-19
55698.707 1.60780e-19
55698.807 1.47684e-19
55698.907 1.36721e-19
55699.007 1.27412e-19
55699.107 1.19117e-19
55699.207 1.11191e-19
55699.307 1.03249e-19
55699.407 9.53191e-20
55699.507 8.76955e-20
55699.607 8.06734e-20
55699.707 7.44035e-20
55699.807 6.88991e-20
55699.907 6.40965e-20
55700.007 5.99045e-20
55700.107 5.62318e-20
55700.207 5.29975e-20
55700.307 5.01337e-20
55700.407 4.75847e-20
55700.507 4.53054e-20
55700.607 4.32592e-20
55700.707 4.14161e-20
55700.807 3.97514e-20
55700.907 3.82447e-20
55701.007 3.68783e-20
55701.107 3.56363e-20
55701.207 3.45039e-20
55701.307 3.34657e-20
55701.407 3.25055e-20
55701.507 3.16064e-20
55701.607 3.07518e-20
55701.707 2.99285e-20
55701.807 2.91285e-20
55701.907 2.83506e-20
55702.007 2.75989e-20
55702.107 2.68800e-20
55702.207 2.61998e-20
55702.307 2.55623e-20
55702.407 2.49691e-20
55702.507 2.44198e-20
55702.607 2.39130e-20
55702.707 2.34464e-20
55702.807 2.30177e-20
55702.907 2.26244e-20
55703.007 2.22643e-20
55703.107 2.19351e-20
55703.207 2.16345e-20
55703.307 2.13601e-20
55703.407 2.11092e-20
55703.507 2.08787e-20
55703.607 2.06647e-20
55703.707 2.04630e-20
55703.807 2.02686e-20
55703.907 2.00762e-20
55704.007 1.98807e-20
55704.107 1.96782e-20
55704.207 1.94661e-20
55704.307 1.92441e-20
55704.407 1.90138e-20
55704.507 1.87784e-20
55704.607 1.85421e-20
55704.707 1.83092e-20
55704.807 1.80837e-20
55704.907 1.78685e-20
55705.007 1.76659e-20
55705.107 1.74770e-20
55705.207 1.73026e-20
55705.307 1.71427e-20
55705.407 1.69970e-20
55705.507 1.68650e-20
55705.607 1.67461e-20
55705.707 1.66396e-20
55705.807 1.65450e-20
55705.907 1.64615e-20
55706.007 1.63887e-20
55706.107 1.63260e-20
55706.207 1.62729e-20
55706.307 1.62291e-20
55706.407 1.61941e-20
55706.507 1.61678e-20
55706.607 1.61497e-20
55706.707 1.61398e-20
55706.807 1.61378e-20
55706.907 1.61436e-20
55707.007 1.61571e-20
55707.107 1.61782e-20
55707.207 1.62069e-20
55707.307 1.62430e-20
55707.407 1.62867e-20
55707.507 1.63379e-20
55707.607 1.63967e-20
55707.707 1.64631e-20
55707.807 1.65372e-20
55707.907 1.66192e-20
55708.007 1.67090e-20
55708.107 1.68068e-20
55708.207 1.69129e-20
55708.307 1.70274e-20
55708.407 1.71504e-20
55708.507 1.72822e-20
55708.607 1.74230e-20
55708.707 1.75731e-20
55708.807 1.77327e-20
55708.907 1.79021e-20
55709.007 1.80818e-20
55709.107 1.82719e-20
55709.207 1.84729e-20
55709.307 1.86852e-20
55709.407 1.89092e-20
55709.507 1.91453e-20
55709.607 1.93941e-20
55709.707 1.96561e-20
55709.807 1.99319e-20
55709.907 2.02220e-20
55710.007 2.05271e-20
55710.107 2.08479e-20
55710.207 2.11850e-20
55710.307 2.15394e-20
55710.407 2.19118e-20
55710.507 2.23031e-20
55710.607 2.27143e-20
55710.707 2.31465e-20
55710.807 2.36006e-20
55710.907 2.40778e-20
55711.007 2.45795e-20
55711.107 2.51069e-20
55711.207 2.56615e-20
55711.307 2.62448e-20
55711.407 2.68584e-20
55711.507 2.75041e-20
55711.607 2.81838e-20
55711.707 2.88994e-20
55711.807 2.96531e-20
55711.907 3.04473e-20
55712.007 3.12844e-20
55712.107 3.21669e-20
55712.207 3.30978e-20
55712.307 3.40801e-20
55712.407 3.51169e-20
55712.507 3.62118e-20
55712.607 3.73685e-20
55712.707 3.85909e-20
55712.807 3.98832e-20
55712.907 4.12500e-20
55713.007 4.26959e-20
55713.107 4.42263e-20
55713.207 4.58463e-20
55713.307 4.75618e-20
55713.407 4.93789e-20
55713.507 5.13037e-20
55713.607 5.33430e-20
55713.707 5.55034e-20
55713.807 5.77920e-20
55713.907 6.02157e-20
55714.007 6.27813e-20
55714.107 6.54955e-20
55714.207 6.83642e-20
55714.307 7.13929e-20
55714.407 7.45858e-20
55714.507 7.79455e-20
55714.607 8.14730e-20
55714.707 8.51665e-20
55714.807 8.90217e-20
55714.907 9.30304e-20
55715.007 9.71804e-20
55715.107 1.01455e-19
55715.207 1.05832e-19
55715.307 1.10284e-19
55715.407 1.14778e-19
55715.507 1.19276e-19
55715.607 1.23734e-19
55715.707 1.28105e-19
55715.807 1.32340e-19
55715.907 1.36390e-19
55716.007 1.40210e-19
55716.107 1.43758e-19
55716.207 1.47004e-19
55716.307 1.49926e-19
55716.407 1.52519e-19
55716.507 1.54793e-19
55716.607 1.56774e-19
55716.707 1.58506e-19
55716.807 1.60048e-19
55716.907 1.61471e-19
55717.007 1.62860e-19
55717.107 1.64306e-19
55717.207 1.65908e-19
55717.307 1.67764e-19
55717.407 1.69970e-19
55717.507 1.72617e-19
55717.607 1.75790e-19
55717.707 1.79570e-19
55717.807 1.84044e-19
55717.907 1.89294e-19
55718.007 1.95386e-19
55718.107 2.02360e-19
55718.207 2.10236e-19
55718.307 2.19015e-19
55718.407 2.28703e-19
55718.507 2.39341e-19
55718.607 2.51083e-19
55718.707 2.64341e-19
55718.807 2.80026e-19
55718.907 2.99848e-19
55719.007 3.26209e-19
55719.107 3.59791e-19
55719.207 3.91352e-19
55719.307 3.96554e-19
55719.407 3.64041e-19
55719.507 3.15324e-19
55719.607 2.71096e-19
55719.707 2.36565e-19
55719.807 2.10350e-19
55719.907 1.90327e-19
55720.007 1.75030e-19
55720.107 1.63734e-19
55720.207 1.56385e-19
55720.307 1.53483e-19
55720.407 1.55177e-19
55720.507 1.57967e-19
55720.607 1.55848e-19
55720.707 1.53758e-19
55720.807 1.63988e-19
55720.907 1.98278e-19
55721.007 2.49695e-19
55721.107 2.38897e-19
55721.207 1.74872e-19
55721.307 1.29483e-19
55721.407 1.04120e-19
55721.507 8.91462e-20
55721.607 7.94200e-20
55721.707 7.25524e-20
55721.807 6.73797e-20
55721.907 6.32918e-20
55722.007 5.99452e-20
55722.107 5.71338e-20
55722.207 5.47269e-20
55722.307 5.26376e-20
55722.407 5.08059e-20
55722.507 4.91888e-20
55722.607 4.77545e-20
55722.707 4.64791e-20
55722.807 4.53440e-20
55722.907 4.43349e-20
55723.007 4.34403e-20
55723.107 4.26511e-20
55723.207 4.19600e-20
55723.307 4.13614e-20
55723.407 4.08509e-20
55723.507 4.04249e-20
55723.607 4.00811e-20
55723.707 3.98180e-20
55723.807 3.96348e-20
55723.907 3.95315e-20
55724.007 3.95088e-20
55724.107 3.95684e-20
55724.207 3.97126e-20
55724.307 3.99445e-20
55724.407 4.02683e-20
55724.507 4.06889e-20
55724.607 4.12126e-20
55724.707 4.18467e-20
55724.807 4.26000e-20
55724.907 4.34827e-20
55725.007 4.45072e-20
55725.107 4.56876e-20
55725.207 4.70408e-20
55725.307 4.85864e-20
55725.407 5.03476e-20
55725.507 5.23516e-20
55725.607 5.46305e-20
55725.707 5.72219e-20
55725.807 6.01705e-20
55725.907 6.35291e-20
55726.007 6.73600e-20
55726.107 7.17369e-20
55726.207 7.67469e-20
55726.307 8.24922e-20
55726.407 8.90924e-20
55726.507 9.66849e-20
55726.607 1.05425e-19
55726.707 1.15484e-19
55726.807 1.27037e-19
55726.907 1.40248e-19
55727.007 1.55235e-19
55727.107 1.72020e-19
55727.207 1.90442e-19
55727.307 2.10060e-19
55727.407 2.30039e-19
55727.507 2.49087e-19
55727.607 2.65527e-19
55727.707 2.77562e-19
55727.807 2.83736e-19
55727.907 2.83418e-19
55728.007 2.77040e-19
55728.107 2.65951e-19
55728.207 2.51983e-19
55728.307 2.36969e-19
55728.407 2.22422e-19
55728.507 2.09432e-19
55728.607 1.98708e-19
55728.707 1.90683e-19
55728.807 1.85637e-19
55728.907 1.83786e-19
55729.007 1.85355e-19
55729.107 1.90616e-19
55729.207 1.99901e-19
55729.307 2.13572e-19
55729.407 2.31932e-19
55729.507 2.55058e-19
55729.607 2.82519e-19
55729.707 3.12962e-19
55729.807 3.43527e-19
55729.907 3.69088e-19
55730.007 3.82111e-19
55730.107 3.75553e-19
55730.207 3.48848e-19
55730.307 3.09560e-19
55730.407 2.67361e-19
55730.507 2.28519e-19
55730.607 1.95383e-19
55730.707 1.68055e-19
55730.807 1.45785e-19
55730.907 1.27648e-19
55731.007 1.12807e-19
55731.107 1.00574e-19
55731.207 9.04039e-20
55731.307 8.18766e-20
55731.407 7.46655e-20
55731.507 6.85178e-20
55731.607 6.32365e-20
55731.707 5.86671e-20
55731.807 5.46872e-20
55731.907 5.11993e-20
55732.007 4.81254e-20
55732.107 4.54019e-20
55732.207 4.29771e-20
55732.307 4.08088e-20
55732.407 3.88616e-20
55732.507 3.71064e-20
55732.607 3.55186e-20
55732.707 3.40777e-20
55732.807 3.27660e-20
55732.907 3.15688e-20
55733.007 3.04731e-20
55733.107 2.94681e-20
55733.207 2.85442e-20
55733.307 2.76932e-20
55733.407 2.69078e-20
55733.507 2.61818e-20
55733.607 2.55097e-20
55733.707 2.48867e-20
55733.807 2.43086e-20
55733.907 2.37717e-20
55734.007 2.32729e-20
55734.107 2.28093e-20
55734.207 2.23785e-20
55734.307 2.19783e-20
55734.407 2.16066e-20
55734.507 2.12616e-20
55734.607 2.09417e-20
55734.707 2.06453e-20
55734.807 2.03709e-20
55734.907 2.01174e-20
55735.007 1.98836e-20
55735.107 1.96683e-20
55735.207 1.94707e-20
55735.307 1.92899e-20
55735.407 1.91252e-20
55735.507 1.89758e-20
55735.607 1.88413e-20
55735.707 1.87210e-20
55735.807 1.86145e-20
55735.907 1.85214e-20
55736.007 1.84414e-20
55736.107 1.83741e-20
55736.207 1.83194e-20
55736.307 1.82769e-20
55736.407 1.82466e-20
55736.507 1.82283e-20
55736.607 1.82219e-20
55736.707 1.82275e-20
55736.807 1.82449e-20
55736.907 1.82742e-20
55737.007 1.83155e-20
55737.107 1.83689e-20
55737.207 1.84345e-20
55737.307 1.85126e-20
55737.407 1.86032e-20
55737.507 1.87068e-20
55737.607 1.88235e-20
55737.707 1.89538e-20
55737.807 1.90979e-20
55737.907 1.92564e-20
55738.007 1.94297e-20
55738.107 1.96184e-20
55738.207 1.98230e-20
55738.307 2.00442e-20
55738.407 2.02827e-20
55738.507 2.05393e-20
55738.607 2.08149e-20
55738.707 2.11103e-20
55738.807 2.14266e-20
55738.907 2.17649e-20
55739.007 2.21264e-20
55739.107 2.25124e-20
55739.207 2.29244e-20
55739.307 2.33640e-20
55739.407 2.38328e-20
55739.507 2.43328e-20
55739.607 2.48660e-20
55739.707 2.54346e-20
55739.807 2.60411e-20
55739.907 2.66882e-20
55740.007 2.73789e-20
55740.107 2.81163e-20
55740.207 2.89041e-20
55740.307 2.97461e-20
55740.407 3.06467e-20
55740.507 3.16105e-20
55740.607 3.26428e-20
55740.707 3.37494e-20
55740.807 3.49366e-20
55740.907 3.62116e-20
55741.007 3.75820e-20
55741.107 3.90565e-20
55741.207 4.06448e-20
55741.307 4.23573e-20
55741.407 4.42060e-20
55741.507 4.62039e-20
55741.607 4.83654e-20
55741.707 5.07066e-20
55741.807 5.32453e-20
55741.907 5.60009e-20
55742.007 5.89952e-20
55742.107 6.22517e-20
55742.207 6.57961e-20
55742.307 6.96562e-20
55742.407 7.38618e-20
55742.507 7.84441e-20
55742.607 8.34356e-20
55742.707 8.88686e-20
55742.807 9.47741e-20
55742.907 1.01180e-19
55743.007 1.08106e-19
55743.107 1.15565e-19
55743.207 1.23552e-19
55743.307 1.32041e-19
55743.407 1.40979e-19
55743.507 1.50275e-19
55743.607 1.59798e-19
55743.707 1.69367e-19
55743.807 1.78759e-19
55743.907 1.87708e-19
55744.007 1.95928e-19
55744.107 2.03140e-19
55744.207 2.09102e-19
55744.307 2.13650e-19
55744.407 2.16744e-19
55744.507 2.18461e-19
55744.607 2.19042e-19
55744.707 2.18937e-19
55744.807 2.18734e-19
55744.907 2.19139e-19
55745.007 2.20597e-19
55745.107 2.22048e-19
55745.207 2.20798e-19
55745.307 2.17289e-19
55745.407 2.15186e-19
55745.507 2.16631e-19
55745.607 2.22475e-19
55745.707 2.33494e-19
55745.807 2.49130e-19
55745.907 2.62755e-19
55746.007 2.67402e-19
55746.107 2.69974e-19
55746.207 2.76620e-19
55746.307 2.86889e-19
55746.407 2.98629e-19
55746.507 3.09523e-19
55746.607 3.17155e-19
55746.707 3.19199e-19
55746.807 3.14048e-19
55746.907 3.01525e-19
55747.007 2.83052e-19
55747.107 2.61006e-19
55747.207 2.37758e-19
55747.307 2.15037e-19
55747.407 1.93862e-19
55747.507 1.74760e-19
55747.607 1.57893e-19
55747.707 1.43165e-19
55747.807 1.30363e-19
55747.907 1.19245e-19
55748.007 1.09579e-19
55748.107 1.01158e-19
55748.207 9.38010e-20
55748.307 8.73548e-20
55748.407 8.16900e-20
55748.507 7.66979e-20
55748.607 7.22873e-20
55748.707 6.83818e-20
55748.807 6.49177e-20
55748.907 6.18411e-20
55749.007 5.91070e-20
55749.107 5.66777e-20
55749.207 5.45214e-20
55749.307 5.26114e-20
55749.407 5.09255e-20
55749.507 4.94454e-20
55749.607 4.81560e-20
55749.707 4.70451e-20
55749.807 4.61033e-20
55749.907 4.53235e-20
55750.007 4.47011e-20
55750.107 4.42338e-20
55750.207 4.39215e-20
55750.307 4.37665e-20
55750.407 4.37734e-20
55750.507 4.39481e-20
55750.607 4.43004e-20
55750.707 4.48481e-20
55750.807 4.56110e-20
55750.907 4.66126e-20
55751.007 4.78831e-20
55751.107 4.94615e-20
55751.207 5.13970e-20
55751.307 5.37523e-20
55751.407 5.66073e-20
55751.507 6.00646e-20
55751.607 6.42566e-20
55751.707 6.93559e-20
55751.807 7.55891e-20
55751.907 8.32555e-20
55752.007 9.27528e-20
55752.107 1.04611e-19
55752.207 1.19530e-19
55752.307 1.38422e-19
55752.407 1.62412e-19
55752.507 1.92742e-19
55752.607 2.30384e-19
55752.707 2.75069e-19
55752.807 3.23452e-19
55752.907 3.67121e-19
55753.007 3.93501e-19
55753.107 3.92827e-19
55753.207 3.66337e-19
55753.307 3.25138e-19
55753.407 2.81398e-19
55753.507 2.42571e-19
55753.607 2.11391e-19
55753.707 1.87959e-19
55753.807 1.71398e-19
55753.907 1.60680e-19
55754.007 1.54955e-19
55754.107 1.53671e-19
55754.207 1.56641e-19
55754.307 1.64128e-19
55754.407 1.76917e-19
55754.507 1.96316e-19
55754.607 2.23973e-19
55754.707 2.61316e-19
55754.807 3.08309e-19
55754.907 3.61561e-19
55755.007 4.12835e-19
55755.107 4.47896e-19
55755.207 4.45824e-19
55755.307 3.96880e-19
55755.407 3.24351e-19
55755.507 2.56686e-19
55755.607 2.03914e-19
55755.707 1.64981e-19
55755.807 1.36415e-19
55755.907 1.15196e-19
55756.007 9.91555e-20
55756.107 8.68122e-20
55756.207 7.71585e-20
55756.307 6.95022e-20
55756.407 6.33604e-20
55756.507 5.83907e-20
55756.607 5.43470e-20
55756.707 5.10503e-20
55756.807 4.83696e-20
55756.907 4.62090e-20
55757.007 4.44989e-20
55757.107 4.31907e-20
55757.207 4.22526e-20
55757.307 4.16674e-20
55757.407 4.14317e-20
55757.507 4.15556e-20
55757.607 4.20636e-20
55757.707 4.29966e-20
55757.807 4.44145e-20
55757.907 4.64001e-20
55758.007 4.90633e-20
55758.107 5.25443e-20
55758.207 5.70138e-20
55758.307 6.26619e-20
55758.407 6.96632e-20
55758.507 7.80948e-20
55758.607 8.77801e-20
55758.707 9.80628e-20
55758.807 1.07597e-19
55758.907 1.14334e-19
55759.007 1.16677e-19
55759.107 1.14053e-19
55759.207 1.07450e-19
55759.307 9.87482e-20
55759.407 8.97244e-20
55759.507 8.15475e-20
55759.607 7.47922e-20
55759.707 6.96622e-20
55759.807 6.61986e-20
55759.907 6.44113e-20
55760.007 6.43307e-20
55760.107 6.59740e-20
55760.207 6.91982e-20
55760.307 7.35285e-20
55760.407 7.83986e-20
55760.507 8.41351e-20
55760.607 9.25713e-20
55760.707 1.05857e-19
55760.807 1.23142e-19
55760.907 1.35722e-19
55761.007 1.31467e-19
55761.107 1.12725e-19
55761.207 9.20371e-20
55761.307 7.58443e-20
55761.407 6.45342e-20
55761.507 5.68534e-20
55761.607 5.16388e-20
55761.707 4.80887e-20
55761.807 4.56888e-20
55761.907 4.41128e-20
55762.007 4.31521e-20
55762.107 4.26717e-20
55762.207 4.25839e-20
55762.307 4.28322e-20
55762.407 4.33817e-20
55762.507 4.42128e-20
55762.607 4.53179e-20
55762.707 4.66986e-20
55762.807 4.83651e-20
55762.907 5.03351e-20
55763.007 5.26339e-20
55763.107 5.52951e-20
55763.207 5.83607e-20
55763.307 6.18827e-20
55763.407 6.59241e-20
55763.507 7.05609e-20
55763.607 7.58835e-20
55763.707 8.19990e-20
55763.807 8.90326e-20
55763.907 9.71282e-20
55764.007 1.06448e-19
55764.107 1.17166e-19
55764.207 1.29460e-19
55764.307 1.43484e-19
55764.407 1.59336e-19
55764.507 1.76988e-19
55764.607 1.96203e-19
55764.707 2.16418e-19
55764.807 2.36647e-19
55764.907 2.55444e-19
55765.007 2.71032e-19
55765.107 2.81645e-19
55765.207 2.86024e-19
55765.307 2.83858e-19
55765.407 2.75911e-19
55765.507 2.63762e-19
55765.607 2.49316e-19
55765.707 2.34356e-19
55765.807 2.20288e-19
55765.907 2.08091e-19
55766.007 1.98388e-19
55766.107 1.91564e-19
55766.207 1.87876e-19
55766.307 1.87544e-19
55766.407 1.90803e-19
55766.507 1.97933e-19
55766.607 2.09245e-19
55766.707 2.25022e-19
55766.807 2.45388e-19
55766.907 2.70108e-19
55767.007 2.98326e-19
55767.107 3.28297e-19
55767.207 3.57071e-19
55767.307 3.79919e-19
55767.407 3.90021e-19
55767.507 3.80885e-19
55767.607 3.52123e-19
55767.707 3.11328e-19
55767.807 2.68183e-19
55767.907 2.28895e-19
55768.007 1.95684e-19
55768.107 1.68520e-19
55768.207 1.46553e-19
55768.307 1.28802e-19
55768.407 1.14395e-19
55768.507 1.02631e-19
55768.607 9.29650e-20
55768.707 8.49786e-20
55768.807 7.83530e-20
55768.907 7.28457e-20
55769.007 6.82728e-20
55769.107 6.44963e-20
55769.207 6.14151e-20
55769.307 5.89598e-20
55769.407 5.70904e-20
55769.507 5.57990e-20
55769.607 5.51179e-20
55769.707 5.51322e-20
55769.807 5.59490e-20
55769.907 5.74376e-20
55770.007 5.90716e-20
55770.107 6.11192e-20
55770.207 6.44766e-20
55770.307 6.97415e-20
55770.407 7.75639e-20
55770.507 8.90172e-20
55770.607 1.05919e-19
55770.707 1.31329e-19
55770.807 1.70243e-19
55770.907 2.29751e-19
55771.007 3.14319e-19
55771.107 4.04680e-19
55771.207 4.36504e-19
55771.307 3.76637e-19
55771.407 2.84335e-19
55771.507 2.09402e-19
55771.607 1.58981e-19
55771.707 1.26580e-19
55771.807 1.05883e-19
55771.907 9.27941e-20
55772.007 8.49198e-20
55772.107 8.09448e-20
55772.207 8.02561e-20
55772.307 8.27633e-20
55772.407 8.88651e-20
55772.507 9.95377e-20
55772.607 1.16543e-19
55772.707 1.42685e-19
55772.807 1.81671e-19
55772.907 2.35773e-19
55773.007 2.97835e-19
55773.107 3.43604e-19
55773.207 3.52562e-19
55773.307 3.26275e-19
55773.407 2.66948e-19
55773.507 1.99405e-19
55773.607 1.47676e-19
55773.707 1.12996e-19
55773.807 8.99557e-20
55773.907 7.42139e-20
55774.007 6.30842e-20
55774.107 5.49607e-20
55774.207 4.88663e-20
55774.307 4.41873e-20
55774.407 4.05256e-20
55774.507 3.76149e-20
55774.607 3.52720e-20
55774.707 3.33680e-20
55774.807 3.18103e-20
55774.907 3.05311e-20
55775.007 2.94802e-20
55775.107 2.86199e-20
55775.207 2.79219e-20
55775.307 2.73648e-20
55775.407 2.69325e-20
55775.507 2.66131e-20
55775.607 2.63983e-20
55775.707 2.62824e-20
55775.807 2.62622e-20
55775.907 2.63368e-20
55776.007 2.65071e-20
55776.107 2.67763e-20
55776.207 2.71493e-20
55776.307 2.76335e-20
55776.407 2.82383e-20
55776.507 2.89762e-20
55776.607 2.98628e-20
55776.707 3.09177e-20
55776.807 3.21650e-20
55776.907 3.36350e-20
55777.007 3.53655e-20
55777.107 3.74037e-20
55777.207 3.98093e-20
55777.307 4.26580e-20
55777.407 4.60468e-20
55777.507 5.01011e-20
55777.607 5.49839e-20
55777.707 6.09096e-20
55777.807 6.81615e-20
55777.907 7.71167e-20
55778.007 8.82763e-20
55778.107 1.02302e-19
55778.207 1.20045e-19
55778.307 1.42536e-19
55778.407 1.70857e-19
55778.507 2.05690e-19
55778.607 2.46286e-19
55778.707 2.88683e-19
55778.807 3.24257e-19
55778.907 3.41760e-19
55779.007 3.34560e-19
55779.107 3.06473e-19
55779.207 2.68295e-19
55779.307 2.29935e-19
55779.407 1.96763e-19
55779.507 1.70425e-19
55779.607 1.50706e-19
55779.707 1.36800e-19
55779.807 1.27919e-19
55779.907 1.23510e-19
55780.007 1.23335e-19
55780.107 1.27482e-19
55780.207 1.36387e-19
55780.307 1.50826e-19
55780.407 1.71818e-19
55780.507 2.00279e-19
55780.607 2.36137e-19
55780.707 2.76855e-19
55780.807 3.16622e-19
55780.907 3.48704e-19
55781.007 3.68635e-19
55781.107 3.69060e-19
55781.207 3.37914e-19
55781.307 2.81383e-19
55781.407 2.22825e-19
55781.507 1.75548e-19
55781.607 1.40612e-19
55781.707 1.15216e-19
55781.807 9.65599e-20
55781.907 8.26000e-20
55782.007 7.19533e-20
55782.107 6.36942e-20
55782.207 5.71971e-20
55782.307 5.20333e-20
55782.407 4.79041e-20
55782.507 4.46000e-20
55782.607 4.19743e-20
55782.707 3.99263e-20
55782.807 3.83922e-20
55782.907 3.73401e-20
55783.007 3.67699e-20
55783.107 3.67181e-20
55783.207 3.72706e-20
55783.307 3.85876e-20
55783.407 4.09520e-20
55783.507 4.48632e-20
55783.607 5.12253e-20
55783.707 6.17111e-20
55783.807 7.93587e-20
55783.907 1.08583e-19
55784.007 1.48536e-19
55784.107 1.71301e-19
55784.207 1.47656e-19
55784.307 1.09371e-19
55784.407 8.25617e-20
55784.507 6.74780e-20
55784.607 5.99610e-20
55784.707 5.73834e-20
55784.807 5.86061e-20
55784.907 6.35137e-20
55785.007 7.28689e-20
55785.107 8.84703e-20
55785.207 1.13485e-19
55785.307 1.52179e-19
55785.407 2.05429e-19
55785.507 2.55205e-19
55785.607 2.60261e-19
55785.707 2.15222e-19
55785.807 1.60586e-19
55785.907 1.19185e-19
55786.007 9.19052e-20
55786.107 7.45278e-20
55786.207 6.35850e-20
55786.307 5.69264e-20
55786.407 5.33399e-20
55786.507 5.22213e-20
55786.607 5.33939e-20
55786.707 5.70499e-20
55786.807 6.37869e-20
55786.907 7.47312e-20
55787.007 9.16895e-20
55787.107 1.17009e-19
55787.207 1.51856e-19
55787.307 1.90212e-19
55787.407 2.11980e-19
55787.507 1.98722e-19
55787.607 1.61672e-19
55787.707 1.23882e-19
55787.807 9.50460e-20
55787.907 7.50292e-20
55788.007 6.14433e-20
55788.107 5.22385e-20
55788.207 4.60427e-20
55788.307 4.20119e-20
55788.407 3.96646e-20
55788.507 3.87801e-20
55788.607 3.93594e-20
55788.707 4.16510e-20
55788.807 4.62683e-20
55788.907 5.44876e-20
55789.007 6.89809e-20
55789.107 9.57300e-20
55789.207 1.49401e-19
55789.307 2.67278e-19
55789.407 5.00256e-19
55789.507 5.91217e-19
55789.607 3.54840e-19
55789.707 1.93546e-19
55789.807 1.19540e-19
55789.907 8.37219e-20
55790.007 6.50186e-20
55790.107 5.51942e-20
55790.207 5.10715e-20
55790.307 5.20462e-20
55790.407 5.99846e-20
55790.507 8.10531e-20
55790.607 1.22257e-19
55790.707 1.40259e-19
55790.807 1.18321e-19
55790.907 1.31484e-19
55791.007 2.27098e-19
55791.107 4.39763e-19
55791.207 3.11036e-19
55791.307 1.41772e-19
55791.407 7.86409e-20
55791.507 5.22035e-20
55791.607 3.89834e-20
55791.707 3.14546e-20
55791.807 2.67571e-20
55791.907 2.36313e-20
55792.007 2.14555e-20
55792.107 1.98955e-20
55792.207 1.87588e-20
55792.307 1.79294e-20
55792.407 1.73351e-20
55792.507 1.69299e-20
55792.607 1.66851e-20
55792.707 1.65830e-20
55792.807 1.66125e-20
55792.907 1.67635e-20
55793.007 1.70192e-20
55793.107 1.73468e-20
55793.207 1.76990e-20
55793.307 1.80462e-20
55793.407 1.84210e-20
55793.507 1.89114e-20
55793.607 1.96056e-20
55793.707 2.05638e-20
55793.807 2.18285e-20
55793.907 2.34408e-20
55794.007 2.54469e-20
55794.107 2.78947e-20
55794.207 3.07927e-20
55794.307 3.41122e-20
55794.407 3.77398e-20
55794.507 4.14020e-20
55794.607 4.47045e-20
55794.707 4.72381e-20
55794.807 4.87234e-20
55794.907 4.90970e-20
55795.007 4.85253e-20
55795.107 4.73499e-20
55795.207 4.58927e-20
55795.307 4.42201e-20
55795.407 4.23084e-20
55795.507 4.03797e-20
55795.607 3.86185e-20
55795.707 3.69584e-20
55795.807 3.52404e-20
55795.907 3.33546e-20
55796.007 3.12801e-20
55796.107 2.90697e-20
55796.207 2.68136e-20
55796.307 2.46042e-20
55796.407 2.25145e-20
55796.507 2.05908e-20
55796.607 1.88542e-20
55796.707 1.73078e-20
55796.807 1.59428e-20
55796.907 1.47438e-20
55797.007 1.36932e-20
55797.107 1.27729e-20
55797.207 1.19659e-20
55797.307 1.12568e-20
55797.407 1.06320e-20
55797.507 1.00798e-20
55797.607 9.59008e-21
55797.707 9.15422e-21
55797.807 8.76489e-21
55797.907 8.41589e-21
55798.007 8.10192e-21
55798.107 7.81847e-21
55798.207 7.56173e-21
55798.307 7.32840e-21
55798.407 7.11568e-21
55798.507 6.92116e-21
55798.607 6.74276e-21
55798.707 6.57869e-21
55798.807 6.42739e-21
55798.907 6.28750e-21
55799.007 6.15785e-21
55799.107 6.03740e-21
55799.207 5.92524e-21
55799.307 5.82059e-21
55799.407 5.72273e-21
55799.507 5.63104e-21
55799.607 5.54497e-21
55799.707 5.46404e-21
55799.807 5.38779e-21
55799.907 5.31585e-21
55800.007 5.24785e-21
55800.107 5.18350e-21
55800.207 5.12249e-21
55800.307 5.06459e-21
55800.407 5.00955e-21
55800.507 4.95717e-21
55800.607 4.90727e-21
55800.707 4.85966e-21
55800.807 4.81420e-21
55800.907 4.77075e-21
55801.007 4.72916e-21
55801.107 4.68933e-21
55801.207 4.65115e-21
55801.307 4.61452e-21
55801.407 4.57934e-21
55801.507 4.54554e-21
55801.607 4.51304e-21
55801.707 4.48176e-21
55801.807 4.45166e-21
55801.907 4.42265e-21
55802.007 4.39471e-21
55802.107 4.36776e-21
55802.207 4.34177e-21
55802.307 4.31670e-21
55802.407 4.29251e-21
55802.507 4.26915e-21
55802.607 4.24661e-21
55802.707 4.22485e-21
55802.807 4.20383e-21
55802.907 4.18352e-21
55803.007 4.16390e-21
55803.107 4.14492e-21
55803.207 4.12651e-21
55803.307 4.10863e-21
55803.407 4.09115e-21
55803.507 4.07394e-21
55803.607 4.05679e-21
55803.707 4.03941e-21
55803.807 4.02145e-21
55803.907 4.00251e-21
55804.007 3.98224e-21
55804.107 3.96053e-21
55804.207 3.93768e-21
55804.307 3.91440e-21
55804.407 3.89165e-21
55804.507 3.87029e-21
55804.607 3.85078e-21
55804.707 3.83319e-21
55804.807 3.81734e-21
55804.907 3.80292e-21
