55459.607 5.00254e-21
55459.707 4.96832e-21
55459.807 4.93451e-21
55459.907 4.90108e-21
55460.007 4.86805e-21
55460.107 4.83539e-21
55460.207 4.80311e-21
55460.307 4.77119e-21
55460.407 4.73964e-21
55460.507 4.70844e-21
55460.607 4.67760e-21
55460.707 4.64710e-21
55460.807 4.61694e-21
55460.907 4.58711e-21
55461.007 4.55761e-21
55461.107 4.52844e-21
55461.207 4.49958e-21
55461.307 4.47104e-21
55461.407 4.44280e-21
55461.507 4.41487e-21
55461.607 4.38724e-21
55461.707 4.35990e-21
55461.807 4.33286e-21
55461.907 4.30609e-21
55462.007 4.27961e-21
55462.107 4.25341e-21
55462.207 4.22748e-21
55462.307 4.20182e-21
55462.407 4.17642e-21
55462.507 4.15128e-21
55462.607 4.12641e-21
55462.707 4.10178e-21
55462.807 4.07740e-21
55462.907 4.05327e-21
55463.007 4.02938e-21
55463.107 4.00574e-21
55463.207 3.98232e-21
55463.307 3.95914e-21
55463.407 3.93619e-21
55463.507 3.91347e-21
55463.607 3.89097e-21
55463.707 3.86869e-21
55463.807 3.84663e-21
55463.907 3.82478e-21
55464.007 3.80315e-21
55464.107 3.78172e-21
55464.207 3.76050e-21
55464.307 3.73949e-21
55464.407 3.71867e-21
55464.507 3.69806e-21
55464.607 3.67764e-21
55464.707 3.65741e-21
55464.807 3.63738e-21
55464.907 3.61753e-21
55465.007 3.59786e-21
55465.107 3.57838e-21
55465.207 3.55908e-21
55465.307 3.53995e-21
55465.407 3.52100e-21
55465.507 3.50222e-21
55465.607 3.48361e-21
55465.707 3.46517e-21
55465.807 3.44689e-21
55465.907 3.42878e-21
55466.007 3.41084e-21
55466.107 3.39306e-21
55466.207 3.37543e-21
55466.307 3.35796e-21
55466.407 3.34065e-21
55466.507 3.32349e-21
55466.607 3.30649e-21
55466.707 3.28963e-21
55466.807 3.27292e-21
55466.907 3.25636e-21
55467.007 3.23993e-21
55467.107 3.22366e-21
55467.207 3.20752e-21
55467.307 3.19152e-21
55467.407 3.17566e-21
55467.507 3.15993e-21
55467.607 3.14433e-21
55467.707 3.12887e-21
55467.807 3.11354e-21
55467.907 3.09834e-21
55468.007 3.08326e-21
55468.107 3.06831e-21
55468.207 3.05349e-21
55468.307 3.03879e-21
55468.407 3.02421e-21
55468.507 3.00975e-21
55468.607 2.99540e-21
55468.707 2.98118e-21
55468.807 2.96707e-21
55468.907 2.95307e-21
55469.007 2.93919e-21
55469.107 2.92542e-21
55469.207 2.91176e-21
55469.307 2.89821e-21
55469.407 2.88477e-21
55469.507 2.87144e-21
55469.607 2.85821e-21
55469.707 2.84508e-21
55469.807 2.83206e-21
55469.907 2.81914e-21
55470.007 2.80631e-21
55470.107 2.79359e-21
55470.207 2.78097e-21
55470.307 2.76844e-21
55470.407 2.75601e-21
55470.507 2.74367e-21
55470.607 2.73143e-21
55470.707 2.71927e-21
55470.807 2.70721e-21
55470.907 2.69524e-21
55471.007 2.68335e-21
55471.107 2.67155e-21
55471.207 2.65984e-21
55471.307 2.64821e-21
55471.407 2.63666e-21
55471.507 2.62520e-21
55471.607 2.61381e-21
55471.707 2.60250e-21
55471.807 2.59128e-21
55471.907 2.58012e-21
55472.007 2.56905e-21
55472.107 2.55805e-21
55472.207 2.54712e-21
55472.307 2.53626e-21
55472.407 2.52547e-21
55472.507 2.51475e-21
55472.607 2.50410e-21
55472.707 2.49351e-21
55472.807 2.48299e-21
55472.907 2.47253e-21
55473.007 2.46214e-21
55473.107 2.45181e-21
55473.207 2.44154e-21
55473.307 2.43133e-21
55473.407 2.42118e-21
55473.507 2.41109e-21
55473.607 2.40106e-21
55473.707 2.39108e-21
55473.807 2.38116e-21
55473.907 2.37129e-21
55474.007 2.36148e-21
55474.107 2.35173e-21
55474.207 2.34203e-21
55474.307 2.33238e-21
55474.407 2.32279e-21
55474.507 2.31325e-21
55474.607 2.30376e-21
55474.707 2.29432e-21
55474.807 2.28494e-21
55474.907 2.27561e-21
55475.007 2.26634e-21
55475.107 2.25711e-21
55475.207 2.24794e-21
55475.307 2.23882e-21
55475.407 2.22975e-21
55475.507 2.22074e-21
55475.607 2.21177e-21
55475.707 2.20286e-21
55475.807 2.19401e-21
55475.907 2.18520e-21
55476.007 2.17645e-21
55476.107 2.16775e-21
55476.207 2.15910e-21
55476.307 2.15051e-21
55476.407 2.14196e-21
55476.507 2.13347e-21
55476.607 2.12504e-21
55476.707 2.11665e-21
55476.807 2.10832e-21
55476.907 2.10004e-21
55477.007 2.09181e-21
55477.107 2.08364e-21
55477.207 2.07551e-21
55477.307 2.06744e-21
55477.407 2.05943e-21
55477.507 2.05146e-21
55477.607 2.04354e-21
55477.707 2.03568e-21
55477.807 2.02787e-21
55477.907 2.02011e-21
55478.007 2.01240e-21
55478.107 2.00474e-21
55478.207 1.99714e-21
55478.307 1.98958e-21
55478.407 1.98207e-21
55478.507 1.97462e-21
55478.607 1.96721e-21
55478.707 1.95985e-21
55478.807 1.95255e-21
55478.907 1.94529e-21
55479.007 1.93808e-21
55479.107 1.93092e-21
55479.207 1.92381e-21
55479.307 1.91675e-21
55479.407 1.90973e-21
55479.507 1.90277e-21
55479.607 1.89585e-21
55479.707 1.88898e-21
55479.807 1.88215e-21
55479.907 1.87537e-21
55480.007 1.86864e-21
55480.107 1.86196e-21
55480.207 1.85532e-21
55480.307 1.84873e-21
55480.407 1.84218e-21
55480.507 1.83568e-21
55480.607 1.82922e-21
55480.707 1.82282e-21
55480.807 1.81645e-21
55480.907 1.81012e-21
55481.007 1.80385e-21
55481.107 1.79761e-21
55481.207 1.79142e-21
55481.307 1.78528e-21
55481.407 1.77918e-21
55481.507 1.77312e-21
55481.607 1.76711e-21
55481.707 1.76114e-21
55481.807 1.75521e-21
55481.907 1.74932e-21
55482.007 1.74348e-21
55482.107 1.73768e-21
55482.207 1.73192e-21
55482.307 1.72621e-21
55482.407 1.72053e-21
55482.507 1.71490e-21
55482.607 1.70931e-21
55482.707 1.70377e-21
55482.807 1.69826e-21
55482.907 1.69280e-21
55483.007 1.68738e-21
55483.107 1.68200e-21
55483.207 1.67666e-21
55483.307 1.67136e-21
55483.407 1.66610e-21
55483.507 1.66089e-21
55483.607 1.65572e-21
55483.707 1.65059e-21
55483.807 1.64549e-21
55483.907 1.64045e-21
55484.007 1.63544e-21
55484.107 1.63047e-21
55484.207 1.62555e-21
55484.307 1.62066e-21
55484.407 1.61582e-21
55484.507 1.61102e-21
55484.607 1.60626e-21
55484.707 1.60155e-21
55484.807 1.59687e-21
55484.907 1.59224e-21
55485.007 1.58765e-21
55485.107 1.58310e-21
55485.207 1.57859e-21
55485.307 1.57413e-21
55485.407 1.56970e-21
55485.507 1.56533e-21
55485.607 1.56099e-21
55485.707 1.55670e-21
55485.807 1.55245e-21
55485.907 1.54824e-21
55486.007 1.54408e-21
55486.107 1.53996e-21
55486.207 1.53589e-21
55486.307 1.53186e-21
55486.407 1.52788e-21
55486.507 1.52394e-21
55486.607 1.52004e-21
55486.707 1.51620e-21
55486.807 1.51239e-21
55486.907 1.50864e-21
55487.007 1.50493e-21
55487.107 1.50127e-21
55487.207 1.49765e-21
55487.307 1.49409e-21
55487.407 1.49057e-21
55487.507 1.48710e-21
55487.607 1.48368e-21
55487.707 1.48031e-21
55487.807 1.47699e-21
55487.907 1.47372e-21
55488.007 1.47050e-21
55488.107 1.46733e-21
55488.207 1.46422e-21
55488.307 1.46115e-21
55488.407 1.45814e-21
55488.507 1.45518e-21
55488.607 1.45228e-21
55488.707 1.44943e-21
55488.807 1.44663e-21
55488.907 1.44389e-21
55489.007 1.44120e-21
55489.107 1.43857e-21
55489.207 1.43600e-21
55489.307 1.43348e-21
55489.407 1.43103e-21
55489.507 1.42862e-21
55489.607 1.42628e-21
55489.707 1.42399e-21
55489.807 1.42177e-21
55489.907 1.41960e-21
55490.007 1.41749e-21
55490.107 1.41544e-21
55490.207 1.41345e-21
55490.307 1.41152e-21
55490.407 1.40965e-21
55490.507 1.40784e-21
55490.607 1.40609e-21
55490.707 1.40440e-21
55490.807 1.40277e-21
55490.907 1.40120e-21
55491.007 1.39969e-21
55491.107 1.39824e-21
55491.207 1.39684e-21
55491.307 1.39551e-21
55491.407 1.39423e-21
55491.507 1.39300e-21
55491.607 1.39183e-21
55491.707 1.39072e-21
55491.807 1.38966e-21
55491.907 1.38865e-21
55492.007 1.38770e-21
55492.107 1.38679e-21
55492.207 1.38594e-21
55492.307 1.38513e-21
55492.407 1.38436e-21
55492.507 1.38364e-21
55492.607 1.38296e-21
55492.707 1.38232e-21
55492.807 1.38172e-21
55492.907 1.38116e-21
55493.007 1.38063e-21
55493.107 1.38013e-21
55493.207 1.37967e-21
55493.307 1.37923e-21
55493.407 1.37881e-21
55493.507 1.37843e-21
55493.607 1.37806e-21
55493.707 1.37772e-21
55493.807 1.37739e-21
55493.907 1.37708e-21
55494.007 1.37679e-21
55494.107 1.37651e-21
55494.207 1.37625e-21
55494.307 1.37600e-21
55494.407 1.37576e-21
55494.507 1.37553e-21
55494.607 1.37532e-21
55494.707 1.37511e-21
55494.807 1.37492e-21
55494.907 1.37473e-21
55495.007 1.37456e-21
55495.107 1.37440e-21
55495.207 1.37425e-21
55495.307 1.37412e-21
55495.407 1.37399e-21
55495.507 1.37388e-21
55495.607 1.37378e-21
55495.707 1.37370e-21
55495.807 1.37362e-21
55495.907 1.37356e-21
55496.007 1.37350e-21
55496.107 1.37344e-21
55496.207 1.37339e-21
55496.307 1.37333e-21
55496.407 1.37325e-21
55496.507 1.37316e-21
55496.607 1.37304e-21
55496.707 1.37287e-21
55496.807 1.37265e-21
55496.907 1.37236e-21
55497.007 1.37198e-21
55497.107 1.37150e-21
55497.207 1.37088e-21
55497.307 1.37012e-21
55497.407 1.36918e-21
55497.507 1.36804e-21
55497.607 1.36668e-21
55497.707 1.36506e-21
55497.807 1.36317e-21
55497.907 1.36097e-21
55498.007 1.35846e-21
55498.107 1.35560e-21
55498.207 1.35238e-21
55498.307 1.34879e-21
55498.407 1.34483e-21
55498.507 1.34049e-21
55498.607 1.33576e-21
55498.707 1.33067e-21
55498.807 1.32522e-21
55498.907 1.31942e-21
55499.007 1.31331e-21
55499.107 1.30689e-21
55499.207 1.30020e-21
55499.307 1.29327e-21
55499.407 1.28612e-21
55499.507 1.27879e-21
55499.607 1.27130e-21
55499.707 1.26369e-21
55499.807 1.25597e-21
55499.907 1.24819e-21
55500.007 1.24035e-21
55500.107 1.23250e-21
55500.207 1.22464e-21
55500.307 1.21680e-21
55500.407 1.20899e-21
55500.507 1.20123e-21
55500.607 1.19353e-21
55500.707 1.18590e-21
55500.807 1.17836e-21
55500.907 1.17091e-21
55501.007 1.16356e-21
55501.107 1.15632e-21
55501.207 1.14918e-21
55501.307 1.14216e-21
55501.407 1.13525e-21
55501.507 1.12845e-21
55501.607 1.12178e-21
55501.707 1.11522e-21
55501.807 1.10878e-21
55501.907 1.10245e-21
55502.007 1.09625e-21
55502.107 1.09015e-21
55502.207 1.08417e-21
55502.307 1.07831e-21
55502.407 1.07255e-21
55502.507 1.06689e-21
55502.607 1.06135e-21
55502.707 1.05590e-21
55502.807 1.05056e-21
55502.907 1.04531e-21
55503.007 1.04015e-21
55503.107 1.03509e-21
55503.207 1.03012e-21
55503.307 1.02524e-21
55503.407 1.02044e-21
55503.507 1.01572e-21
55503.607 1.01109e-21
55503.707 1.00653e-21
55503.807 1.00205e-21
55503.907 9.97638e-22
55504.007 9.93300e-22
55504.107 9.89031e-22
55504.207 9.84829e-22
55504.307 9.80693e-22
55504.407 9.76619e-22
55504.507 9.72607e-22
55504.607 9.68655e-22
55504.707 9.64760e-22
55504.807 9.60922e-22
55504.907 9.57138e-22
55505.007 9.53407e-22
55505.107 9.49728e-22
55505.207 9.46099e-22
55505.307 9.42518e-22
55505.407 9.38985e-22
55505.507 9.35498e-22
55505.607 9.32055e-22
55505.707 9.28657e-22
55505.807 9.25300e-22
55505.907 9.21985e-22
55506.007 9.18710e-22
55506.107 9.15474e-22
55506.207 9.12276e-22
55506.307 9.09115e-22
55506.407 9.05991e-22
55506.507 9.02901e-22
55506.607 8.99847e-22
55506.707 8.96826e-22
55506.807 8.93837e-22
55506.907 8.90881e-22
55507.007 8.87956e-22
55507.107 8.85062e-22
55507.207 8.82197e-22
55507.307 8.79362e-22
55507.407 8.76555e-22
55507.507 8.73777e-22
55507.607 8.71025e-22
55507.707 8.68300e-22
55507.807 8.65602e-22
55507.907 8.62929e-22
55508.007 8.60281e-22
55508.107 8.57658e-22
55508.207 8.55059e-22
55508.307 8.52483e-22
55508.407 8.49931e-22
55508.507 8.47402e-22
55508.607 8.44895e-22
55508.707 8.42409e-22
55508.807 8.39946e-22
55508.907 8.37503e-22
55509.007 8.35081e-22
55509.107 8.32680e-22
55509.207 8.30299e-22
55509.307 8.27937e-22
55509.407 8.25595e-22
55509.507 8.23272e-22
55509.607 8.20967e-22
55509.707 8.18682e-22
55509.807 8.16414e-22
55509.907 8.14164e-22
55510.007 8.11932e-22
55510.107 8.09718e-22
55510.207 8.07521e-22
55510.307 8.05340e-22
55510.407 8.03177e-22
55510.507 8.01029e-22
55510.607 7.98898e-22
55510.707 7.96784e-22
55510.807 7.94685e-22
55510.907 7.92601e-22
55511.007 7.90534e-22
55511.107 7.88481e-22
55511.207 7.86444e-22
55511.307 7.84422e-22
55511.407 7.82414e-22
55511.507 7.80422e-22
55511.607 7.78444e-22
55511.707 7.76480e-22
55511.807 7.74531e-22
55511.907 7.72596e-22
55512.007 7.70676e-22
55512.107 7.68770e-22
55512.207 7.66878e-22
55512.307 7.65000e-22
55512.407 7.63136e-22
55512.507 7.61287e-22
55512.607 7.59453e-22
55512.707 7.57634e-22
55512.807 7.55831e-22
55512.907 7.54045e-22
55513.007 7.52276e-22
55513.107 7.50526e-22
55513.207 7.48799e-22
55513.307 7.47097e-22
55513.407 7.45427e-22
55513.507 7.43797e-22
55513.607 7.42223e-22
55513.707 7.40727e-22
55513.807 7.39344e-22
55513.907 7.38118e-22
55514.007 7.37059e-22
55514.107 7.36021e-22
55514.207 7.34613e-22
55514.307 7.32621e-22
55514.407 7.30361e-22
55514.507 7.28173e-22
55514.607 7.26151e-22
55514.707 7.24269e-22
55514.807 7.22489e-22
55514.907 7.20780e-22
55515.007 7.19121e-22
55515.107 7.17499e-22
55515.207 7.15907e-22
55515.307 7.14338e-22
55515.407 7.12790e-22
55515.507 7.11260e-22
55515.607 7.09745e-22
55515.707 7.08246e-22
55515.807 7.06760e-22
55515.907 7.05287e-22
55516.007 7.03827e-22
55516.107 7.02379e-22
55516.207 7.00943e-22
55516.307 6.99518e-22
55516.407 6.98105e-22
55516.507 6.96703e-22
55516.607 6.95312e-22
55516.707 6.93933e-22
55516.807 6.92565e-22
55516.907 6.91209e-22
55517.007 6.89863e-22
55517.107 6.88529e-22
55517.207 6.87207e-22
55517.307 6.85895e-22
55517.407 6.84595e-22
55517.507 6.83307e-22
55517.607 6.82030e-22
55517.707 6.80764e-22
55517.807 6.79510e-22
55517.907 6.78267e-22
55518.007 6.77035e-22
55518.107 6.75815e-22
55518.207 6.74607e-22
55518.307 6.73410e-22
55518.407 6.72225e-22
55518.507 6.71051e-22
55518.607 6.69890e-22
55518.707 6.68739e-22
55518.807 6.67601e-22
55518.907 6.66475e-22
55519.007 6.65360e-22
55519.107 6.64258e-22
55519.207 6.63167e-22
55519.307 6.62089e-22
55519.407 6.61022e-22
55519.507 6.59968e-22
55519.607 6.58927e-22
55519.707 6.57898e-22
55519.807 6.56881e-22
55519.907 6.55877e-22
55520.007 6.54886e-22
55520.107 6.53907e-22
55520.207 6.52941e-22
55520.307 6.51989e-22
55520.407 6.51049e-22
55520.507 6.50123e-22
55520.607 6.49210e-22
55520.707 6.48311e-22
55520.807 6.47425e-22
55520.907 6.46553e-22
55521.007 6.45694e-22
55521.107 6.44850e-22
55521.207 6.44020e-22
55521.307 6.43204e-22
55521.407 6.42402e-22
55521.507 6.41615e-22
55521.607 6.40842e-22
55521.707 6.40084e-22
55521.807 6.39341e-22
55521.907 6.38613e-22
55522.007 6.37901e-22
55522.107 6.37203e-22
55522.207 6.36522e-22
55522.307 6.35856e-22
55522.407 6.35205e-22
55522.507 6.34571e-22
55522.607 6.33953e-22
55522.707 6.33351e-22
55522.807 6.32766e-22
55522.907 6.32198e-22
55523.007 6.31647e-22
55523.107 6.31112e-22
55523.207 6.30595e-22
55523.307 6.30095e-22
55523.407 6.29614e-22
55523.507 6.29149e-22
55523.607 6.28703e-22
55523.707 6.28276e-22
55523.807 6.27866e-22
55523.907 6.27476e-22
55524.007 6.27104e-22
55524.107 6.26751e-22
55524.207 6.26418e-22
55524.307 6.26104e-22
55524.407 6.25810e-22
55524.507 6.25536e-22
55524.607 6.25282e-22
55524.707 6.25048e-22
55524.807 6.24835e-22
55524.907 6.24643e-22
55525.007 6.24472e-22
55525.107 6.24321e-22
55525.207 6.24193e-22
55525.307 6.24086e-22
55525.407 6.24000e-22
55525.507 6.23937e-22
55525.607 6.23896e-22
55525.707 6.23877e-22
55525.807 6.23880e-22
55525.907 6.23906e-22
55526.007 6.23955e-22
55526.107 6.24026e-22
55526.207 6.24121e-22
55526.307 6.24238e-22
55526.407 6.24378e-22
55526.507 6.24540e-22
55526.607 6.24726e-22
55526.707 6.24934e-22
55526.807 6.25164e-22
55526.907 6.25417e-22
55527.007 6.25692e-22
55527.107 6.25989e-22
55527.207 6.26307e-22
55527.307 6.26646e-22
55527.407 6.27006e-22
55527.507 6.27386e-22
55527.607 6.27786e-22
55527.707 6.28205e-22
55527.807 6.28644e-22
55527.907 6.29101e-22
55528.007 6.29576e-22
55528.107 6.30071e-22
55528.207 6.30584e-22
55528.307 6.31116e-22
55528.407 6.31667e-22
55528.507 6.32240e-22
55528.607 6.32834e-22
55528.707 6.33451e-22
55528.807 6.34092e-22
55528.907 6.34758e-22
55529.007 6.35452e-22
55529.107 6.36173e-22
55529.207 6.36924e-22
55529.307 6.37705e-22
55529.407 6.38516e-22
55529.507 6.39359e-22
55529.607 6.40232e-22
55529.707 6.41136e-22
55529.807 6.42070e-22
55529.907 6.43034e-22
55530.007 6.44027e-22
55530.107 6.45048e-22
55530.207 6.46096e-22
55530.307 6.47170e-22
55530.407 6.48270e-22
55530.507 6.49394e-22
55530.607 6.50542e-22
55530.707 6.51712e-22
55530.807 6.52904e-22
55530.907 6.54117e-22
55531.007 6.55350e-22
55531.107 6.56602e-22
55531.207 6.57873e-22
55531.307 6.59162e-22
55531.407 6.60468e-22
55531.507 6.61791e-22
55531.607 6.63130e-22
55531.707 6.64485e-22
55531.807 6.65856e-22
55531.907 6.67241e-22
55532.007 6.68640e-22
55532.107 6.70054e-22
55532.207 6.71481e-22
55532.307 6.72921e-22
55532.407 6.74374e-22
55532.507 6.75840e-22
55532.607 6.77318e-22
55532.707 6.78809e-22
55532.807 6.80312e-22
55532.907 6.81825e-22
55533.007 6.83348e-22
55533.107 6.84882e-22
55533.207 6.86424e-22
55533.307 6.87975e-22
55533.407 6.89536e-22
55533.507 6.91104e-22
55533.607 6.92679e-22
55533.707 6.94260e-22
55533.807 6.95844e-22
55533.907 6.97430e-22
55534.007 6.99018e-22
55534.107 7.00604e-22
55534.207 7.02186e-22
55534.307 7.03761e-22
55534.407 7.05326e-22
55534.507 7.06878e-22
55534.607 7.08414e-22
55534.707 7.09927e-22
55534.807 7.11414e-22
55534.907 7.12870e-22
55535.007 7.14288e-22
55535.107 7.15662e-22
55535.207 7.16986e-22
55535.307 7.18253e-22
55535.407 7.19454e-22
55535.507 7.20582e-22
55535.607 7.21629e-22
55535.707 7.22586e-22
55535.807 7.23445e-22
55535.907 7.24196e-22
55536.007 7.24831e-22
55536.107 7.25341e-22
55536.207 7.25719e-22
55536.307 7.25957e-22
55536.407 7.26047e-22
55536.507 7.25982e-22
55536.607 7.25758e-22
55536.707 7.25370e-22
55536.807 7.24814e-22
55536.907 7.24088e-22
55537.007 7.23191e-22
55537.107 7.22122e-22
55537.207 7.20884e-22
55537.307 7.19480e-22
55537.407 7.17912e-22
55537.507 7.16186e-22
55537.607 7.14309e-22
55537.707 7.12288e-22
55537.807 7.10130e-22
55537.907 7.07844e-22
55538.007 7.05440e-22
55538.107 7.02927e-22
55538.207 7.00316e-22
55538.307 6.97617e-22
55538.407 6.94840e-22
55538.507 6.91995e-22
55538.607 6.89094e-22
55538.707 6.86145e-22
55538.807 6.83159e-22
55538.907 6.80145e-22
55539.007 6.77111e-22
55539.107 6.74068e-22
55539.207 6.71021e-22
55539.307 6.67980e-22
55539.407 6.64951e-22
55539.507 6.61940e-22
55539.607 6.58955e-22
55539.707 6.56000e-22
55539.807 6.53080e-22
55539.907 6.50202e-22
55540.007 6.47367e-22
55540.107 6.44582e-22
55540.207 6.41848e-22
55540.307 6.39170e-22
55540.407 6.36549e-22
55540.507 6.33989e-22
55540.607 6.31492e-22
55540.707 6.29059e-22
55540.807 6.26693e-22
55540.907 6.24394e-22
55541.007 6.22165e-22
55541.107 6.20005e-22
55541.207 6.17917e-22
55541.307 6.15900e-22
55541.407 6.13956e-22
55541.507 6.12085e-22
55541.607 6.10287e-22
55541.707 6.08563e-22
55541.807 6.06913e-22
55541.907 6.05337e-22
55542.007 6.03835e-22
55542.107 6.02408e-22
55542.207 6.01056e-22
55542.307 5.99778e-22
55542.407 5.98575e-22
55542.507 5.97447e-22
55542.607 5.96393e-22
55542.707 5.95414e-22
55542.807 5.94510e-22
55542.907 5.93681e-22
55543.007 5.92927e-22
55543.107 5.92248e-22
55543.207 5.91644e-22
55543.307 5.91115e-22
55543.407 5.90662e-22
55543.507 5.90285e-22
55543.607 5.89984e-22
55543.707 5.89759e-22
55543.807 5.89611e-22
55543.907 5.89540e-22
55544.007 5.89546e-22
55544.107 5.89631e-22
55544.207 5.89794e-22
55544.307 5.90037e-22
55544.407 5.90359e-22
55544.507 5.90762e-22
55544.607 5.91246e-22
55544.707 5.91813e-22
55544.807 5.92463e-22
55544.907 5.93197e-22
55545.007 5.94016e-22
55545.107 5.94922e-22
55545.207 5.95915e-22
55545.307 5.96998e-22
55545.407 5.98170e-22
55545.507 5.99434e-22
55545.607 6.00792e-22
55545.707 6.02244e-22
55545.807 6.03793e-22
55545.907 6.05440e-22
55546.007 6.07187e-22
55546.107 6.09036e-22
55546.207 6.10990e-22
55546.307 6.13050e-22
55546.407 6.15219e-22
55546.507 6.17499e-22
55546.607 6.19892e-22
55546.707 6.22402e-22
55546.807 6.25031e-22
55546.907 6.27781e-22
55547.007 6.30657e-22
55547.107 6.33660e-22
55547.207 6.36794e-22
55547.307 6.40064e-22
55547.407 6.43471e-22
55547.507 6.47020e-22
55547.607 6.50714e-22
55547.707 6.54559e-22
55547.807 6.58557e-22
55547.907 6.62713e-22
55548.007 6.67031e-22
55548.107 6.71517e-22
55548.207 6.76174e-22
55548.307 6.81009e-22
55548.407 6.86026e-22
55548.507 6.91230e-22
55548.607 6.96628e-22
55548.707 7.02224e-22
55548.807 7.08026e-22
55548.907 7.14038e-22
55549.007 7.20268e-22
55549.107 7.26723e-22
55549.207 7.33408e-22
55549.307 7.40331e-22
55549.407 7.47500e-22
55549.507 7.54921e-22
55549.607 7.62603e-22
55549.707 7.70553e-22
55549.807 7.78779e-22
55549.907 7.87291e-22
55550.007 7.96095e-22
55550.107 8.05202e-22
55550.207 8.14620e-22
55550.307 8.24358e-22
55550.407 8.34424e-22
55550.507 8.44830e-22
55550.607 8.55583e-22
55550.707 8.66694e-22
55550.807 8.78172e-22
55550.907 8.90026e-22
55551.007 9.02267e-22
55551.107 9.14904e-22
55551.207 9.27946e-22
55551.307 9.41402e-22
55551.407 9.55282e-22
55551.507 9.69594e-22
55551.607 9.84346e-22
55551.707 9.99546e-22
55551.807 1.01520e-21
55551.907 1.03132e-21
55552.007 1.04791e-21
55552.107 1.06497e-21
55552.207 1.08251e-21
55552.307 1.10053e-21
55552.407 1.11903e-21
55552.507 1.13801e-21
55552.607 1.15747e-21
55552.707 1.17742e-21
55552.807 1.19783e-21
55552.907 1.21872e-21
55553.007 1.24006e-21
55553.107 1.26185e-21
55553.207 1.28407e-21
55553.307 1.30672e-21
55553.407 1.32976e-21
55553.507 1.35318e-21
55553.607 1.37696e-21
55553.707 1.40106e-21
55553.807 1.42547e-21
55553.907 1.45015e-21
55554.007 1.47506e-21
55554.107 1.50018e-21
55554.207 1.52547e-21
55554.307 1.55088e-21
55554.407 1.57639e-21
55554.507 1.60194e-21
55554.607 1.62751e-21
55554.707 1.65306e-21
55554.807 1.67854e-21
55554.907 1.70394e-21
55555.007 1.72921e-21
55555.107 1.75433e-21
55555.207 1.77928e-21
55555.307 1.80403e-21
55555.407 1.82858e-21
55555.507 1.85292e-21
55555.607 1.87705e-21
55555.707 1.90097e-21
55555.807 1.92470e-21
55555.907 1.94828e-21
55556.007 1.97173e-21
55556.107 1.99510e-21
55556.207 2.01844e-21
55556.307 2.04183e-21
55556.407 2.06531e-21
55556.507 2.08895e-21
55556.607 2.11282e-21
55556.707 2.13697e-21
55556.807 2.16145e-21
55556.907 2.18630e-21
55557.007 2.21154e-21
55557.107 2.23717e-21
55557.207 2.26318e-21
55557.307 2.28952e-21
55557.407 2.31608e-21
55557.507 2.34275e-21
55557.607 2.36933e-21
55557.707 2.39554e-21
55557.807 2.42104e-21
55557.907 2.44543e-21
55558.007 2.46827e-21
55558.107 2.48910e-21
55558.207 2.50745e-21
55558.307 2.52283e-21
55558.407 2.53479e-21
55558.507 2.54284e-21
55558.607 2.54654e-21
55558.707 2.54545e-21
55558.807 2.53926e-21
55558.907 2.52773e-21
55559.007 2.51078e-21
55559.107 2.48844e-21
55559.207 2.46089e-21
55559.307 2.42847e-21
55559.407 2.39157e-21
55559.507 2.35072e-21
55559.607 2.30648e-21
55559.707 2.25942e-21
55559.807 2.21016e-21
55559.907 2.15926e-21
55560.007 2.10726e-21
55560.107 2.05465e-21
55560.207 2.00187e-21
55560.307 1.94930e-21
55560.407 1.89726e-21
55560.507 1.84601e-21
55560.607 1.79578e-21
55560.707 1.74673e-21
55560.807 1.69900e-21
55560.907 1.65268e-21
55561.007 1.60784e-21
55561.107 1.56451e-21
55561.207 1.52273e-21
55561.307 1.48248e-21
55561.407 1.44375e-21
55561.507 1.40654e-21
55561.607 1.37079e-21
55561.707 1.33648e-21
55561.807 1.30357e-21
55561.907 1.27200e-21
55562.007 1.24173e-21
55562.107 1.21271e-21
55562.207 1.18489e-21
55562.307 1.15822e-21
55562.407 1.13265e-21
55562.507 1.10813e-21
55562.607 1.08462e-21
55562.707 1.06207e-21
55562.807 1.04044e-21
55562.907 1.01968e-21
55563.007 9.99749e-22
55563.107 9.80614e-22
55563.207 9.62236e-22
55563.307 9.44578e-22
55563.407 9.27607e-22
55563.507 9.11290e-22
55563.607 8.95597e-22
55563.707 8.80500e-22
55563.807 8.65969e-22
55563.907 8.51979e-22
55564.007 8.38506e-22
55564.107 8.25525e-22
55564.207 8.13014e-22
55564.307 8.00952e-22
55564.407 7.89319e-22
55564.507 7.78096e-22
55564.607 7.67265e-22
55564.707 7.56810e-22
55564.807 7.46712e-22
55564.907 7.36958e-22
55565.007 7.27533e-22
55565.107 7.18423e-22
55565.207 7.09615e-22
55565.307 7.01097e-22
55565.407 6.92856e-22
55565.507 6.84881e-22
55565.607 6.77163e-22
55565.707 6.69690e-22
55565.807 6.62454e-22
55565.907 6.55444e-22
55566.007 6.48653e-22
55566.107 6.42073e-22
55566.207 6.35694e-22
55566.307 6.29510e-22
55566.407 6.23515e-22
55566.507 6.17700e-22
55566.607 6.12059e-22
55566.707 6.06587e-22
55566.807 6.01278e-22
55566.907 5.96125e-22
55567.007 5.91124e-22
55567.107 5.86269e-22
55567.207 5.81557e-22
55567.307 5.76981e-22
55567.407 5.72537e-22
55567.507 5.68222e-22
55567.607 5.64032e-22
55567.707 5.59962e-22
55567.807 5.56008e-22
55567.907 5.52168e-22
55568.007 5.48438e-22
55568.107 5.44815e-22
55568.207 5.41295e-22
55568.307 5.37875e-22
55568.407 5.34554e-22
55568.507 5.31327e-22
55568.607 5.28193e-22
55568.707 5.25149e-22
55568.807 5.22193e-22
55568.907 5.19322e-22
55569.007 5.16535e-22
55569.107 5.13828e-22
55569.207 5.11201e-22
55569.307 5.08650e-22
55569.407 5.06176e-22
55569.507 5.03774e-22
55569.607 5.01445e-22
55569.707 4.99186e-22
55569.807 4.96996e-22
55569.907 4.94873e-22
55570.007 4.92816e-22
55570.107 4.90824e-22
55570.207 4.88895e-22
55570.307 4.87028e-22
55570.407 4.85222e-22
55570.507 4.83475e-22
55570.607 4.81787e-22
55570.707 4.80157e-22
55570.807 4.78583e-22
55570.907 4.77065e-22
55571.007 4.75602e-22
55571.107 4.74192e-22
55571.207 4.72836e-22
55571.307 4.71532e-22
55571.407 4.70279e-22
55571.507 4.69078e-22
55571.607 4.67926e-22
55571.707 4.66824e-22
55571.807 4.65771e-22
55571.907 4.64766e-22
55572.007 4.63809e-22
55572.107 4.62900e-22
55572.207 4.62037e-22
55572.307 4.61221e-22
55572.407 4.60450e-22
55572.507 4.59726e-22
55572.607 4.59046e-22
55572.707 4.58412e-22
55572.807 4.57822e-22
55572.907 4.57276e-22
55573.007 4.56774e-22
55573.107 4.56317e-22
55573.207 4.55903e-22
55573.307 4.55532e-22
55573.407 4.55205e-22
55573.507 4.54920e-22
55573.607 4.54679e-22
55573.707 4.54481e-22
55573.807 4.54325e-22
55573.907 4.54213e-22
55574.007 4.54143e-22
55574.107 4.54116e-22
55574.207 4.54132e-22
55574.307 4.54191e-22
55574.407 4.54293e-22
55574.507 4.54438e-22
55574.607 4.54626e-22
55574.707 4.54857e-22
55574.807 4.55132e-22
55574.907 4.55450e-22
55575.007 4.55813e-22
55575.107 4.56219e-22
55575.207 4.56670e-22
55575.307 4.57165e-22
55575.407 4.57705e-22
55575.507 4.58290e-22
55575.607 4.58921e-22
55575.707 4.59598e-22
55575.807 4.60321e-22
55575.907 4.61090e-22
55576.007 4.61907e-22
55576.107 4.62771e-22
55576.207 4.63684e-22
55576.307 4.64644e-22
55576.407 4.65655e-22
55576.507 4.66714e-22
55576.607 4.67824e-22
55576.707 4.68985e-22
55576.807 4.70198e-22
55576.907 4.71463e-22
55577.007 4.72780e-22
55577.107 4.74152e-22
55577.207 4.75578e-22
55577.307 4.77059e-22
55577.407 4.78597e-22
55577.507 4.80192e-22
55577.607 4.81844e-22
55577.707 4.83556e-22
55577.807 4.85328e-22
55577.907 4.87160e-22
55578.007 4.89055e-22
55578.107 4.91013e-22
55578.207 4.93036e-22
55578.307 4.95124e-22
55578.407 4.97279e-22
55578.507 4.99502e-22
55578.607 5.01795e-22
55578.707 5.04159e-22
55578.807 5.06595e-22
55578.907 5.09105e-22
55579.007 5.11690e-22
55579.107 5.14352e-22
55579.207 5.17093e-22
55579.307 5.19915e-22
55579.407 5.22818e-22
55579.507 5.25805e-22
55579.607 5.28878e-22
55579.707 5.32038e-22
55579.807 5.35287e-22
55579.907 5.38627e-22
55580.007 5.42061e-22
55580.107 5.45590e-22
55580.207 5.49217e-22
55580.307 5.52942e-22
55580.407 5.56770e-22
55580.507 5.60701e-22
55580.607 5.64739e-22
55580.707 5.68885e-22
55580.807 5.73141e-22
55580.907 5.77511e-22
55581.007 5.81997e-22
55581.107 5.86600e-22
55581.207 5.91324e-22
55581.307 5.96172e-22
55581.407 6.01146e-22
55581.507 6.06248e-22
55581.607 6.11482e-22
55581.707 6.16850e-22
55581.807 6.22355e-22
55581.907 6.28000e-22
55582.007 6.33789e-22
55582.107 6.39723e-22
55582.207 6.45807e-22
55582.307 6.52043e-22
55582.407 6.58435e-22
55582.507 6.64986e-22
55582.607 6.71699e-22
55582.707 6.78577e-22
55582.807 6.85625e-22
55582.907 6.92844e-22
55583.007 7.00240e-22
55583.107 7.07814e-22
55583.207 7.15571e-22
55583.307 7.23514e-22
55583.407 7.31647e-22
55583.507 7.39972e-22
55583.607 7.48494e-22
55583.707 7.57215e-22
55583.807 7.66139e-22
55583.907 7.75269e-22
55584.007 7.84609e-22
55584.107 7.94159e-22
55584.207 8.03925e-22
55584.307 8.13907e-22
55584.407 8.24108e-22
55584.507 8.34530e-22
55584.607 8.45174e-22
55584.707 8.56041e-22
55584.807 8.67131e-22
55584.907 8.78444e-22
55585.007 8.89978e-22
55585.107 9.01732e-22
55585.207 9.13702e-22
55585.307 9.25883e-22
55585.407 9.38272e-22
55585.507 9.50860e-22
55585.607 9.63640e-22
55585.707 9.76605e-22
55585.807 9.89745e-22
55585.907 1.00305e-21
55586.007 1.01652e-21
55586.107 1.03014e-21
55586.207 1.04392e-21
55586.307 1.05785e-21
55586.407 1.07194e-21
55586.507 1.08621e-21
55586.607 1.10066e-21
55586.707 1.11532e-21
55586.807 1.13021e-21
55586.907 1.14532e-21
55587.007 1.16068e-21
55587.107 1.17630e-21
55587.207 1.19216e-21
55587.307 1.20827e-21
55587.407 1.22462e-21
55587.507 1.24119e-21
55587.607 1.25798e-21
55587.707 1.27497e-21
55587.807 1.29214e-21
55587.907 1.30948e-21
55588.007 1.32698e-21
55588.107 1.34461e-21
55588.207 1.36238e-21
55588.307 1.38026e-21
55588.407 1.39825e-21
55588.507 1.41634e-21
55588.607 1.43451e-21
55588.707 1.45277e-21
55588.807 1.47111e-21
55588.907 1.48953e-21
55589.007 1.50801e-21
55589.107 1.52656e-21
55589.207 1.54518e-21
55589.307 1.56388e-21
55589.407 1.58264e-21
55589.507 1.60148e-21
55589.607 1.62041e-21
55589.707 1.63941e-21
55589.807 1.65851e-21
55589.907 1.67770e-21
55590.007 1.69700e-21
55590.107 1.71640e-21
55590.207 1.73591e-21
55590.307 1.75553e-21
55590.407 1.77526e-21
55590.507 1.79511e-21
55590.607 1.81506e-21
55590.707 1.83510e-21
55590.807 1.85522e-21
55590.907 1.87540e-21
55591.007 1.89560e-21
55591.107 1.91578e-21
55591.207 1.93591e-21
55591.307 1.95592e-21
55591.407 1.97574e-21
55591.507 1.99530e-21
55591.607 2.01450e-21
55591.707 2.03323e-21
55591.807 2.05137e-21
55591.907 2.06880e-21
55592.007 2.08537e-21
55592.107 2.10092e-21
55592.207 2.11531e-21
55592.307 2.12835e-21
55592.407 2.13989e-21
55592.507 2.14975e-21
55592.607 2.15779e-21
55592.707 2.16385e-21
55592.807 2.16780e-21
55592.907 2.16954e-21
55593.007 2.16898e-21
55593.107 2.16606e-21
55593.207 2.16077e-21
55593.307 2.15311e-21
55593.407 2.14312e-21
55593.507 2.13088e-21
55593.607 2.11649e-21
55593.707 2.10008e-21
55593.807 2.08181e-21
55593.907 2.06184e-21
55594.007 2.04036e-21
55594.107 2.01755e-21
55594.207 1.99362e-21
55594.307 1.96873e-21
55594.407 1.94308e-21
55594.507 1.91686e-21
55594.607 1.89023e-21
55594.707 1.86336e-21
55594.807 1.83639e-21
55594.907 1.80945e-21
55595.007 1.78267e-21
55595.107 1.75613e-21
55595.207 1.72995e-21
55595.307 1.70419e-21
55595.407 1.67894e-21
55595.507 1.65424e-21
55595.607 1.63015e-21
55595.707 1.60671e-21
55595.807 1.58395e-21
55595.907 1.56190e-21
55596.007 1.54058e-21
55596.107 1.52000e-21
55596.207 1.50016e-21
55596.307 1.48109e-21
55596.407 1.46278e-21
55596.507 1.44522e-21
55596.607 1.42842e-21
55596.707 1.41237e-21
55596.807 1.39707e-21
55596.907 1.38250e-21
55597.007 1.36866e-21
55597.107 1.35553e-21
55597.207 1.34311e-21
55597.307 1.33139e-21
55597.407 1.32035e-21
55597.507 1.30999e-21
55597.607 1.30029e-21
55597.707 1.29124e-21
55597.807 1.28283e-21
55597.907 1.27506e-21
55598.007 1.26790e-21
55598.107 1.26136e-21
55598.207 1.25542e-21
55598.307 1.25007e-21
55598.407 1.24532e-21
55598.507 1.24114e-21
55598.607 1.23754e-21
55598.707 1.23450e-21
55598.807 1.23203e-21
55598.907 1.23012e-21
55599.007 1.22876e-21
55599.107 1.22795e-21
55599.207 1.22769e-21
55599.307 1.22798e-21
55599.407 1.22881e-21
55599.507 1.23019e-21
55599.607 1.23211e-21
55599.707 1.23458e-21
55599.807 1.23761e-21
55599.907 1.24118e-21
55600.007 1.24531e-21
55600.107 1.25000e-21
55600.207 1.25525e-21
55600.307 1.26107e-21
55600.407 1.26747e-21
55600.507 1.27446e-21
55600.607 1.28204e-21
55600.707 1.29022e-21
55600.807 1.29901e-21
55600.907 1.30843e-21
55601.007 1.31849e-21
55601.107 1.32919e-21
55601.207 1.34056e-21
55601.307 1.35260e-21
55601.407 1.36534e-21
55601.507 1.37879e-21
55601.607 1.39298e-21
55601.707 1.40791e-21
55601.807 1.42361e-21
55601.907 1.44010e-21
55602.007 1.45742e-21
55602.107 1.47557e-21
55602.207 1.49459e-21
55602.307 1.51450e-21
55602.407 1.53534e-21
55602.507 1.55714e-21
55602.607 1.57992e-21
55602.707 1.60373e-21
55602.807 1.62860e-21
55602.907 1.65458e-21
55603.007 1.68170e-21
55603.107 1.71001e-21
55603.207 1.73956e-21
55603.307 1.77039e-21
55603.407 1.80254e-21
55603.507 1.83610e-21
55603.607 1.87110e-21
55603.707 1.90762e-21
55603.807 1.94572e-21
55603.907 1.98546e-21
55604.007 2.02691e-21
55604.107 2.07016e-21
55604.207 2.11527e-21
55604.307 2.16233e-21
55604.407 2.21142e-21
55604.507 2.26263e-21
55604.607 2.31606e-21
55604.707 2.37180e-21
55604.807 2.42995e-21
55604.907 2.49061e-21
55605.007 2.55389e-21
55605.107 2.61989e-21
55605.207 2.68873e-21
55605.307 2.76052e-21
55605.407 2.83538e-21
55605.507 2.91342e-21
55605.607 2.99478e-21
55605.707 3.07959e-21
55605.807 3.16798e-21
55605.907 3.26010e-21
55606.007 3.35607e-21
55606.107 3.45603e-21
55606.207 3.56011e-21
55606.307 3.66843e-21
55606.407 3.78109e-21
55606.507 3.89821e-21
55606.607 4.01987e-21
55606.707 4.14614e-21
55606.807 4.27708e-21
55606.907 4.41271e-21
55607.007 4.55305e-21
55607.107 4.69806e-21
55607.207 4.84769e-21
55607.307 5.00184e-21
55607.407 5.16035e-21
55607.507 5.32303e-21
55607.607 5.48963e-21
55607.707 5.65985e-21
55607.807 5.83331e-21
55607.907 6.00958e-21
55608.007 6.18818e-21
55608.107 6.36855e-21
55608.207 6.55007e-21
55608.307 6.73210e-21
55608.407 6.91392e-21
55608.507 7.09481e-21
55608.607 7.27402e-21
55608.707 7.45082e-21
55608.807 7.62450e-21
55608.907 7.79440e-21
55609.007 7.95995e-21
55609.107 8.12067e-21
55609.207 8.27622e-21
55609.307 8.42641e-21
55609.407 8.57122e-21
55609.507 8.71083e-21
55609.607 8.84561e-21
55609.707 8.97615e-21
55609.807 9.10325e-21
55609.907 9.22788e-21
55610.007 9.35122e-21
55610.107 9.47457e-21
55610.207 9.59937e-21
55610.307 9.72713e-21
55610.407 9.85937e-21
55610.507 9.99759e-21
55610.607 1.01432e-20
55610.707 1.02974e-20
55610.807 1.04611e-20
55610.907 1.06350e-20
55611.007 1.08191e-20
55611.107 1.10130e-20
55611.207 1.12153e-20
55611.307 1.14238e-20
55611.407 1.16355e-20
55611.507 1.18458e-20
55611.607 1.20492e-20
55611.707 1.22389e-20
55611.807 1.24069e-20
55611.907 1.25443e-20
55612.007 1.26424e-20
55612.107 1.26923e-20
55612.207 1.26868e-20
55612.307 1.26208e-20
55612.407 1.24918e-20
55612.507 1.23008e-20
55612.607 1.20518e-20
55612.707 1.17514e-20
55612.807 1.14084e-20
55612.907 1.10323e-20
55613.007 1.06329e-20
55613.107 1.02194e-20
55613.207 9.80006e-21
55613.307 9.38164e-21
55613.407 8.96966e-21
55613.507 8.56830e-21
55613.607 8.18063e-21
55613.707 7.80869e-21
55613.807 7.45375e-21
55613.907 7.11645e-21
55614.007 6.79696e-21
55614.107 6.49507e-21
55614.207 6.21034e-21
55614.307 5.94215e-21
55614.407 5.68977e-21
55614.507 5.45240e-21
55614.607 5.22920e-21
55614.707 5.01936e-21
55614.807 4.82203e-21
55614.907 4.63643e-21
55615.007 4.46180e-21
55615.107 4.29740e-21
55615.207 4.14254e-21
55615.307 3.99659e-21
55615.407 3.85894e-21
55615.507 3.72904e-21
55615.607 3.60635e-21
55615.707 3.49039e-21
55615.807 3.38071e-21
55615.907 3.27690e-21
55616.007 3.17856e-21
55616.107 3.08535e-21
55616.207 2.99693e-21
55616.307 2.91299e-21
55616.407 2.83325e-21
55616.507 2.75744e-21
55616.607 2.68533e-21
55616.707 2.61669e-21
55616.807 2.55132e-21
55616.907 2.48900e-21
55617.007 2.42958e-21
55617.107 2.37287e-21
55617.207 2.31873e-21
55617.307 2.26700e-21
55617.407 2.21757e-21
55617.507 2.17029e-21
55617.607 2.12505e-21
55617.707 2.08176e-21
55617.807 2.04029e-21
55617.907 2.00056e-21
55618.007 1.96248e-21
55618.107 1.92597e-21
55618.207 1.89095e-21
55618.307 1.85734e-21
55618.407 1.82508e-21
55618.507 1.79410e-21
55618.607 1.76435e-21
55618.707 1.73576e-21
55618.807 1.70829e-21
55618.907 1.68188e-21
55619.007 1.65649e-21
55619.107 1.63207e-21
55619.207 1.60858e-21
55619.307 1.58598e-21
55619.407 1.56424e-21
55619.507 1.54332e-21
55619.607 1.52318e-21
55619.707 1.50380e-21
55619.807 1.48515e-21
55619.907 1.46719e-21
55620.007 1.44991e-21
55620.107 1.43327e-21
55620.207 1.41726e-21
55620.307 1.40184e-21
55620.407 1.38701e-21
55620.507 1.37273e-21
55620.607 1.35900e-21
55620.707 1.34578e-21
55620.807 1.33308e-21
55620.907 1.32086e-21
55621.007 1.30911e-21
55621.107 1.29783e-21
55621.207 1.28699e-21
55621.307 1.27658e-21
55621.407 1.26658e-21
55621.507 1.25700e-21
55621.607 1.24781e-21
55621.707 1.23901e-21
55621.807 1.23058e-21
55621.907 1.22252e-21
55622.007 1.21481e-21
55622.107 1.20745e-21
55622.207 1.20043e-21
55622.307 1.19375e-21
55622.407 1.18738e-21
55622.507 1.18133e-21
55622.607 1.17560e-21
55622.707 1.17016e-21
55622.807 1.16503e-21
55622.907 1.16018e-21
55623.007 1.15563e-21
55623.107 1.15135e-21
55623.207 1.14736e-21
55623.307 1.14363e-21
55623.407 1.14018e-21
55623.507 1.13699e-21
55623.607 1.13406e-21
55623.707 1.13139e-21
55623.807 1.12898e-21
55623.907 1.12681e-21
55624.007 1.12490e-21
55624.107 1.12323e-21
55624.207 1.12181e-21
55624.307 1.12063e-21
55624.407 1.11969e-21
55624.507 1.11900e-21
55624.607 1.11853e-21
55624.707 1.11831e-21
55624.807 1.11832e-21
55624.907 1.11857e-21
55625.007 1.11905e-21
55625.107 1.11976e-21
55625.207 1.12071e-21
55625.307 1.12189e-21
55625.407 1.12331e-21
55625.507 1.12496e-21
55625.607 1.12684e-21
55625.707 1.12896e-21
55625.807 1.13131e-21
55625.907 1.13390e-21
55626.007 1.13673e-21
55626.107 1.13980e-21
55626.207 1.14311e-21
55626.307 1.14666e-21
55626.407 1.15046e-21
55626.507 1.15450e-21
55626.607 1.15879e-21
55626.707 1.16333e-21
55626.807 1.16812e-21
55626.907 1.17317e-21
55627.007 1.17849e-21
55627.107 1.18406e-21
55627.207 1.18990e-21
55627.307 1.19601e-21
55627.407 1.20239e-21
55627.507 1.20905e-21
55627.607 1.21599e-21
55627.707 1.22322e-21
55627.807 1.23074e-21
55627.907 1.23855e-21
55628.007 1.24667e-21
55628.107 1.25509e-21
55628.207 1.26383e-21
55628.307 1.27288e-21
55628.407 1.28226e-21
55628.507 1.29197e-21
55628.607 1.30202e-21
55628.707 1.31241e-21
55628.807 1.32316e-21
55628.907 1.33426e-21
55629.007 1.34574e-21
55629.107 1.35759e-21
55629.207 1.36983e-21
55629.307 1.38246e-21
55629.407 1.39550e-21
55629.507 1.40895e-21
55629.607 1.42283e-21
55629.707 1.43714e-21
55629.807 1.45191e-21
55629.907 1.46713e-21
55630.007 1.48283e-21
55630.107 1.49901e-21
55630.207 1.51570e-21
55630.307 1.53290e-21
55630.407 1.55062e-21
55630.507 1.56890e-21
55630.607 1.58773e-21
55630.707 1.60714e-21
55630.807 1.62715e-21
55630.907 1.64778e-21
55631.007 1.66903e-21
55631.107 1.69094e-21
55631.207 1.71353e-21
55631.307 1.73681e-21
55631.407 1.76081e-21
55631.507 1.78556e-21
55631.607 1.81106e-21
55631.707 1.83736e-21
55631.807 1.86447e-21
55631.907 1.89243e-21
55632.007 1.92125e-21
55632.107 1.95098e-21
55632.207 1.98162e-21
55632.307 2.01322e-21
55632.407 2.04581e-21
55632.507 2.07940e-21
55632.607 2.11405e-21
55632.707 2.14978e-21
55632.807 2.18662e-21
55632.907 2.22460e-21
55633.007 2.26377e-21
55633.107 2.30416e-21
55633.207 2.34580e-21
55633.307 2.38873e-21
55633.407 2.43299e-21
55633.507 2.47862e-21
55633.607 2.52566e-21
55633.707 2.57415e-21
55633.807 2.62414e-21
55633.907 2.67565e-21
55634.007 2.72874e-21
55634.107 2.78344e-21
55634.207 2.83981e-21
55634.307 2.89787e-21
55634.407 2.95769e-21
55634.507 3.01928e-21
55634.607 3.08271e-21
55634.707 3.14801e-21
55634.807 3.21522e-21
55634.907 3.28437e-21
55635.007 3.35551e-21
55635.107 3.42866e-21
55635.207 3.50386e-21
55635.307 3.58114e-21
55635.407 3.66051e-21
55635.507 3.74201e-21
55635.607 3.82563e-21
55635.707 3.91140e-21
55635.807 3.99930e-21
55635.907 4.08932e-21
55636.007 4.18145e-21
55636.107 4.27564e-21
55636.207 4.37185e-21
55636.307 4.47001e-21
55636.407 4.57002e-21
55636.507 4.67177e-21
55636.607 4.77512e-21
55636.707 4.87991e-21
55636.807 4.98596e-21
55636.907 5.09307e-21
55637.007 5.20107e-21
55637.107 5.30982e-21
55637.207 5.41925e-21
55637.307 5.52934e-21
55637.407 5.64014e-21
55637.507 5.75173e-21
55637.607 5.86419e-21
55637.707 5.97753e-21
55637.807 6.09172e-21
55637.907 6.20666e-21
55638.007 6.32219e-21
55638.107 6.43816e-21
55638.207 6.55437e-21
55638.307 6.67067e-21
55638.407 6.78692e-21
55638.507 6.90301e-21
55638.607 7.01884e-21
55638.707 7.13440e-21
55638.807 7.24966e-21
55638.907 7.36467e-21
55639.007 7.47951e-21
55639.107 7.59430e-21
55639.207 7.70917e-21
55639.307 7.82434e-21
55639.407 7.94000e-21
55639.507 8.05642e-21
55639.607 8.17385e-21
55639.707 8.29257e-21
55639.807 8.41288e-21
55639.907 8.53503e-21
55640.007 8.65928e-21
55640.107 8.78584e-21
55640.207 8.91488e-21
55640.307 9.04648e-21
55640.407 9.18065e-21
55640.507 9.31725e-21
55640.607 9.45603e-21
55640.707 9.59656e-21
55640.807 9.73820e-21
55640.907 9.88006e-21
55641.007 1.00210e-20
55641.107 1.01593e-20
55641.207 1.02931e-20
55641.307 1.04197e-20
55641.407 1.05362e-20
55641.507 1.06399e-20
55641.607 1.07283e-20
55641.707 1.07993e-20
55641.807 1.08509e-20
55641.907 1.08812e-20
55642.007 1.08886e-20
55642.107 1.08716e-20
55642.207 1.08292e-20
55642.307 1.07612e-20
55642.407 1.06679e-20
55642.507 1.05505e-20
55642.607 1.04106e-20
55642.707 1.02505e-20
55642.807 1.00729e-20
55642.907 9.88097e-21
55643.007 9.67782e-21
55643.107 9.46684e-21
55643.207 9.25096e-21
55643.307 9.03144e-21
55643.407 8.80667e-21
55643.507 8.57610e-21
55643.607 8.34440e-21
55643.707 8.11675e-21
55643.807 7.89519e-21
55643.907 7.68071e-21
55644.007 7.47357e-21
55644.107 7.27399e-21
55644.207 7.08211e-21
55644.307 6.89805e-21
55644.407 6.72184e-21
55644.507 6.55347e-21
55644.607 6.39288e-21
55644.707 6.23994e-21
55644.807 6.09450e-21
55644.907 5.95639e-21
55645.007 5.82540e-21
55645.107 5.70132e-21
55645.207 5.58392e-21
55645.307 5.47298e-21
55645.407 5.36827e-21
55645.507 5.26957e-21
55645.607 5.17664e-21
55645.707 5.08928e-21
55645.807 5.00728e-21
55645.907 4.93043e-21
55646.007 4.85855e-21
55646.107 4.79146e-21
55646.207 4.72898e-21
55646.307 4.67096e-21
55646.407 4.61725e-21
55646.507 4.56770e-21
55646.607 4.52218e-21
55646.707 4.48058e-21
55646.807 4.44278e-21
55646.907 4.40867e-21
55647.007 4.37818e-21
55647.107 4.35121e-21
55647.207 4.32768e-21
55647.307 4.30754e-21
55647.407 4.29072e-21
55647.507 4.27717e-21
55647.607 4.26685e-21
55647.707 4.25972e-21
55647.807 4.25576e-21
55647.907 4.25495e-21
55648.007 4.25728e-21
55648.107 4.26274e-21
55648.207 4.27133e-21
55648.307 4.28307e-21
55648.407 4.29797e-21
55648.507 4.31606e-21
55648.607 4.33738e-21
55648.707 4.36196e-21
55648.807 4.38985e-21
55648.907 4.42111e-21
55649.007 4.45582e-21
55649.107 4.49403e-21
55649.207 4.53584e-21
55649.307 4.58135e-21
55649.407 4.63065e-21
55649.507 4.68386e-21
55649.607 4.74110e-21
55649.707 4.80252e-21
55649.807 4.86826e-21
55649.907 4.93848e-21
55650.007 5.01336e-21
55650.107 5.09309e-21
55650.207 5.17788e-21
55650.307 5.26794e-21
55650.407 5.36352e-21
55650.507 5.46487e-21
55650.607 5.57227e-21
55650.707 5.68603e-21
55650.807 5.80646e-21
55650.907 5.93392e-21
55651.007 6.06877e-21
55651.107 6.21141e-21
55651.207 6.36228e-21
55651.307 6.52185e-21
55651.407 6.69060e-21
55651.507 6.86908e-21
55651.607 7.05786e-21
55651.707 7.25756e-21
55651.807 7.46884e-21
55651.907 7.69241e-21
55652.007 7.92905e-21
55652.107 8.17955e-21
55652.207 8.44481e-21
55652.307 8.72575e-21
55652.407 9.02337e-21
55652.507 9.33875e-21
55652.607 9.67301e-21
55652.707 1.00274e-20
55652.807 1.04031e-20
55652.907 1.08015e-20
55653.007 1.12240e-20
55653.107 1.16722e-20
55653.207 1.21474e-20
55653.307 1.26513e-20
55653.407 1.31856e-20
55653.507 1.37517e-20
55653.607 1.43514e-20
55653.707 1.49861e-20
55653.807 1.56573e-20
55653.907 1.63664e-20
55654.007 1.71143e-20
55654.107 1.79018e-20
55654.207 1.87294e-20
55654.307 1.95970e-20
55654.407 2.05037e-20
55654.507 2.14480e-20
55654.607 2.24276e-20
55654.707 2.34388e-20
55654.807 2.44771e-20
55654.907 2.55364e-20
55655.007 2.66093e-20
55655.107 2.76871e-20
55655.207 2.87596e-20
55655.307 2.98158e-20
55655.407 3.08436e-20
55655.507 3.18307e-20
55655.607 3.27650e-20
55655.707 3.36352e-20
55655.807 3.44318e-20
55655.907 3.51474e-20
55656.007 3.57778e-20
55656.107 3.63225e-20
55656.207 3.67845e-20
55656.307 3.71711e-20
55656.407 3.74933e-20
55656.507 3.77658e-20
55656.607 3.80060e-20
55656.707 3.82338e-20
55656.807 3.84704e-20
55656.907 3.87380e-20
55657.007 3.90587e-20
55657.107 3.94538e-20
55657.207 3.99434e-20
55657.307 4.05449e-20
55657.407 4.12727e-20
55657.507 4.21366e-20
55657.607 4.31407e-20
55657.707 4.42809e-20
55657.807 4.55432e-20
55657.907 4.69006e-20
55658.007 4.83100e-20
55658.107 4.97092e-20
55658.207 5.10156e-20
55658.307 5.21273e-20
55658.407 5.29299e-20
55658.507 5.33102e-20
55658.607 5.31758e-20
55658.707 5.24763e-20
55658.807 5.12177e-20
55658.907 4.94628e-20
55659.007 4.73167e-20
55659.107 4.49049e-20
55659.207 4.23505e-20
55659.307 3.97590e-20
55659.407 3.72114e-20
55659.507 3.47640e-20
55659.607 3.24514e-20
55659.707 3.02920e-20
55659.807 2.82922e-20
55659.907 2.64506e-20
55660.007 2.47608e-20
55660.107 2.32138e-20
55660.207 2.17990e-20
55660.307 2.05055e-20
55660.407 1.93226e-20
55660.507 1.82400e-20
55660.607 1.72483e-20
55660.707 1.63385e-20
55660.807 1.55029e-20
55660.907 1.47342e-20
55661.007 1.40259e-20
55661.107 1.33722e-20
55661.207 1.27679e-20
55661.307 1.22084e-20
55661.407 1.16896e-20
55661.507 1.12077e-20
55661.607 1.07594e-20
55661.707 1.03418e-20
55661.807 9.95211e-21
55661.907 9.58806e-21
55662.007 9.24748e-21
55662.107 8.92844e-21
55662.207 8.62919e-21
55662.307 8.34818e-21
55662.407 8.08399e-21
55662.507 7.83534e-21
55662.607 7.60106e-21
55662.707 7.38011e-21
55662.807 7.17152e-21
55662.907 6.97442e-21
55663.007 6.78802e-21
55663.107 6.61158e-21
55663.207 6.44445e-21
55663.307 6.28601e-21
55663.407 6.13570e-21
55663.507 5.99302e-21
55663.607 5.85748e-21
55663.707 5.72866e-21
55663.807 5.60616e-21
55663.907 5.48960e-21
55664.007 5.37864e-21
55664.107 5.27297e-21
55664.207 5.17229e-21
55664.307 5.07634e-21
55664.407 4.98486e-21
55664.507 4.89761e-21
55664.607 4.81438e-21
55664.707 4.73497e-21
55664.807 4.65918e-21
55664.907 4.58685e-21
55665.007 4.51780e-21
55665.107 4.45189e-21
55665.207 4.38897e-21
55665.307 4.32891e-21
55665.407 4.27158e-21
55665.507 4.21687e-21
55665.607 4.16466e-21
55665.707 4.11485e-21
55665.807 4.06736e-21
55665.907 4.02208e-21
55666.007 3.97893e-21
55666.107 3.93783e-21
55666.207 3.89872e-21
55666.307 3.86151e-21
55666.407 3.82614e-21
55666.507 3.79256e-21
55666.607 3.76070e-21
55666.707 3.73050e-21
55666.807 3.70193e-21
55666.907 3.67492e-21
55667.007 3.64945e-21
55667.107 3.62545e-21
55667.207 3.60290e-21
55667.307 3.58176e-21
55667.407 3.56199e-21
55667.507 3.54356e-21
55667.607 3.52645e-21
55667.707 3.51061e-21
55667.807 3.49604e-21
55667.907 3.48270e-21
55668.007 3.47058e-21
55668.107 3.45964e-21
55668.207 3.44988e-21
55668.307 3.44128e-21
55668.407 3.43382e-21
55668.507 3.42748e-21
55668.607 3.42227e-21
55668.707 3.41815e-21
55668.807 3.41513e-21
55668.907 3.41320e-21
55669.007 3.41235e-21
55669.107 3.41257e-21
55669.207 3.41386e-21
55669.307 3.41622e-21
55669.407 3.41964e-21
55669.507 3.42413e-21
55669.607 3.42969e-21
55669.707 3.43631e-21
55669.807 3.44401e-21
55669.907 3.45278e-21
55670.007 3.46263e-21
55670.107 3.47356e-21
55670.207 3.48560e-21
55670.307 3.49874e-21
55670.407 3.51299e-21
55670.507 3.52838e-21
55670.607 3.54490e-21
55670.707 3.56258e-21
55670.807 3.58143e-21
55670.907 3.60147e-21
55671.007 3.62272e-21
55671.107 3.64520e-21
55671.207 3.66892e-21
55671.307 3.69391e-21
55671.407 3.72021e-21
55671.507 3.74782e-21
55671.607 3.77679e-21
55671.707 3.80713e-21
55671.807 3.83889e-21
55671.907 3.87209e-21
55672.007 3.90678e-21
55672.107 3.94298e-21
55672.207 3.98073e-21
55672.307 4.02009e-21
55672.407 4.06108e-21
55672.507 4.10376e-21
55672.607 4.14818e-21
55672.707 4.19439e-21
55672.807 4.24243e-21
55672.907 4.29237e-21
55673.007 4.34427e-21
55673.107 4.39818e-21
55673.207 4.45418e-21
55673.307 4.51233e-21
55673.407 4.57270e-21
55673.507 4.63538e-21
55673.607 4.70043e-21
55673.707 4.76795e-21
55673.807 4.83801e-21
55673.907 4.91072e-21
55674.007 4.98617e-21
55674.107 5.06447e-21
55674.207 5.14571e-21
55674.307 5.23002e-21
55674.407 5.31751e-21
55674.507 5.40830e-21
55674.607 5.50254e-21
55674.707 5.60035e-21
55674.807 5.70188e-21
55674.907 5.80729e-21
55675.007 5.91674e-21
55675.107 6.03040e-21
55675.207 6.14845e-21
55675.307 6.27107e-21
55675.407 6.39848e-21
55675.507 6.53088e-21
55675.607 6.66849e-21
55675.707 6.81155e-21
55675.807 6.96031e-21
55675.907 7.11503e-21
55676.007 7.27598e-21
55676.107 7.44345e-21
55676.207 7.61774e-21
55676.307 7.79916e-21
55676.407 7.98805e-21
55676.507 8.18475e-21
55676.607 8.38961e-21
55676.707 8.60300e-21
55676.807 8.82530e-21
55676.907 9.05691e-21
55677.007 9.29823e-21
55677.107 9.54968e-21
55677.207 9.81168e-21
55677.307 1.00847e-20
55677.407 1.03691e-20
55677.507 1.06654e-20
55677.607 1.09740e-20
55677.707 1.12954e-20
55677.807 1.16300e-20
55677.907 1.19782e-20
55678.007 1.23406e-20
55678.107 1.27175e-20
55678.207 1.31092e-20
55678.307 1.35162e-20
55678.407 1.39387e-20
55678.507 1.43771e-20
55678.607 1.48315e-20
55678.707 1.53021e-20
55678.807 1.57888e-20
55678.907 1.62918e-20
55679.007 1.68107e-20
55679.107 1.73454e-20
55679.207 1.78953e-20
55679.307 1.84598e-20
55679.407 1.90382e-20
55679.507 1.96295e-20
55679.607 2.02326e-20
55679.707 2.08460e-20
55679.807 2.14682e-20
55679.907 2.20973e-20
55680.007 2.27314e-20
55680.107 2.33683e-20
55680.207 2.40055e-20
55680.307 2.46404e-20
55680.407 2.52702e-20
55680.507 2.58918e-20
55680.607 2.65021e-20
55680.707 2.70977e-20
55680.807 2.76755e-20
55680.907 2.82332e-20
55681.007 2.87697e-20
55681.107 2.92858e-20
55681.207 2.97837e-20
55681.307 3.02661e-20
55681.407 3.07360e-20
55681.507 3.11958e-20
55681.607 3.16481e-20
55681.707 3.20960e-20
55681.807 3.25428e-20
55681.907 3.29925e-20
55682.007 3.34495e-20
55682.107 3.39188e-20
55682.207 3.44052e-20
55682.307 3.49136e-20
55682.407 3.54489e-20
55682.507 3.60151e-20
55682.607 3.66154e-20
55682.707 3.72519e-20
55682.807 3.79249e-20
55682.907 3.86330e-20
55683.007 3.93719e-20
55683.107 4.01345e-20
55683.207 4.09101e-20
55683.307 4.16842e-20
55683.407 4.24377e-20
55683.507 4.31476e-20
55683.607 4.37864e-20
55683.707 4.43242e-20
55683.807 4.47293e-20
55683.907 4.49712e-20
55684.007 4.50231e-20
55684.107 4.48653e-20
55684.207 4.44876e-20
55684.307 4.38911e-20
55684.407 4.30881e-20
55684.507 4.21008e-20
55684.607 4.09591e-20
55684.707 3.96968e-20
55684.807 3.83486e-20
55684.907 3.69478e-20
55685.007 3.55241e-20
55685.107 3.41027e-20
55685.207 3.27036e-20
55685.307 3.13424e-20
55685.407 3.00303e-20
55685.507 2.87750e-20
55685.607 2.75812e-20
55685.707 2.64512e-20
55685.807 2.53857e-20
55685.907 2.43841e-20
55686.007 2.34448e-20
55686.107 2.25657e-20
55686.207 2.17441e-20
55686.307 2.09772e-20
55686.407 2.02623e-20
55686.507 1.95964e-20
55686.607 1.89767e-20
55686.707 1.84004e-20
55686.807 1.78647e-20
55686.907 1.73667e-20
55687.007 1.69035e-20
55687.107 1.64727e-20
55687.207 1.60722e-20
55687.307 1.57005e-20
55687.407 1.53563e-20
55687.507 1.50385e-20
55687.607 1.47457e-20
55687.707 1.44768e-20
55687.807 1.42304e-20
55687.907 1.40054e-20
55688.007 1.38008e-20
55688.107 1.36157e-20
55688.207 1.34492e-20
55688.307 1.33007e-20
55688.407 1.31695e-20
55688.507 1.30549e-20
55688.607 1.29566e-20
55688.707 1.28742e-20
55688.807 1.28072e-20
55688.907 1.27554e-20
55689.007 1.27185e-20
55689.107 1.26965e-20
55689.207 1.26893e-20
55689.307 1.26967e-20
55689.407 1.27189e-20
55689.507 1.27560e-20
55689.607 1.28079e-20
55689.707 1.28751e-20
55689.807 1.29578e-20
55689.907 1.30562e-20
55690.007 1.31708e-20
55690.107 1.33022e-20
55690.207 1.34508e-20
55690.307 1.36172e-20
55690.407 1.38023e-20
55690.507 1.40068e-20
55690.607 1.42316e-20
55690.707 1.44778e-20
55690.807 1.47464e-20
55690.907 1.50389e-20
55691.007 1.53565e-20
55691.107 1.57008e-20
55691.207 1.60735e-20
55691.307 1.64767e-20
55691.407 1.69123e-20
55691.507 1.73827e-20
55691.607 1.78906e-20
55691.707 1.84387e-20
55691.807 1.90303e-20
55691.907 1.96688e-20
55692.007 2.03583e-20
55692.107 2.11029e-20
55692.207 2.19077e-20
55692.307 2.27778e-20
55692.407 2.37191e-20
55692.507 2.47384e-20
55692.607 2.58429e-20
55692.707 2.70407e-20
55692.807 2.83408e-20
55692.907 2.97532e-20
55693.007 3.12889e-20
55693.107 3.29600e-20
55693.207 3.47799e-20
55693.307 3.67632e-20
55693.407 3.89257e-20
55693.507 4.12843e-20
55693.607 4.38571e-20
55693.707 4.66629e-20
55693.807 4.97206e-20
55693.907 5.30489e-20
55694.007 5.66648e-20
55694.107 6.05825e-20
55694.207 6.48108e-20
55694.307 6.93511e-20
55694.407 7.41933e-20
55694.507 7.93126e-20
55694.607 8.46641e-20
55694.707 9.01795e-20
55694.807 9.57627e-20
55694.907 1.01289e-19
55695.007 1.06608e-19
55695.107 1.11548e-19
55695.207 1.15934e-19
55695.307 1.19600e-19
55695.407 1.22414e-19
55695.507 1.24296e-19
55695.607 1.25234e-19
55695.707 1.25286e-19
55695.807 1.24577e-19
55695.907 1.23286e-19
55696.007 1.21622e-19
55696.107 1.19811e-19
55696.207 1.18076e-19
55696.307 1.16625e-19
55696.407 1.15647e-19
55696.507 1.15313e-19
55696.607 1.15770e-19
55696.707 1.17152e-19
55696.807 1.19572e-19
55696.907 1.23121e-19
55697.007 1.27864e-19
55697.107 1.33817e-19
55697.207 1.40924e-19
55697.307 1.49018e-19
55697.407 1.57765e-19
55697.507 1.66600e-19
55697.607 1.74661e-19
55697.707 1.80792e-19
55697.807 1.83702e-19
55697.907 1.82360e-19
55698.007 1.76473e-19
55698.107 1.66698e-19
55698.207 1.54362e-19
55698.307 1.40919e-19
55698.407 1.27532e-19
55698.507 1.14931e-19
55698.607 1.03475e-19
55698.707 9.32742e-20
55698.807 8.42947e-20
55698.907 7.64351e-20
55699.007 6.95694e-20
55699.107 6.35695e-20
55699.207 5.83166e-20
55699.307 5.37047e-20
55699.407 4.96425e-20
55699.507 4.60514e-20
55699.607 4.28653e-20
55699.707 4.00277e-20
55699.807 3.74915e-20
55699.907 3.52164e-20
55700.007 3.31685e-20
55700.107 3.13191e-20
55700.207 2.96437e-20
55700.307 2.81213e-20
55700.407 2.67340e-20
55700.507 2.54665e-20
55700.607 2.43053e-20
55700.707 2.32391e-20
55700.807 2.22579e-20
55700.907 2.13529e-20
55701.007 2.05166e-20
55701.107 1.97422e-20
55701.207 1.90239e-20
55701.307 1.83565e-20
55701.407 1.77355e-20
55701.507 1.71567e-20
55701.607 1.66166e-20
55701.707 1.61119e-20
55701.807 1.56397e-20
55701.907 1.51974e-20
55702.007 1.47828e-20
55702.107 1.43937e-20
55702.207 1.40282e-20
55702.307 1.36846e-20
55702.407 1.33614e-20
55702.507 1.30572e-20
55702.607 1.27706e-20
55702.707 1.25007e-20
55702.807 1.22461e-20
55702.907 1.20061e-20
55703.007 1.17797e-20
55703.107 1.15662e-20
55703.207 1.13647e-20
55703.307 1.11745e-20
55703.407 1.09952e-20
55703.507 1.08260e-20
55703.607 1.06665e-20
55703.707 1.05162e-20
55703.807 1.03746e-20
55703.907 1.02413e-20
55704.007 1.01159e-20
55704.107 9.99811e-21
55704.207 9.88754e-21
55704.307 9.78392e-21
55704.407 9.68696e-21
55704.507 9.59642e-21
55704.607 9.51204e-21
55704.707 9.43362e-21
55704.807 9.36096e-21
55704.907 9.29386e-21
55705.007 9.23216e-21
55705.107 9.17571e-21
55705.207 9.12436e-21
55705.307 9.07799e-21
55705.407 9.03647e-21
55705.507 8.99971e-21
55705.607 8.96760e-21
55705.707 8.94005e-21
55705.807 8.91701e-21
55705.907 8.89839e-21
55706.007 8.88414e-21
55706.107 8.87421e-21
55706.207 8.86857e-21
55706.307 8.86718e-21
55706.407 8.87002e-21
55706.507 8.87707e-21
55706.607 8.88832e-21
55706.707 8.90378e-21
55706.807 8.92345e-21
55706.907 8.94735e-21
55707.007 8.97550e-21
55707.107 9.00792e-21
55707.207 9.04467e-21
55707.307 9.08578e-21
55707.407 9.13130e-21
55707.507 9.18131e-21
55707.607 9.23586e-21
55707.707 9.29504e-21
55707.807 9.35894e-21
55707.907 9.42764e-21
55708.007 9.50126e-21
55708.107 9.57991e-21
55708.207 9.66371e-21
55708.307 9.75281e-21
55708.407 9.84733e-21
55708.507 9.94745e-21
55708.607 1.00533e-20
55708.707 1.01652e-20
55708.807 1.02831e-20
55708.907 1.04074e-20
55709.007 1.05383e-20
55709.107 1.06760e-20
55709.207 1.08207e-20
55709.307 1.09728e-20
55709.407 1.11325e-20
55709.507 1.13001e-20
55709.607 1.14760e-20
55709.707 1.16605e-20
55709.807 1.18540e-20
55709.907 1.20570e-20
55710.007 1.22697e-20
55710.107 1.24927e-20
55710.207 1.27265e-20
55710.307 1.29717e-20
55710.407 1.32286e-20
55710.507 1.34980e-20
55710.607 1.37805e-20
55710.707 1.40768e-20
55710.807 1.43876e-20
55710.907 1.47136e-20
55711.007 1.50557e-20
55711.107 1.54149e-20
55711.207 1.57919e-20
55711.307 1.61879e-20
55711.407 1.66040e-20
55711.507 1.70413e-20
55711.607 1.75010e-20
55711.707 1.79846e-20
55711.807 1.84933e-20
55711.907 1.90289e-20
55712.007 1.95928e-20
55712.107 2.01869e-20
55712.207 2.08131e-20
55712.307 2.14733e-20
55712.407 2.21698e-20
55712.507 2.29048e-20
55712.607 2.36809e-20
55712.707 2.45006e-20
55712.807 2.53667e-20
55712.907 2.62824e-20
55713.007 2.72507e-20
55713.107 2.82750e-20
55713.207 2.93590e-20
55713.307 3.05064e-20
55713.407 3.17211e-20
55713.507 3.30073e-20
55713.607 3.43693e-20
55713.707 3.58115e-20
55713.807 3.73384e-20
55713.907 3.89543e-20
55714.007 4.06638e-20
55714.107 4.24710e-20
55714.207 4.43797e-20
55714.307 4.63934e-20
55714.407 4.85145e-20
55714.507 5.07448e-20
55714.607 5.30847e-20
55714.707 5.55329e-20
55714.807 5.80865e-20
55714.907 6.07398e-20
55715.007 6.34848e-20
55715.107 6.63103e-20
55715.207 6.92017e-20
55715.307 7.21406e-20
55715.407 7.51050e-20
55715.507 7.80695e-20
55715.607 8.10051e-20
55715.707 8.38808e-20
55715.807 8.66638e-20
55715.907 8.93215e-20
55716.007 9.18231e-20
55716.107 9.41414e-20
55716.207 9.62549e-20
55716.307 9.81498e-20
55716.407 9.98214e-20
55716.507 1.01275e-19
55716.607 1.02528e-19
55716.707 1.03607e-19
55716.807 1.04550e-19
55716.907 1.05402e-19
55717.007 1.06216e-19
55717.107 1.07051e-19
55717.207 1.07966e-19
55717.307 1.09021e-19
55717.407 1.10270e-19
55717.507 1.11759e-19
55717.607 1.13527e-19
55717.707 1.15610e-19
55717.807 1.18049e-19
55717.907 1.20883e-19
55718.007 1.24129e-19
55718.107 1.27764e-19
55718.207 1.31730e-19
55718.307 1.35924e-19
55718.407 1.40193e-19
55718.507 1.44328e-19
55718.607 1.48062e-19
55718.707 1.51079e-19
55718.807 1.53044e-19
55718.907 1.53650e-19
55719.007 1.52685e-19
55719.107 1.50075e-19
55719.207 1.45898e-19
55719.307 1.40344e-19
55719.407 1.33734e-19
55719.507 1.26498e-19
55719.607 1.19034e-19
55719.707 1.11631e-19
55719.807 1.04487e-19
55719.907 9.77253e-20
55720.007 9.14164e-20
55720.107 8.55892e-20
55720.207 8.02468e-20
55720.307 7.53752e-20
55720.407 7.09494e-20
55720.507 6.69295e-20
55720.607 6.32673e-20
55720.707 5.99431e-20
55720.807 5.69578e-20
55720.907 5.43129e-20
55721.007 5.19639e-20
55721.107 4.96811e-20
55721.207 4.74663e-20
55721.307 4.54866e-20
55721.407 4.37285e-20
55721.507 4.21518e-20
55721.607 4.07298e-20
55721.707 3.94442e-20
55721.807 3.82817e-20
55721.907 3.72315e-20
55722.007 3.62845e-20
55722.107 3.54331e-20
55722.207 3.46707e-20
55722.307 3.39917e-20
55722.407 3.33913e-20
55722.507 3.28654e-20
55722.607 3.24105e-20
55722.707 3.20236e-20
55722.807 3.17025e-20
55722.907 3.14452e-20
55723.007 3.12504e-20
55723.107 3.11172e-20
55723.207 3.10451e-20
55723.307 3.10340e-20
55723.407 3.10844e-20
55723.507 3.11971e-20
55723.607 3.13735e-20
55723.707 3.16155e-20
55723.807 3.19253e-20
55723.907 3.23060e-20
55724.007 3.27610e-20
55724.107 3.32947e-20
55724.207 3.39119e-20
55724.307 3.46185e-20
55724.407 3.54214e-20
55724.507 3.63283e-20
55724.607 3.73484e-20
55724.707 3.84922e-20
55724.807 3.97719e-20
55724.907 4.12016e-20
55725.007 4.27977e-20
55725.107 4.45790e-20
55725.207 4.65677e-20
55725.307 4.87895e-20
55725.407 5.12742e-20
55725.507 5.40570e-20
55725.607 5.71791e-20
55725.707 6.06888e-20
55725.807 6.46432e-20
55725.907 6.91095e-20
55726.007 7.41673e-20
55726.107 7.99103e-20
55726.207 8.64494e-20
55726.307 9.39146e-20
55726.407 1.02457e-19
55726.507 1.12253e-19
55726.607 1.23498e-19
55726.707 1.36409e-19
55726.807 1.51210e-19
55726.907 1.68107e-19
55727.007 1.87253e-19
55727.107 2.08673e-19
55727.207 2.32166e-19
55727.307 2.57172e-19
55727.407 2.82631e-19
55727.507 3.06910e-19
55727.607 3.27881e-19
55727.707 3.43268e-19
55727.807 3.51227e-19
55727.907 3.50958e-19
55728.007 3.43007e-19
55728.107 3.29088e-19
55728.207 3.11523e-19
55728.307 2.92633e-19
55728.407 2.74341e-19
55728.507 2.58029e-19
55728.607 2.44595e-19
55728.707 2.34593e-19
55728.807 2.28379e-19
55728.907 2.26231e-19
55729.007 2.28439e-19
55729.107 2.35352e-19
55729.207 2.47397e-19
55729.307 2.65038e-19
55729.407 2.88666e-19
55729.507 3.18381e-19
55729.607 3.53630e-19
55729.707 3.92684e-19
55729.807 4.31887e-19
55729.907 4.64683e-19
55730.007 4.81436e-19
55730.107 4.73140e-19
55730.207 4.39071e-19
55730.307 3.88905e-19
55730.407 3.35012e-19
55730.507 2.85410e-19
55730.607 2.43102e-19
55730.707 2.08221e-19
55730.807 1.79806e-19
55730.907 1.56676e-19
55731.007 1.37759e-19
55731.107 1.22175e-19
55731.207 1.09229e-19
55731.307 9.83814e-20
55731.407 8.92160e-20
55731.507 8.14092e-20
55731.607 7.47091e-20
55731.707 6.89181e-20
55731.807 6.38798e-20
55731.907 5.94697e-20
55732.007 5.55877e-20
55732.107 5.21529e-20
55732.207 4.90991e-20
55732.307 4.63722e-20
55732.407 4.39273e-20
55732.507 4.17270e-20
55732.607 3.97401e-20
55732.707 3.79401e-20
55732.807 3.63049e-20
55732.907 3.48153e-20
55733.007 3.34551e-20
55733.107 3.22104e-20
55733.207 3.10690e-20
55733.307 3.00205e-20
55733.407 2.90558e-20
55733.507 2.81669e-20
55733.607 2.73469e-20
55733.707 2.65896e-20
55733.807 2.58896e-20
55733.907 2.52422e-20
55734.007 2.46431e-20
55734.107 2.40885e-20
55734.207 2.35750e-20
55734.307 2.30998e-20
55734.407 2.26600e-20
55734.507 2.22533e-20
55734.607 2.18776e-20
55734.707 2.15309e-20
55734.807 2.12115e-20
55734.907 2.09178e-20
55735.007 2.06484e-20
55735.107 2.04021e-20
55735.207 2.01778e-20
55735.307 1.99743e-20
55735.407 1.97909e-20
55735.507 1.96266e-20
55735.607 1.94808e-20
55735.707 1.93529e-20
55735.807 1.92422e-20
55735.907 1.91483e-20
55736.007 1.90707e-20
55736.107 1.90091e-20
55736.207 1.89632e-20
55736.307 1.89326e-20
55736.407 1.89173e-20
55736.507 1.89170e-20
55736.607 1.89317e-20
55736.707 1.89612e-20
55736.807 1.90057e-20
55736.907 1.90651e-20
55737.007 1.91395e-20
55737.107 1.92290e-20
55737.207 1.93339e-20
55737.307 1.94544e-20
55737.407 1.95907e-20
55737.507 1.97432e-20
55737.607 1.99122e-20
55737.707 2.00982e-20
55737.807 2.03017e-20
55737.907 2.05232e-20
55738.007 2.07633e-20
55738.107 2.10227e-20
55738.207 2.13022e-20
55738.307 2.16025e-20
55738.407 2.19247e-20
55738.507 2.22696e-20
55738.607 2.26383e-20
55738.707 2.30320e-20
55738.807 2.34521e-20
55738.907 2.38999e-20
55739.007 2.43769e-20
55739.107 2.48848e-20
55739.207 2.54255e-20
55739.307 2.60010e-20
55739.407 2.66133e-20
55739.507 2.72650e-20
55739.607 2.79585e-20
55739.707 2.86967e-20
55739.807 2.94828e-20
55739.907 3.03200e-20
55740.007 3.12123e-20
55740.107 3.21635e-20
55740.207 3.31783e-20
55740.307 3.42615e-20
55740.407 3.54186e-20
55740.507 3.66556e-20
55740.607 3.79791e-20
55740.707 3.93964e-20
55740.807 4.09154e-20
55740.907 4.25451e-20
55741.007 4.42954e-20
55741.107 4.61772e-20
55741.207 4.82025e-20
55741.307 5.03847e-20
55741.407 5.27388e-20
55741.507 5.52812e-20
55741.607 5.80302e-20
55741.707 6.10061e-20
55741.807 6.42311e-20
55741.907 6.77301e-20
55742.007 7.15302e-20
55742.107 7.56612e-20
55742.207 8.01554e-20
55742.307 8.50481e-20
55742.407 9.03765e-20
55742.507 9.61801e-20
55742.607 1.02499e-19
55742.707 1.09375e-19
55742.807 1.16847e-19
55742.907 1.24947e-19
55743.007 1.33704e-19
55743.107 1.43129e-19
55743.207 1.53216e-19
55743.307 1.63932e-19
55743.407 1.75207e-19
55743.507 1.86923e-19
55743.607 1.98911e-19
55743.707 2.10940e-19
55743.807 2.22718e-19
55743.907 2.33903e-19
55744.007 2.44121e-19
55744.107 2.53003e-19
55744.207 2.60220e-19
55744.307 2.65536e-19
55744.407 2.68840e-19
55744.507 2.70173e-19
55744.607 2.69725e-19
55744.707 2.67821e-19
55744.807 2.64877e-19
55744.907 2.61365e-19
55745.007 2.57768e-19
55745.107 2.54554e-19
55745.207 2.52153e-19
55745.307 2.50954e-19
55745.407 2.51299e-19
55745.507 2.53489e-19
55745.607 2.57782e-19
55745.707 2.64396e-19
55745.807 2.73490e-19
55745.907 2.85144e-19
55746.007 2.99313e-19
55746.107 3.15771e-19
55746.207 3.34028e-19
55746.307 3.53220e-19
55746.407 3.71981e-19
55746.507 3.88335e-19
55746.607 3.99745e-19
55746.707 4.03546e-19
55746.807 3.97856e-19
55746.907 3.82557e-19
55747.007 3.59535e-19
55747.107 3.31868e-19
55747.207 3.02589e-19
55747.307 2.73871e-19
55747.407 2.46996e-19
55747.507 2.22700e-19
55747.607 2.01258e-19
55747.707 1.82569e-19
55747.807 1.66359e-19
55747.907 1.52315e-19
55748.007 1.40135e-19
55748.107 1.29552e-19
55748.207 1.20335e-19
55748.307 1.12288e-19
55748.407 1.05246e-19
55748.507 9.90713e-20
55748.607 9.36479e-20
55748.707 8.88795e-20
55748.807 8.46856e-20
55748.907 8.09989e-20
55749.007 7.77634e-20
55749.107 7.49323e-20
55749.207 7.24668e-20
55749.307 7.03350e-20
55749.407 6.85107e-20
55749.507 6.69728e-20
55749.607 6.57050e-20
55749.707 6.46948e-20
55749.807 6.39338e-20
55749.907 6.34172e-20
55750.007 6.31439e-20
55750.107 6.31164e-20
55750.207 6.33410e-20
55750.307 6.38282e-20
55750.407 6.45931e-20
55750.507 6.56562e-20
55750.607 6.70437e-20
55750.707 6.87894e-20
55750.807 7.09356e-20
55750.907 7.35353e-20
55751.007 7.66551e-20
55751.107 8.03778e-20
55751.207 8.48080e-20
55751.307 9.00775e-20
55751.407 9.63536e-20
55751.507 1.03851e-19
55751.607 1.12845e-19
55751.707 1.23697e-19
55751.807 1.36876e-19
55751.907 1.53008e-19
55752.007 1.72919e-19
55752.107 1.97713e-19
55752.207 2.28847e-19
55752.307 2.68217e-19
55752.407 3.18167e-19
55752.507 3.81280e-19
55752.607 4.59579e-19
55752.707 5.52488e-19
55752.807 6.53017e-19
55752.907 7.43608e-19
55753.007 7.98005e-19
55753.107 7.95819e-19
55753.207 7.39606e-19
55753.307 6.52507e-19
55753.407 5.59880e-19
55753.507 4.77249e-19
55753.607 4.10306e-19
55753.707 3.59284e-19
55753.807 3.22424e-19
55753.907 2.97739e-19
55754.007 2.83709e-19
55754.107 2.79515e-19
55754.207 2.85099e-19
55754.307 3.01221e-19
55754.407 3.29520e-19
55754.507 3.72517e-19
55754.607 4.33340e-19
55754.707 5.14676e-19
55754.807 6.16215e-19
55754.907 7.30693e-19
55755.007 8.40714e-19
55755.107 9.16306e-19
55755.207 9.13428e-19
55755.307 8.11590e-19
55755.407 6.59853e-19
55755.507 5.18160e-19
55755.607 4.07656e-19
55755.707 3.26141e-19
55755.807 2.66323e-19
55755.907 2.21853e-19
55756.007 1.88175e-19
55756.107 1.62176e-19
55756.207 1.41739e-19
55756.307 1.25404e-19
55756.407 1.12154e-19
55756.507 1.01263e-19
55756.607 9.22048e-20
55756.707 8.45915e-20
55756.807 7.81331e-20
55756.907 7.26090e-20
55757.007 6.78496e-20
55757.107 6.37223e-20
55757.207 6.01229e-20
55757.307 5.69683e-20
55757.407 5.41915e-20
55757.507 5.17384e-20
55757.607 4.95646e-20
55757.707 4.76338e-20
55757.807 4.59156e-20
55757.907 4.43851e-20
55758.007 4.30213e-20
55758.107 4.18065e-20
55758.207 4.07261e-20
55758.307 3.97677e-20
55758.407 3.89207e-20
55758.507 3.81760e-20
55758.607 3.75250e-20
55758.707 3.69595e-20
55758.807 3.64700e-20
55758.907 3.60453e-20
55759.007 3.56782e-20
55759.107 3.53635e-20
55759.207 3.51007e-20
55759.307 3.48921e-20
55759.407 3.47403e-20
55759.507 3.46467e-20
55759.607 3.46118e-20
55759.707 3.46353e-20
55759.807 3.47169e-20
55759.907 3.48568e-20
55760.007 3.50553e-20
55760.107 3.53132e-20
55760.207 3.56313e-20
55760.307 3.60096e-20
55760.407 3.64485e-20
55760.507 3.69511e-20
55760.607 3.75248e-20
55760.707 3.81781e-20
55760.807 3.89125e-20
55760.907 3.97095e-20
55761.007 4.05423e-20
55761.107 4.14223e-20
55761.207 4.23882e-20
55761.307 4.34635e-20
55761.407 4.46571e-20
55761.507 4.59746e-20
55761.607 4.74231e-20
55761.707 4.90118e-20
55761.807 5.07525e-20
55761.907 5.26592e-20
55762.007 5.47482e-20
55762.107 5.70384e-20
55762.207 5.95518e-20
55762.307 6.23136e-20
55762.407 6.53531e-20
55762.507 6.87041e-20
55762.607 7.24058e-20
55762.707 7.65036e-20
55762.807 8.10508e-20
55762.907 8.61095e-20
55763.007 9.17524e-20
55763.107 9.80650e-20
55763.207 1.05148e-19
55763.307 1.13121e-19
55763.407 1.22123e-19
55763.507 1.32320e-19
55763.607 1.43906e-19
55763.707 1.57111e-19
55763.807 1.72200e-19
55763.907 1.89476e-19
55764.007 2.09281e-19
55764.107 2.31982e-19
55764.207 2.57951e-19
55764.307 2.87513e-19
55764.407 3.20871e-19
55764.507 3.57973e-19
55764.607 3.98322e-19
55764.707 4.40749e-19
55764.807 4.83195e-19
55764.907 5.22647e-19
55765.007 5.55400e-19
55765.107 5.77769e-19
55765.207 5.87131e-19
55765.307 5.82838e-19
55765.407 5.66487e-19
55765.507 5.41370e-19
55765.607 5.11466e-19
55765.707 4.80495e-19
55765.807 4.51395e-19
55765.907 4.26209e-19
55766.007 4.06241e-19
55766.107 3.92298e-19
55766.207 3.84924e-19
55766.307 3.84582e-19
55766.407 3.91772e-19
55766.507 4.07088e-19
55766.607 4.31187e-19
55766.707 4.64667e-19
55766.807 5.07797e-19
55766.907 5.60084e-19
55767.007 6.19729e-19
55767.107 6.83067e-19
55767.207 7.43888e-19
55767.307 7.92240e-19
55767.407 8.13762e-19
55767.507 7.94783e-19
55767.607 7.34488e-19
55767.707 6.48864e-19
55767.807 5.58306e-19
55767.907 4.75885e-19
55768.007 4.06273e-19
55768.107 3.49409e-19
55768.207 3.03502e-19
55768.307 2.66483e-19
55768.407 2.36522e-19
55768.507 2.12145e-19
55768.607 1.92208e-19
55768.707 1.75836e-19
55768.807 1.62366e-19
55768.907 1.51296e-19
55769.007 1.42251e-19
55769.107 1.34953e-19
55769.207 1.29207e-19
55769.307 1.24891e-19
55769.407 1.21952e-19
55769.507 1.20421e-19
55769.607 1.20437e-19
55769.707 1.22287e-19
55769.807 1.26319e-19
55769.907 1.32166e-19
55770.007 1.38276e-19
55770.107 1.45460e-19
55770.207 1.56388e-19
55770.307 1.72841e-19
55770.407 1.96739e-19
55770.507 2.31252e-19
55770.607 2.81742e-19
55770.707 3.57222e-19
55770.807 4.72421e-19
55770.907 6.48223e-19
55771.007 8.97791e-19
55771.107 1.16437e-18
55771.207 1.25848e-18
55771.307 1.08246e-18
55771.407 8.10861e-19
55771.507 5.90392e-19
55771.607 4.42099e-19
55771.707 3.46864e-19
55771.807 2.86085e-19
55771.907 2.47713e-19
55772.007 2.24704e-19
55772.107 2.13198e-19
55772.207 2.11404e-19
55772.307 2.19078e-19
55772.407 2.37421e-19
55772.507 2.69348e-19
55772.607 3.20102e-19
55772.707 3.98024e-19
55772.807 5.14131e-19
55772.907 6.75179e-19
55773.007 8.59922e-19
55773.107 9.96325e-19
55773.207 1.02343e-18
55773.307 9.45795e-19
55773.407 7.69803e-19
55773.507 5.69281e-19
55773.607 4.15759e-19
55773.707 3.12928e-19
55773.807 2.44698e-19
55773.907 1.98159e-19
55774.007 1.65322e-19
55774.107 1.41412e-19
55774.207 1.23523e-19
55774.307 1.09833e-19
55774.407 9.91597e-20
55774.507 9.07127e-20
55774.607 8.39493e-20
55774.707 7.84879e-20
55774.807 7.40543e-20
55774.907 7.04484e-20
55775.007 6.75220e-20
55775.107 6.51639e-20
55775.207 6.32905e-20
55775.307 6.18384e-20
55775.407 6.07599e-20
55775.507 6.00198e-20
55775.607 5.95926e-20
55775.707 5.94611e-20
55775.807 5.96152e-20
55775.907 6.00510e-20
55776.007 6.07709e-20
55776.107 6.17828e-20
55776.207 6.31008e-20
55776.307 6.47454e-20
55776.407 6.67442e-20
55776.507 6.91328e-20
55776.607 7.19568e-20
55776.707 7.52729e-20
55776.807 7.91522e-20
55776.907 8.36835e-20
55777.007 8.89775e-20
55777.107 9.51733e-20
55777.207 1.02446e-19
55777.307 1.11020e-19
55777.407 1.21180e-19
55777.507 1.33295e-19
55777.607 1.47845e-19
55777.707 1.65463e-19
55777.807 1.86983e-19
55777.907 2.13516e-19
55778.007 2.46538e-19
55778.107 2.87999e-19
55778.207 3.40405e-19
55778.307 4.06798e-19
55778.407 4.90356e-19
55778.507 5.93098e-19
55778.607 7.12813e-19
55778.707 8.37829e-19
55778.807 9.42749e-19
55778.907 9.94440e-19
55779.007 9.73366e-19
55779.107 8.90770e-19
55779.207 7.78456e-19
55779.307 6.65609e-19
55779.407 5.68055e-19
55779.507 4.90641e-19
55779.607 4.32737e-19
55779.707 3.91979e-19
55779.807 3.66047e-19
55779.907 3.53328e-19
55780.007 3.53123e-19
55780.107 3.65716e-19
55780.207 3.92413e-19
55780.307 4.35522e-19
55780.407 4.98086e-19
55780.507 5.82833e-19
55780.607 6.89552e-19
55780.707 8.10725e-19
55780.807 9.29100e-19
55780.907 1.02469e-18
55781.007 1.08421e-18
55781.107 1.08574e-18
55781.207 9.93323e-19
55781.307 8.25326e-19
55781.407 6.51266e-19
55781.507 5.10756e-19
55781.607 4.06961e-19
55781.707 3.31546e-19
55781.807 2.76183e-19
55781.907 2.34795e-19
55782.007 2.03271e-19
55782.107 1.78859e-19
55782.207 1.59704e-19
55782.307 1.44533e-19
55782.407 1.32465e-19
55782.507 1.22883e-19
55782.607 1.15361e-19
55782.707 1.09611e-19
55782.807 1.05460e-19
55782.907 1.02839e-19
55783.007 1.01780e-19
55783.107 1.02441e-19
55783.207 1.05154e-19
55783.307 1.10511e-19
55783.407 1.19546e-19
55783.507 1.34068e-19
55783.607 1.57343e-19
55783.707 1.95400e-19
55783.807 2.59179e-19
55783.907 3.64572e-19
55784.007 5.08552e-19
55784.107 5.90757e-19
55784.207 5.06131e-19
55784.307 3.68867e-19
55784.407 2.72838e-19
55784.507 2.18917e-19
55784.607 1.92137e-19
55784.707 1.83044e-19
55784.807 1.87532e-19
55784.907 2.05170e-19
55785.007 2.38668e-19
55785.107 2.94442e-19
55785.207 3.83791e-19
55785.307 5.21930e-19
55785.407 7.11994e-19
55785.507 8.89643e-19
55785.607 9.07710e-19
55785.707 7.47022e-19
55785.807 5.52072e-19
55785.907 4.04328e-19
55786.007 3.06949e-19
55786.107 2.44886e-19
55786.207 2.05764e-19
55786.307 1.81910e-19
55786.407 1.69002e-19
55786.507 1.64887e-19
55786.607 1.68939e-19
55786.707 1.81853e-19
55786.807 2.05778e-19
55786.907 2.44760e-19
55787.007 3.05289e-19
55787.107 3.95795e-19
55787.207 5.20460e-19
55787.307 6.57630e-19
55787.407 7.35037e-19
55787.507 6.86369e-19
55787.607 5.51980e-19
55787.707 4.14709e-19
55787.807 3.09354e-19
55787.907 2.35358e-19
55788.007 1.84042e-19
55788.107 1.47908e-19
55788.207 1.21842e-19
55788.307 1.02553e-19
55788.407 8.79270e-20
55788.507 7.65919e-20
55788.607 6.76362e-20
55788.707 6.04423e-20
55788.807 5.45855e-20
55788.907 4.97727e-20
55789.007 4.58100e-20
55789.107 4.25966e-20
55789.207 4.01645e-20
55789.307 3.88139e-20
55789.407 3.90103e-20
55789.507 3.79802e-20
55789.607 3.37209e-20
55789.707 3.04485e-20
55789.807 2.82631e-20
55789.907 2.66223e-20
55790.007 2.52842e-20
55790.107 2.41458e-20
55790.207 2.31601e-20
55790.307 2.23098e-20
55790.407 2.16053e-20
55790.507 2.11044e-20
55790.607 2.08750e-20
55790.707 2.04498e-20
55790.807 1.96458e-20
55790.907 1.92582e-20
55791.007 1.97889e-20
55791.107 2.16045e-20
55791.207 1.98080e-20
55791.307 1.76092e-20
55791.407 1.65724e-20
55791.507 1.59548e-20
55791.607 1.55048e-20
55791.707 1.51416e-20
55791.807 1.48345e-20
55791.907 1.45706e-20
55792.007 1.43442e-20
55792.107 1.41535e-20
55792.207 1.39993e-20
55792.307 1.38843e-20
55792.407 1.38130e-20
55792.507 1.37918e-20
55792.607 1.38290e-20
55792.707 1.39329e-20
55792.807 1.41082e-20
55792.907 1.43458e-20
55793.007 1.46020e-20
55793.107 1.47734e-20
55793.207 1.47018e-20
55793.307 1.42684e-20
55793.407 1.35263e-20
55793.507 1.26763e-20
55793.607 1.19011e-20
55793.707 1.12783e-20
55793.807 1.08091e-20
55793.907 1.04668e-20
55794.007 1.02235e-20
55794.107 1.00587e-20
55794.207 9.96028e-21
55794.307 9.92380e-21
55794.407 9.95217e-21
55794.507 1.00563e-20
55794.607 1.02574e-20
55794.707 1.05911e-20
55794.807 1.11142e-20
55794.907 1.19102e-20
55795.007 1.30767e-20
55795.107 1.46289e-20
55795.207 1.61968e-20
55795.307 1.67562e-20
55795.407 1.55928e-20
55795.507 1.35124e-20
55795.607 1.16052e-20
55795.707 1.02106e-20
55795.807 9.25238e-21
55795.907 8.59100e-21
55796.007 8.12071e-21
55796.107 7.77354e-21
55796.207 7.50734e-21
55796.307 7.29581e-21
55796.407 7.12228e-21
55796.507 6.97586e-21
55796.607 6.84930e-21
55796.707 6.73763e-21
55796.807 6.63737e-21
55796.907 6.54606e-21
55797.007 6.46187e-21
55797.107 6.38347e-21
55797.207 6.30985e-21
55797.307 6.24023e-21
55797.407 6.17403e-21
55797.507 6.11076e-21
55797.607 6.05005e-21
55797.707 5.99161e-21
55797.807 5.93517e-21
55797.907 5.88055e-21
55798.007 5.82757e-21
55798.107 5.77609e-21
55798.207 5.72599e-21
55798.307 5.67717e-21
55798.407 5.62955e-21
55798.507 5.58303e-21
55798.607 5.53757e-21
55798.707 5.49309e-21
55798.807 5.44955e-21
55798.907 5.40690e-21
55799.007 5.36510e-21
55799.107 5.32411e-21
55799.207 5.28389e-21
55799.307 5.24442e-21
55799.407 5.20566e-21
55799.507 5.16758e-21
55799.607 5.13017e-21
55799.707 5.09341e-21
55799.807 5.05726e-21
55799.907 5.02171e-21
55800.007 4.98674e-21
55800.107 4.95233e-21
55800.207 4.91847e-21
55800.307 4.88514e-21
55800.407 4.85233e-21
55800.507 4.82002e-21
55800.607 4.78820e-21
55800.707 4.75685e-21
55800.807 4.72596e-21
55800.907 4.69553e-21
55801.007 4.66553e-21
55801.107 4.63597e-21
55801.207 4.60683e-21
55801.307 4.57809e-21
55801.407 4.54976e-21
55801.507 4.52181e-21
55801.607 4.49425e-21
55801.707 4.46706e-21
55801.807 4.44024e-21
55801.907 4.41377e-21
55802.007 4.38765e-21
55802.107 4.36188e-21
55802.207 4.33644e-21
55802.307 4.31132e-21
55802.407 4.28653e-21
55802.507 4.26206e-21
55802.607 4.23789e-21
55802.707 4.21402e-21
55802.807 4.19045e-21
55802.907 4.16718e-21
55803.007 4.14418e-21
55803.107 4.12147e-21
55803.207 4.09903e-21
55803.307 4.07686e-21
55803.407 4.05495e-21
55803.507 4.03330e-21
55803.607 4.01190e-21
55803.707 3.99075e-21
55803.807 3.96984e-21
55803.907 3.94917e-21
55804.007 3.92873e-21
55804.107 3.90852e-21
55804.207 3.88853e-21
55804.307 3.86877e-21
55804.407 3.84922e-21
55804.507 3.82989e-21
55804.607 3.81078e-21
55804.707 3.79188e-21
55804.807 3.77320e-21
55804.907 3.75471e-21
