0.005 4111.50035560261222
0.010 3983.88418394398968
0.015 3869.87737252472152
0.020 3756.40548745675278
0.025 3646.90478074039447
0.030 3540.33840765016066
0.035 3436.87132217054386
0.040 3336.34962956301842
0.045 3238.70794672232978
0.050 3143.86016616253391
0.055 3051.72864149987618
0.060 2962.23628601145720
0.065 2875.30861069917319
0.070 2790.87310132782522
0.075 2708.85931061772044
0.080 2629.19876090280877
0.085 2551.82489960264320
0.090 2476.67304251555788
0.095 2403.68032229265145
0.100 2332.78563738724415
0.105 2263.92960268911202
0.110 2197.05450146830799
0.115 2132.10423868037151
0.120 2069.02429557094047
0.125 2007.76168555032814
0.130 1948.26491130037834
0.135 1890.48392307994209
0.140 1834.37007819535802
0.145 1779.87610160358213
0.150 1726.95604761596542
0.155 1675.56526267226786
0.160 1625.66034915507339
0.165 1577.19913021547723
0.170 1530.14061558144840
0.175 1484.44496832197069
0.180 1440.07347254028787
0.185 1396.98850196975582
0.190 1355.15348944762422
0.195 1314.53289724217575
0.200 1275.09218820876663
0.205 1236.79779775294082
0.210 1199.61710657668777
0.215 1163.51841418656113
0.220 1128.47091314292175
0.225 1094.44466402866146
0.230 1061.41057111756527
0.235 1029.34035872355662
0.240 998.206548211032555
0.245 967.982435647447460
0.250 938.642070081454676
0.255 910.160232428272820
0.260 882.512414945316209
0.265 855.674801282032377
0.270 829.624247087500748
0.275 804.338261160506249
0.280 779.794987126775823
0.285 755.973185628674628
0.290 732.852217013157883
0.295 710.412024503880048
0.300 688.633117844123490
0.305 667.496557397252332
0.310 646.983938692037327
0.315 627.077377400303362
0.320 607.759494734886516
0.325 589.013403256215270
0.330 570.822693075975280
0.335 553.171418446837265
0.340 536.044084727530617
0.345 519.425635712605526
0.350 503.301441316863645
0.355 487.657285604466836
0.360 472.479355153069321
0.365 457.754227743725664
0.370 443.468861367326610
0.375 429.610583538818048
0.380 416.167080910608320
0.385 403.126389176713360
0.390 390.476883259617466
0.395 378.207267771917998
0.400 366.306567744991128
0.405 354.764119617393646
0.410 343.569562475561952
0.415 332.712829539850816
0.420 322.184139889076107
0.425 311.973990416810977
0.430 302.073148013031926
0.435 292.472641964773686
0.440 283.163756569725820
0.445 274.138023956745883
0.450 265.387217107519973
0.455 256.903343073845349
0.460 248.678636384917723
0.465 240.705552639409177
0.470 232.976762277159395
0.475 225.485144525432844
0.480 218.223781514851339
0.485 211.185952560310909
0.490 204.365128602246642
0.495 197.754966803714780
0.500 191.349305298995802
0.505 185.142158089466790
0.510 179.127710082608587
0.515 173.300312270166216
0.520 167.654477041524046
0.525 162.184873628604635
0.530 156.886323678500673
0.535 151.753796950358577
0.540 146.782407132993029
0.545 141.967407779874861
0.550 137.304188358154789
0.555 132.788270408655563
0.560 128.415303813581062
0.565 124.181063169020405
0.570 120.081444259302685
0.575 116.112460630324279
0.580 112.270240259124535
0.585 108.551022316935700
0.590 104.951154023208105
0.595 101.467087587936007
0.600 98.0953772399480641
0.605 94.8326763386280334
0.610 91.6757345668021344
0.615 88.6213952025298255
0.620 85.6665924675365034
0.625 82.8083489501924674
0.630 80.0437731009221380
0.635 77.3700567980245353
0.640 74.7844729819389471
0.645 72.2843733560276576
0.650 69.8671861520239759
0.655 67.5304139583247860
0.660 65.2716316093786162
0.665 63.0884841344465954
0.670 60.9786847640814358
0.675 58.9400129927081835
0.680 56.9703126957234218
0.685 55.0674902996024755
0.690 53.2295130035172122
0.695 51.4544070510245888
0.700 49.7402560504263960
0.705 48.0851993424298172
0.710 46.4874304137900367
0.715 44.9451953556402870
0.720 43.4567913652593205
0.725 42.0205652900610360
0.730 40.6349122126195113
0.735 39.2982740755786608
0.740 38.0091383453316212
0.745 36.7660367133715127
0.750 35.5675438343054537
0.755 34.4122760993208558
0.760 33.2988904447838223
0.765 32.2260831924782565
0.770 31.1925889299403920
0.775 30.1971793949192246
0.780 29.2386624938529707
0.785 28.3158809654585752
0.790 27.4277125099365584
0.795 26.5730645856155263
0.800 25.7508892403651330
0.805 24.9601009716418325
0.810 24.1995967240604735
0.815 23.4683929495309513
0.820 22.7655758285504959
0.825 22.0902498420665303
0.830 21.4415490095359331
0.835 20.8186328884947862
0.840 20.2206866852588334
0.845 19.6469202912516856
0.850 19.0965676336500643
0.855 18.5688859675020552
0.860 18.0631552085027991
0.865 17.5786772791494563
0.870 17.1147754748952785
0.875 16.6707938478792990
0.880 16.2460966082243488
0.885 15.8400675422836077
0.890 15.4521094473937008
0.895 15.0816435826602060
0.900 14.7281091353291522
0.905 14.3903064327471828
0.910 14.0671512655018098
0.915 13.7582814052788400
0.920 13.4633505646136644
0.925 13.1820279349054150
0.930 12.9139977372926165
0.935 12.6589587872115672
0.940 12.4166240681920250
0.945 12.1867203285014174
0.950 11.9689876529699184
0.955 11.7631791685627647
0.960 11.5690603564957435
0.965 11.3864045183837863
0.970 11.2149218851321795
0.975 11.0542880635928977
0.980 10.9041676377431980
0.985 10.7642908009781557
0.990 10.6342816400965710
0.995 10.5138842311719287
1.000 10.4042450943356677
1.005 10.3005766465601223
1.010 10.2011621508864980
1.015 10.1092022998398097
1.020 10.0257117578203712
1.025 9.95031924201397366
1.030 9.88216512907170141
1.035 9.82044753851825902
1.040 9.76447347035478153
1.045 9.71366193246411136
1.050 9.66753643780155336
1.055 9.62574029106054496
1.060 9.58809262240880145
1.065 9.55452403688968488
1.070 9.52502263582269215
1.075 9.49959499709775912
1.080 9.47819542521486724
1.085 9.46069804944811921
1.090 9.44693019478728679
1.095 9.43667141213718175
1.100 9.42969099702972535
1.105 9.42579806154481226
1.110 9.42483559284075412
1.115 9.42665013004888230
1.120 9.43108899747331719
1.125 9.43799921463672931
1.130 9.44722805605086435
1.135 9.45862218311040159
1.140 9.47203324215729303
1.145 9.48734245029676515
1.150 9.50444298039610480
1.155 9.52320787672689484
1.160 9.54350499086373460
1.165 9.56520690619699110
1.170 9.58819933021573689
1.175 9.61239615342707054
1.180 9.63776646232081546
1.185 9.66431507297954084
1.190 9.69204665329838377
1.195 9.72096091778299609
1.200 9.75105203087512606
1.205 9.78229983573291939
1.210 9.81463400707994005
1.215 9.84795710306565475
1.220 9.88218680980669895
1.225 9.91725792385256177
1.230 9.95311273602569813
1.235 9.98970155164644780
1.240 10.0269850292878075
1.245 10.0649481085497214
1.250 10.1035923659304920
1.255 10.1429278806300154
1.260 10.1829768234120994
1.265 10.2237712996524799
1.270 10.2652533000409392
1.275 10.3072766584547857
1.280 10.3497112665777760
1.285 10.3924467089746102
1.290 10.4354008040962825
1.295 10.4786788425905737
1.300 10.5226341590455750
1.305 10.5675682747379867
1.310 10.6130084923704100
1.315 10.6589122991611056
1.320 10.7054245313229757
1.325 10.7524765819526742
1.330 10.8000760510992748
1.335 10.8482056019434054
1.340 10.8968569094779113
1.345 10.9460197018147731
1.350 10.9956851687044317
1.355 11.0458448955129054
1.360 11.0964911641836963
1.365 11.1476094419703085
1.370 11.1991561891256435
1.375 11.2510810408867403
1.380 11.3033341972670609
1.385 11.3558664083514298
1.390 11.4086289607875138
1.395 11.4615736643491140
1.400 11.5146528388920544
1.405 11.5678200507233324
1.410 11.6210398578904606
1.415 11.6742850341617963
1.420 11.7275289942946497
1.425 11.7807456021662968
1.430 11.8339091594336114
1.435 11.8869943944427856
1.440 11.9399764514028632
1.445 11.9928308798116756
1.450 12.0455336241300692
1.455 12.0980610136956646
1.460 12.1503897528741156
1.465 12.2024969114382440
1.470 12.2543599151793270
1.475 12.3059565367342998
1.480 12.3572648866251011
1.485 12.4082634045174807
1.490 12.4589308506791099
1.495 12.5092462976407468
1.500 12.5591891220553471
1.505 12.6088584936582393
1.510 12.6583653570764234
1.515 12.7077071794027390
1.520 12.7568817011620936
1.525 12.8058869290904322
1.530 12.8547211290798824
1.535 12.9033828192952100
1.540 12.9518707634543944
1.545 13.0001839642637496
1.550 13.0483216570278238
1.555 13.0962833033506065
1.560 13.1440685851959689
1.565 13.1916773983400351
1.570 13.2391098487589911
1.575 13.2863662387318193
1.580 13.3334470919949055
1.585 13.3803530337975367
1.590 13.4270852130850393
1.595 13.4736437020572328
1.600 13.5200334448595409
1.605 13.5662331738927406
1.610 13.6121976392228206
1.615 13.6579112476090927
1.620 13.7033739724164167
1.625 13.7485823583064128
1.630 13.7935340583764354
1.635 13.8382266130434424
1.640 13.8826577719812416
1.645 13.9268254027212723
1.650 13.9707275101390138
1.655 14.0143622263478864
1.660 14.0577278086388411
1.665 14.1008226353883206
1.670 14.1436452026172113
1.675 14.1861941204939352
1.680 14.2284681099565109
1.685 14.2704659994113996
1.690 14.3121867215154150
1.695 14.3536293100390200
1.700 14.3947928968039722
1.705 14.4356767086997078
1.710 14.4762800647728351
1.715 14.5166023733921215
1.720 14.5566431294790828
1.725 14.5964019118144250
1.730 14.6358783804065151
1.735 14.6750722739276114
1.740 14.7139834072192777
1.745 14.7526116688540139
1.750 14.7909570187617092
1.755 14.8290194859165592
1.760 14.8667991660836929
1.765 14.9042962196191695
1.770 14.9415108693298535
1.775 14.9784433983906204
1.780 15.0150941483040370
1.785 15.0514635169263631
1.790 15.0875519565332556
1.795 15.1233599719429623
1.800 15.1588881186825883
1.805 15.1941370012050232
1.810 15.2291072711512943
1.815 15.2637996256596136
1.820 15.2982148057165812
1.825 15.3323535945486071
1.830 15.3662168160657853
1.835 15.3998053333361327
1.840 15.4331200471042607
1.845 15.4661618943486818
1.850 15.4989318468817103
1.855 15.5314309099768959
1.860 15.5636601210439469
1.865 15.5956205483317500
1.870 15.6273132896683222
1.875 15.6587394712360730
1.880 15.6899002463786790
1.885 15.7207967944411564
1.890 15.7514303196399474
1.895 15.7818020499655525
1.900 15.8119132361142363
1.905 15.8417651504501986
1.910 15.8713590859935696
1.915 15.9006963554411520
1.920 15.9297782902088851
1.925 15.9586062395060893
1.930 15.9871815694295307
1.935 16.0155056620912220
1.940 16.0435799147627414
1.945 16.0714057390477727
1.950 16.0989845600786978
1.955 16.1263178157329925
1.960 16.1534069558761644
1.965 16.1802534416226891
1.970 16.2068587446219254
1.975 16.2332243463592363
1.980 16.2593517374837155
1.985 16.2852424171537606
1.990 16.3108978923995984
1.995 16.3363196775047221
2.000 16.3615092934106734
2.005 16.3864682671335622
2.010 16.4111981312000310
2.015 16.4357004231050006
2.020 16.4599766847765423
2.025 16.4840284620657300
2.030 16.5078573042482937
2.035 16.5314647635421466
2.040 16.5548523946387469
2.045 16.5780217542505142
2.050 16.6009744006742785
2.055 16.6237118933651047
2.060 16.6462357925242159
2.065 16.6685476587034636
2.070 16.6906490524191327
2.075 16.7125415337779408
2.080 16.7342266621193687
2.085 16.7557059956661689
2.090 16.7769810911869079
2.095 16.7980535036725769
2.100 16.8189247860185596
2.105 16.8395964887252561
2.110 16.8600701596029978
2.115 16.8803473434865055
2.120 16.9004295819665593
2.125 16.9203184131243276
2.130 16.9400153712741712
2.135 16.9595219867251963
2.140 16.9788397855405613
2.145 16.9979702893106754
2.150 17.0169150149376414
2.155 17.0356754744217191
2.160 17.0542531746582497
2.165 17.0726496172463520
2.170 17.0908662982993782
2.175 17.1089047082650332
2.180 17.1267663317549363
2.185 17.1444526473766032
2.190 17.1619651275779859
2.195 17.1793052384915406
2.200 17.1964744397928655
2.205 17.2134741845583186
2.210 17.2303059191336274
2.215 17.2469710830052065
2.220 17.2634711086815251
2.225 17.2798074215736897
2.230 17.2959814398880916
2.235 17.3119945745201598
2.240 17.3278482289535489
2.245 17.3435437991677723
2.250 17.3590826735471815
2.255 17.3744662327945321
2.260 17.3896958498527248
2.265 17.4047728898268339
2.270 17.4196987099130531
2.275 17.4344746593322775
2.280 17.4491020792632341
2.285 17.4635823027882857
2.290 17.4779166548340044
2.295 17.4921064521204705
2.300 17.5061530031135000
2.305 17.5200576079799220
2.310 17.5338215585461796
2.315 17.5474461382615097
2.320 17.5609326221607098
2.325 17.5742822768368825
2.330 17.5874963604095313
2.335 17.6005761225000690
2.340 17.6135228042116410
2.345 17.6263376381038626
2.350 17.6390218481824910
2.355 17.6515766498802371
2.360 17.6640032500454218
2.365 17.6763028469346182
2.370 17.6884766302032084
2.375 17.7005257809013585
2.380 17.7124514714714856
2.385 17.7242548657486623
2.390 17.7359371189601021
2.395 17.7474993777299765
2.400 17.7589427800847943
2.405 17.7702684554614869
2.410 17.7814775247146635
2.415 17.7925711001307825
2.420 17.8035502854391403
2.425 17.8144161758229238
2.430 17.8251698579407005
2.435 17.8358124099423527
2.440 17.8463449014835014
2.445 17.8567683937522723
2.450 17.8670839394874754
2.455 17.8772925830008091
2.460 17.8873953602025217
2.465 17.8973932986289483
2.470 17.9072874174637455
2.475 17.9170787275710239
2.480 17.9267682315226082
2.485 17.9363569236257980
2.490 17.9458457899558042
2.495 17.9552358083896806
2.500 17.9645279486367713
2.505 17.9737231722710078
2.510 17.9828224327684083
2.515 17.9918266755424874
2.520 18.0007368379789412
2.525 18.0095538494713914
2.530 18.0182786314622021
2.535 18.0269120974778474
2.540 18.0354551531694973
2.545 18.0439086963519983
2.550 18.0522736170450635
2.555 18.0605507975128248
2.560 18.0687411123035702
2.565 18.0768454282941526
2.570 18.0848646047323847
2.575 18.0927994932771696
2.580 18.1006509380439375
2.585 18.1084197756467127
2.590 18.1161068352419505
2.595 18.1237129385746414
2.600 18.1312389000204455
2.605 18.1386855266315230
2.610 18.1460536181832097
2.615 18.1533439672166104
2.620 18.1605573590874201
2.625 18.1676945720082053
2.630 18.1747563770980349
2.635 18.1817435384279626
2.640 18.1886568130640356
2.645 18.1954969511200026
2.650 18.2022646958004017
2.655 18.2089607834469227
2.660 18.2155859435876017
2.665 18.2221408989837528
2.670 18.2286263656743408
2.675 18.2350430530288108
2.680 18.2413916637885443
2.685 18.2476728941170592
2.690 18.2538874336497123
2.695 18.2600359655369395
2.700 18.2661191664936275
2.705 18.2721377068480741
2.710 18.2780922505853987
2.715 18.2839834554000298
2.720 18.2898119727397948
2.725 18.2955784478538916
2.730 18.3012835198407338
2.735 18.3069278216944404
2.740 18.3125119803532925
2.745 18.3180366167444966
2.750 18.3235023458332265
2.755 18.3289097766699811
2.760 18.3342595124344108
2.765 18.3395521504848382
2.770 18.3447882824037087
2.775 18.3499684940434662
2.780 18.3550933655729871
2.785 18.3601634715253361
2.790 18.3651793808417096
2.795 18.3701416569164948
2.800 18.3750508576467446
2.805 18.3799075354739507
2.810 18.3847122374302998
2.815 18.3894655051858393
2.820 18.3941678750893303
2.825 18.3988198782155337
2.830 18.4034220404119964
2.835 18.4079748823385358
2.840 18.4124789195146548
2.845 18.4169346623628307
2.850 18.4213426162510849
2.855 18.4257032815381514
2.860 18.4300171536163617
2.865 18.4342847229538833
2.870 18.4385064751381265
2.875 18.4426828909185438
2.880 18.4468144462490855
2.885 18.4509016123290337
2.890 18.4549448556474296
2.895 18.4589446380227251
2.900 18.4629014166449359
2.905 18.4668156441163376
2.910 18.4706877684939101
2.915 18.4745182333275011
2.920 18.4783074777038614
2.925 18.4820559362828440
2.930 18.4857640393404559
2.935 18.4894322128077491
2.940 18.4930608783102031
2.945 18.4966504532055573
2.950 18.5002013506250513
2.955 18.5037139795113568
2.960 18.5071887446556325
2.965 18.5106260467371229
2.970 18.5140262823631154
2.975 18.5173898441016114
2.980 18.5207171205219794
2.985 18.5240084962323479
2.990 18.5272643519156652
2.995 18.5304850643667400
3.000 18.5336710065271681
3.005 18.5368225475224939
3.010 18.5399400527001461
3.015 18.5430238836619807
3.020 18.5460743982992078
3.025 18.5490919508303307
3.030 18.5520768918356254
3.035 18.5550295682875799
3.040 18.5579503235893597
3.045 18.5608394976100577
3.050 18.5636974267129027
3.055 18.5665244437923178
3.060 18.5693208783084458
3.065 18.5720870563164802
3.070 18.5748233005016203
3.075 18.5775299302133377
3.080 18.5802072614922444
3.085 18.5828556071067474
3.090 18.5854752765835087
3.095 18.5880665762379138
3.100 18.5906298092063800
3.105 18.5931652754770731
3.110 18.5956732719191606
3.115 18.5981540923160154
3.120 18.6006080273930081
3.125 18.6030353648468747
3.130 18.6054363893788306
3.135 18.6078113827206799
3.140 18.6101606236656387
3.145 18.6124843880967816
3.150 18.6147829490151651
3.155 18.6170565765689702
3.160 18.6193055380828483
3.165 18.6215300980833440
3.170 18.6237305183270117
3.175 18.6259070578312809
3.180 18.6280599728971197
3.185 18.6301895171386711
3.190 18.6322959415089962
3.195 18.6343794943286269
3.200 18.6364404213085919
3.205 18.6384789655780416
3.210 18.6404953677117682
3.215 18.6424898657528892
3.220 18.6444626952404242
3.225 18.6464140892328487
3.230 18.6483442783341609
3.235 18.6502534907179509
3.240 18.6521419521525758
3.245 18.6540098860249657
3.250 18.6558575133642925
3.255 18.6576850528658191
3.260 18.6594927209160879
3.265 18.6612807316154168
3.270 18.6630492967981176
3.275 18.6647986260592731
3.280 18.6665289267779784
3.285 18.6682404041374816
3.290 18.6699332611462978
3.295 18.6716076986640118
3.300 18.6732639154217637
3.305 18.6749021080423923
3.310 18.6765224710647075
3.315 18.6781251969619682
3.320 18.6797104761653436
3.325 18.6812784970831096
3.330 18.6828294461224438
3.335 18.6843635077093850
3.340 18.6858808643103060
3.345 18.6873816964505757
3.350 18.6888661827341842
3.355 18.6903344998660117
3.360 18.6917868226683659
3.365 18.6932233241014139
3.370 18.6946441752851982
3.375 18.6960495455138904
3.380 18.6974396022777007
3.385 18.6988145112813307
3.390 18.7001744364607809
3.395 18.7015195400030763
3.400 18.7028499823635883
3.405 18.7041659222859877
3.410 18.7054675168166646
3.415 18.7067549213259774
3.420 18.7080282895213372
3.425 18.7092877734689438
3.430 18.7105335236086816
3.435 18.7117656887703170
3.440 18.7129844161905687
3.445 18.7141898515327192
3.450 18.7153821388989741
3.455 18.7165614208468938
3.460 18.7177278384108270
3.465 18.7188815311104868
3.470 18.7200226369713683
3.475 18.7211512925399006
3.480 18.7222676328968909
3.485 18.7233717916759019
3.490 18.7244639010759251
3.495 18.7255440918777900
3.500 18.7266124934563614
3.505 18.7276692337991975
3.510 18.7287144395206404
3.515 18.7297482358724459
3.520 18.7307707467606654
3.525 18.7317820947614671
3.530 18.7327824011325248
3.535 18.7337717858261925
3.540 18.7347503675078570
3.545 18.7357182635634096
3.550 18.7366755901175388
3.555 18.7376224620443459
3.560 18.7385589929821279
3.565 18.7394852953441209
3.570 18.7404014803347465
3.575 18.7413076579605509
3.580 18.7422039370414559
3.585 18.7430904252254003
3.590 18.7439672290010826
3.595 18.7448344537084672
3.600 18.7456922035510729
3.605 18.7465405816090396
3.610 18.7473796898516483
3.615 18.7482096291482101
3.620 18.7490304992775414
3.625 18.7498423989420608
3.630 18.7506454257810482
3.635 18.7514396763782045
3.640 18.7522252462729071
3.645 18.7530022299740438
3.650 18.7537707209704756
3.655 18.7545308117391158
3.660 18.7552825937584338
3.665 18.7560261575185905
3.670 18.7567615925310278
3.675 18.7574889873399151
3.680 18.7582084295306473
3.685 18.7589200057432208
3.690 18.7596238016792114
3.695 18.7603199021132312
3.700 18.7610083909030614
3.705 18.7616893509985765
3.710 18.7623628644519655
3.715 18.7630290124279426
3.720 18.7636878752110547
3.725 18.7643395322165780
3.730 18.7649840620005577
3.735 18.7656215422685904
3.740 18.7662520498831391
3.745 18.7668756608753213
3.750 18.7674924504502911
3.755 18.7681024929997378
3.760 18.7687058621089520
3.765 18.7693026305646136
3.770 18.7698928703652825
3.775 18.7704766527286218
3.780 18.7710540480994865
3.785 18.7716251261579679
3.790 18.7721899558306085
3.795 18.7727486052931667
3.800 18.7733011419837368
3.805 18.7738476326085930
3.810 18.7743881431484780
3.815 18.7749227388690336
3.820 18.7754514843271423
3.825 18.7759744433798872
3.830 18.7764916791894798
3.835 18.7770032542315590
3.840 18.7775092303060838
3.845 18.7780096685390205
3.850 18.7785046293925610
3.855 18.7789941726745759
3.860 18.7794783575400359
3.865 18.7799572425016805
3.870 18.7804308854379016
3.875 18.7808993435974330
3.880 18.7813626736057024
3.885 18.7818209314722750
3.890 18.7822741725991378
3.895 18.7827224517855136
3.900 18.7831658232346328
3.905 18.7836043405598367
3.910 18.7840380567915233
3.915 18.7844670243832290
3.920 18.7848912952178040
3.925 18.7853109206130249
3.930 18.7857259513296988
3.935 18.7861364375763031
3.940 18.7865424290118987
3.945 18.7869439747586071
3.950 18.7873411234029390
3.955 18.7877339230003066
3.960 18.7881224210858662
3.965 18.7885066646758574
3.970 18.7888867002748192
3.975 18.7892625738803787
3.980 18.7896343309897382
3.985 18.7900020166049444
3.990 18.7903656752365364
3.995 18.7907253509114334
4.000 18.7910810871763054
4.005 18.7914329271037488
4.010 18.7917809132970675
4.015 18.7921250878949664
4.020 18.7924654925772039
4.025 18.7928021685686453
4.030 18.7931351566463256
4.035 18.7934644971407998
4.040 18.7937902299451807
4.045 18.7941123945155972
4.050 18.7944310298797284
4.055 18.7947461746386537
4.060 18.7950578669733623
4.065 18.7953661446476197
4.070 18.7956710450137692
4.075 18.7959726050171021
4.080 18.7962708611987743
4.085 18.7965658497031569
4.090 18.7968576062802377
4.095 18.7971461662871597
4.100 18.7974315646984493
4.105 18.7977138361070786
4.110 18.7979930147259502
4.115 18.7982691343966017
4.120 18.7985422285908292
4.125 18.7988123304154584
4.130 18.7990794726155137
4.135 18.7993436875790749
4.140 18.7996050073404675
4.145 18.7998634635842450
4.150 18.8001190876488700
4.155 18.8003719105320712
4.160 18.8006219628913236
4.165 18.8008692750503172
4.170 18.8011138770017254
4.175 18.8013557984102597
4.180 18.8015950686174307
4.185 18.8018317166430613
4.190 18.8020657711913941
4.195 18.8022972606530558
4.200 18.8025262131081874
4.205 18.8027526563296838
4.210 18.8029766177871807
4.215 18.8031981246516793
4.220 18.8034172037953233
4.225 18.8036338817987954
4.230 18.8038481849513666
4.235 18.8040601392538314
4.240 18.8042697704247352
4.245 18.8044771039014051
4.250 18.8046821648430793
4.255 18.8048849781320691
4.260 18.8050855683820934
4.265 18.8052839599353021
4.270 18.8054801768688655
4.275 18.8056742429979344
4.280 18.8058661818741868
4.285 18.8060560167945958
4.290 18.8062437708004566
4.295 18.8064294666824985
4.300 18.8066131269801744
4.305 18.8067947739867982
4.310 18.8069744297545753
4.315 18.8071521160915580
4.320 18.8073278545686016
4.325 18.8075016665215031
4.330 18.8076735730510016
4.335 18.8078435950278902
4.340 18.8080117530957267
4.345 18.8081780676709585
4.350 18.8083425589475759
4.355 18.8085052468980969
4.360 18.8086661512765403
4.365 18.8088252916218792
4.370 18.8089826872587373
4.375 18.8091383572999540
4.380 18.8092923206498241
4.385 18.8094445960063155
4.390 18.8095952018612032
4.395 18.8097441565056762
4.400 18.8098914780308633
4.405 18.8100371843277827
4.410 18.8101812930941925
4.415 18.8103238218339257
4.420 18.8104647878574696
4.425 18.8106042082875540
4.430 18.8107421000593042
4.435 18.8108784799218149
4.440 18.8110133644417559
4.445 18.8111467700046404
4.450 18.8112787128156107
4.455 18.8114092089028979
4.460 18.8115382741196839
4.465 18.8116659241456254
4.470 18.8117921744890140
4.475 18.8119170404870211
4.480 18.8120405373104767
4.485 18.8121626799640040
4.490 18.8122834832862829
4.495 18.8124029619567352
4.500 18.8125211304908255
4.505 18.8126380032472831
4.510 18.8127535944268516
4.515 18.8128679180742004
4.520 18.8129809880821028
4.525 18.8130928181889168
4.530 18.8132034219844897
4.535 18.8133128129098957
4.540 18.8134210042570551
4.545 18.8135280091732611
4.550 18.8136338406635772
4.555 18.8137385115886957
4.560 18.8138420346693280
4.565 18.8139444224865393
4.570 18.8140456874844340
4.575 18.8141458419687702
4.580 18.8142448981132020
4.585 18.8143428679564053
4.590 18.8144397634055736
4.595 18.8145355962380343
4.600 18.8146303781012634
4.605 18.8147241205152689
4.610 18.8148168348757885
4.615 18.8149085324511951
4.620 18.8149992243871012
4.625 18.8150889217076767
4.630 18.8151776353166227
4.635 18.8152653759983473
4.640 18.8153521544167361
4.645 18.8154379811212991
4.650 18.8155228665458623
4.655 18.8156068210081493
4.660 18.8156898547159734
4.665 18.8157719777621146
4.670 18.8158532001299896
4.675 18.8159335316952081
4.680 18.8160129822232562
4.685 18.8160915613723425
4.690 18.8161692786961048
4.695 18.8162461436444097
4.700 18.8163221655604431
4.705 18.8163973536880249
4.710 18.8164717171694420
4.715 18.8165452650441409
4.720 18.8166180062551192
4.725 18.8166899496471807
4.730 18.8167611039663960
4.735 18.8168314778657937
4.740 18.8169010799021024
4.745 18.8169699185371222
4.750 18.8170380021409898
4.755 18.8171053389933505
4.760 18.8171719372824136
4.765 18.8172378051047424
4.770 18.8173029504708254
4.775 18.8173673813017714
4.780 18.8174311054324725
4.785 18.8174941306122570
4.790 18.8175564645043387
4.795 18.8176181146896830
4.800 18.8176790886649101
4.805 18.8177393938444126
4.810 18.8177990375628106
4.815 18.8178580270721731
4.820 18.8179163695468077
4.825 18.8179740720817250
4.830 18.8180311416940995
4.835 18.8180875853250100
4.840 18.8181434098380684
4.845 18.8181986220223258
4.850 18.8182532285929902
4.855 18.8183072361912025
4.860 18.8183606513855857
4.865 18.8184134806712962
4.870 18.8184657304747347
4.875 18.8185174071496313
4.880 18.8185685169815926
4.885 18.8186190661868693
4.890 18.8186690609133471
4.895 18.8187185072421777
4.900 18.8187674111867906
4.905 18.8188157786953454
4.910 18.8188636156502049
4.915 18.8189109278708386
4.920 18.8189577211118575
4.925 18.8190040010636537
4.930 18.8190497733563902
4.935 18.8190950435571835
4.940 18.8191398171726121
4.945 18.8191840996484174
4.950 18.8192278963710002
4.955 18.8192712126676085
4.960 18.8193140538075312
4.965 18.8193564250017680
4.970 18.8193983314035016
4.975 18.8194397781116152
4.980 18.8194807701671181
4.985 18.8195213125561942
4.990 18.8195614102111470
4.995 18.8196010680087653
5.000 18.8196402907741707
5.005 18.8196790832777694
5.010 18.8197174502380058
5.015 18.8197553963233410
5.020 18.8197929261501145
5.025 18.8198300442825186
5.030 18.8198667552358962
5.035 18.8199030634771312
5.040 18.8199389734222464
5.045 18.8199744894409626
5.050 18.8200096158529213
5.055 18.8200443569303495
5.060 18.8200787169014596
5.065 18.8201126999460051
5.070 18.8201463101974973
5.075 18.8201795517440225
5.080 18.8202124286314891
5.085 18.8202449448589348
5.090 18.8202771043808532
5.095 18.8203089111116064
5.100 18.8203403689203093
5.105 18.8203714816327263
5.110 18.8204022530355175
5.115 18.8204326868716763
5.120 18.8204627868441214
5.125 18.8204925566145498
5.130 18.8205219998049174
5.135 18.8205511199982780
5.140 18.8205799207355753
5.145 18.8206084055220124
5.150 18.8206365778232616
5.155 18.8206644410666364
5.160 18.8206919986419834
5.165 18.8207192539026984
5.170 18.8207462101636978
5.175 18.8207728707055963
5.180 18.8207992387724268
5.185 18.8208253175713089
5.190 18.8208511102758429
5.195 18.8208766200247375
5.200 18.8209018499207623
5.205 18.8209268030337249
5.210 18.8209514824002753
5.215 18.8209758910226981
5.220 18.8210000318709412
5.225 18.8210239078822568
5.230 18.8210475219615248
5.235 18.8210708769825636
5.240 18.8210939757866207
5.245 18.8211168211840381
5.250 18.8211394159547289
5.255 18.8211617628481527
5.260 18.8211838645831335
5.265 18.8212057238488697
5.270 18.8212273433049795
5.275 18.8212487255824996
5.280 18.8212698732830752
5.285 18.8212907889796597
5.290 18.8213114752174704
5.295 18.8213319345127346
5.300 18.8213521693558228
5.305 18.8213721822093554
5.310 18.8213919755071437
5.315 18.8214115516584286
5.320 18.8214309130447361
5.325 18.8214500620219383
5.330 18.8214690009210308
5.335 18.8214877320466272
5.340 18.8215062576765000
5.345 18.8215245800652831
5.350 18.8215427014437999
5.355 18.8215606240157349
5.360 18.8215783499625182
5.365 18.8215958814411408
5.370 18.8216132205842470
5.375 18.8216303695028593
5.380 18.8216473302834792
5.385 18.8216641049888942
5.390 18.8216806956615272
5.395 18.8216971043192132
5.400 18.8217133329595150
5.405 18.8217293835573791
5.410 18.8217452580649045
5.415 18.8217609584146572
5.420 18.8217764865167076
5.425 18.8217918442610106
5.430 18.8218070335157535
5.435 18.8218220561304257
5.440 18.8218369139326782
5.445 18.8218516087290446
5.450 18.8218661423095561
5.455 18.8218805164432084
5.460 18.8218947328772437
5.465 18.8219087933429137
5.470 18.8219226995505409
5.475 18.8219364531929649
5.480 18.8219500559442601
5.485 18.8219635094581008
5.490 18.8219768153736773
5.495 18.8219899753093678
5.500 18.8220029908657835
5.505 18.8220158636272998
5.510 18.8220285951612389
5.515 18.8220411870161257
5.520 18.8220536407246684
5.525 18.8220659578024261
5.530 18.8220781397483456
5.535 18.8220901880437346
5.540 18.8221021041559240
5.545 18.8221138895355757
5.550 18.8221255456156982
5.555 18.8221370738154938
5.560 18.8221484755377944
5.565 18.8221597521696609
5.570 18.8221709050834356
5.575 18.8221819356371789
5.580 18.8221928451727116
5.585 18.8222036350176083
5.590 18.8222143064845788
5.595 18.8222248608730247
5.600 18.8222352994669357
5.605 18.8222456235373805
5.610 18.8222558343396393
5.615 18.8222659331172046
5.620 18.8222759210985657
5.625 18.8222857994992765
5.630 18.8222955695221792
5.635 18.8223052323557738
5.640 18.8223147891751807
5.645 18.8223242411444396
5.650 18.8223335894141748
5.655 18.8223428351217095
5.660 18.8223519793911720
5.665 18.8223610233363345
5.670 18.8223699680586591
5.675 18.8223788146457096
5.680 18.8223875641738445
5.685 18.8223962177077269
5.690 18.8224047763015498
5.695 18.8224132409964682
5.700 18.8224216128224242
5.705 18.8224298927990716
5.710 18.8224380819323009
5.715 18.8224461812202435
5.720 18.8224541916487276
5.725 18.8224621141913175
5.730 18.8224699498132502
5.735 18.8224776994682443
5.740 18.8224853640985081
5.745 18.8224929446369771
5.750 18.8225004420069624
5.755 18.8225078571208719
5.760 18.8225151908807753
5.765 18.8225224441788761
5.770 18.8225296178989296
5.775 18.8225367129128927
5.780 18.8225437300847247
5.785 18.8225506702685017
5.790 18.8225575343085580
5.795 18.8225643230403286
5.800 18.8225710372904125
5.805 18.8225776778753229
5.810 18.8225842456041725
5.815 18.8225907412759383
5.820 18.8225971656807474
5.825 18.8226035195999835
5.830 18.8226098038077794
5.835 18.8226160190696596
5.840 18.8226221661405155
5.845 18.8226282457693763
5.850 18.8226342586959632
5.855 18.8226402056522204
5.860 18.8226460873616332
5.865 18.8226519045402583
5.870 18.8226576578954621
5.875 18.8226633481280778
5.880 18.8226689759314922
5.885 18.8226745419885404
5.890 18.8226800469777693
5.895 18.8226854915698389
5.900 18.8226908764260621
5.905 18.8226962022026143
5.910 18.8227014695476349
5.915 18.8227066791022146
5.920 18.8227118315002535
5.925 18.8227169273689441
5.930 18.8227219673281390
5.935 18.8227269519909761
5.940 18.8227318819648950
5.945 18.8227367578496931
5.950 18.8227415802385281
5.955 18.8227463497179492
5.960 18.8227510668698521
5.965 18.8227557322676553
5.970 18.8227603464779563
5.975 18.8227649100639276
5.980 18.8227694235806560
5.985 18.8227738875769290
5.990 18.8227783025962196
5.995 18.8227826691757834
6.000 18.8227869878477456
6.005 18.8227912591368849
6.010 18.8227954835636773
6.015 18.8227996616421720
6.020 18.8228037938801052
6.025 18.8228078807815713
6.030 18.8228119228433535
6.035 18.8228159205570833
6.040 18.8228198744100581
6.045 18.8228237848827895
6.050 18.8228276524517639
6.055 18.8228314775869521
6.060 18.8228352607553262
6.065 18.8228390024156695
6.070 18.8228427030240795
6.075 18.8228463630321521
6.080 18.8228499828836213
6.085 18.8228535630192049
6.090 18.8228571038751227
6.095 18.8228606058824361
6.100 18.8228640694672293
6.105 18.8228674950505308
6.110 18.8228708830499940
6.115 18.8228742338780641
6.120 18.8228775479424684
6.125 18.8228808256464291
6.130 18.8228840673878537
6.135 18.8228872735621700
6.140 18.8228904445607590
6.145 18.8228935807679711
6.150 18.8228966825658297
6.155 18.8228997503319739
6.160 18.8229027844398082
6.165 18.8229057852586088
6.170 18.8229087531530332
6.175 18.8229116884856680
6.180 18.8229145916131806
6.185 18.8229174628878475
6.190 18.8229203026603180
6.195 18.8229231112759798
6.200 18.8229258890771085
6.205 18.8229286364012331
6.210 18.8229313535816480
6.215 18.8229340409507699
6.220 18.8229366988353384
6.225 18.8229393275583909
6.230 18.8229419274400698
6.235 18.8229444987969003
6.240 18.8229470419418341
6.245 18.8229495571844687
6.250 18.8229520448307390
6.255 18.8229545051831870
6.260 18.8229569385415374
6.265 18.8229593452024702
6.270 18.8229617254580823
6.275 18.8229640795984423
6.280 18.8229664079098811
6.285 18.8229687106755570
6.290 18.8229709881763156
6.295 18.8229732406898194
6.300 18.8229754684891475
6.305 18.8229776718452975
6.310 18.8229798510271493
6.315 18.8229820063003572
6.320 18.8229841379267846
6.325 18.8229862461649304
6.330 18.8229883312728781
6.335 18.8229903935033533
6.340 18.8229924331077036
6.345 18.8229944503344910
6.350 18.8229964454287959
6.355 18.8229984186342705
6.360 18.8230003701899768
6.365 18.8230023003336910
6.370 18.8230042093006027
6.375 18.8230060973229172
6.380 18.8230079646304276
6.385 18.8230098114504578
6.390 18.8230116380077703
6.395 18.8230134445247010
6.400 18.8230152312209604
6.405 18.8230169983147348
6.410 18.8230187460202600
6.415 18.8230204745501943
6.420 18.8230221841155299
6.425 18.8230238749245657
6.430 18.8230255471822474
6.435 18.8230272010923656
6.440 18.8230288368560537
6.445 18.8230304546730949
6.450 18.8230320547398371
6.455 18.8230336372509441
6.460 18.8230352023993532
6.465 18.8230367503753229
6.470 18.8230382813681842
6.475 18.8230397955630835
6.480 18.8230412931444988
6.485 18.8230427742946631
6.490 18.8230442391942709
6.495 18.8230456880214874
6.500 18.8230471209530812
6.505 18.8230485381623218
6.510 18.8230499398224289
6.515 18.8230513261048316
6.520 18.8230526971767596
6.525 18.8230540532052046
6.530 18.8230553943566044
6.535 18.8230567207930584
6.540 18.8230580326760233
6.545 18.8230593301655205
6.550 18.8230606134195320
6.555 18.8230618825938834
6.560 18.8230631378433984
6.565 18.8230643793200976
6.570 18.8230656071763640
6.575 18.8230668215608858
6.580 18.8230680226208591
6.585 18.8230692105040021
6.590 18.8230703853541002
6.595 18.8230715473130878
6.600 18.8230726965239192
6.605 18.8230738331267027
6.610 18.8230749572585587
6.615 18.8230760690565084
6.620 18.8230771686561340
6.625 18.8230782561915575
6.630 18.8230793317944993
6.635 18.8230803955965982
6.640 18.8230814477270059
6.645 18.8230824883133998
6.650 18.8230835174823774
6.655 18.8230845353598610
6.660 18.8230855420705012
6.665 18.8230865377349978
6.670 18.8230875224755358
6.675 18.8230884964116179
6.680 18.8230894596615315
6.685 18.8230904123439267
6.690 18.8230913545735490
6.695 18.8230922864649735
6.700 18.8230932081319011
6.705 18.8230941196863775
6.710 18.8230950212397232
6.715 18.8230959129013158
6.720 18.8230967947801595
6.725 18.8230976669837986
6.730 18.8230985296167432
6.735 18.8230993827860331
6.740 18.8231002265938479
6.745 18.8231010611441789
6.750 18.8231018865384385
6.755 18.8231027028755342
6.760 18.8231035102567468
6.765 18.8231043087791754
6.770 18.8231050985408466
6.775 18.8231058796372928
6.780 18.8231066521635668
6.785 18.8231074162145724
6.790 18.8231081718825202
6.795 18.8231089192593934
6.800 18.8231096584357012
6.805 18.8231103895020908
6.810 18.8231111125474442
6.815 18.8231118276603482
6.820 18.8231125349268709
6.825 18.8231132344332366
6.830 18.8231139262652896
6.835 18.8231146105062130
6.840 18.8231152872397445
6.845 18.8231159565485164
6.850 18.8231166185144190
6.855 18.8231172732172034
6.860 18.8231179207364079
6.865 18.8231185611515315
6.870 18.8231191945398884
6.875 18.8231198209783805
6.880 18.8231204405441268
6.885 18.8231210533126365
6.890 18.8231216593580228
6.895 18.8231222587534397
6.900 18.8231228515727054
6.905 18.8231234378884800
6.910 18.8231240177701338
6.915 18.8231245912897052
6.920 18.8231251585175698
6.925 18.8231257195214567
6.930 18.8231262743703098
6.935 18.8231268231316839
6.940 18.8231273658715814
6.945 18.8231279026568679
6.950 18.8231284335531441
6.955 18.8231289586236095
6.960 18.8231294779335805
6.965 18.8231299915463381
6.970 18.8231304995233870
6.975 18.8231310019269564
6.980 18.8231314988190910
6.985 18.8231319902586378
6.990 18.8231324763064514
6.995 18.8231329570219579
7.000 18.8231334324626260
7.005 18.8231339026866813
7.010 18.8231343677521323
7.015 18.8231348277147070
7.020 18.8231352826306910
7.025 18.8231357325550590
7.030 18.8231361775438799
7.035 18.8231366176498476
7.040 18.8231370529272759
7.045 18.8231374834289582
7.050 18.8231379092067854
7.055 18.8231383303134692
7.060 18.8231387468000158
7.065 18.8231391587166783
7.070 18.8231395661142038
7.075 18.8231399690413284
7.080 18.8231403675482092
7.085 18.8231407616831525
7.090 18.8231411514926066
7.095 18.8231415370253465
7.100 18.8231419183290534
7.105 18.8231422954489354
7.110 18.8231426684306840
7.115 18.8231430373204631
7.120 18.8231434021627280
7.125 18.8231437630020828
7.130 18.8231441198821656
7.135 18.8231444728473889
7.140 18.8231448219390600
7.145 18.8231451672005932
7.150 18.8231455086745392
7.155 18.8231458464021628
7.160 18.8231461804242102
7.165 18.8231465107811893
7.170 18.8231468375135336
7.175 18.8231471606611294
7.180 18.8231474802632732
7.185 18.8231477963589064
7.190 18.8231481089862989
7.195 18.8231484181833437
7.200 18.8231487239881510
7.205 18.8231490264379460
7.210 18.8231493255688349
7.215 18.8231496214184517
7.220 18.8231499140218226
7.225 18.8231502034140767
7.230 18.8231504896324360
7.235 18.8231507727099654
7.240 18.8231510526813679
7.245 18.8231513295807780
7.250 18.8231516034424153
7.255 18.8231518743000947
7.260 18.8231521421848882
7.265 18.8231524071309302
7.270 18.8231526691705362
7.275 18.8231529283341530
7.280 18.8231531846545543
7.285 18.8231534381633807
7.290 18.8231536888906419
7.295 18.8231539368663014
7.300 18.8231541821211650
7.305 18.8231544246855904
7.310 18.8231546645887065
7.315 18.8231549018594606
7.320 18.8231551365268963
7.325 18.8231553686200535
7.330 18.8231555981663483
7.335 18.8231558251942275
7.340 18.8231560497313772
7.345 18.8231562718045211
7.350 18.8231564914415799
7.355 18.8231567086690958
7.360 18.8231569235128688
7.365 18.8231571359989331
7.370 18.8231573461541188
7.375 18.8231575540040090
7.380 18.8231577595725525
7.385 18.8231579628861567
7.390 18.8231581639689693
7.395 18.8231583628450707
7.400 18.8231585595398805
7.405 18.8231587540767507
7.410 18.8231589464785110
7.415 18.8231591367689717
7.420 18.8231593249723055
7.425 18.8231595111109158
7.430 18.8231596952066269
7.435 18.8231598772831035
7.440 18.8231600573613562
7.445 18.8231602354641581
7.450 18.8231604116128999
7.455 18.8231605858285889
7.460 18.8231607581328149
7.465 18.8231609285472281
7.470 18.8231610970916279
7.475 18.8231612637862504
7.480 18.8231614286524120
7.485 18.8231615917094395
7.490 18.8231617529778106
7.495 18.8231619124772394
7.500 18.8231620702255960
7.505 18.8231622262432765
7.510 18.8231623805500590
7.515 18.8231625331630745
7.520 18.8231626841015647
7.525 18.8231628333842949
7.530 18.8231629810298600
7.535 18.8231631270550750
7.540 18.8231632714770960
7.545 18.8231634143150686
7.550 18.8231635555864756
7.555 18.8231636953073291
7.560 18.8231638334951477
7.565 18.8231639701674105
7.570 18.8231641053401795
7.575 18.8231642390294205
7.580 18.8231643712519556
7.585 18.8231645020232676
7.590 18.8231646313597381
7.595 18.8231647592778657
7.600 18.8231648857927425
7.605 18.8231650109193183
7.610 18.8231651346725855
7.615 18.8231652570683750
7.620 18.8231653781211925
7.625 18.8231654978456397
7.630 18.8231656162569045
7.635 18.8231657333683309
7.640 18.8231658491951457
7.645 18.8231659637513467
7.650 18.8231660770503275
7.655 18.8231661891063027
7.660 18.8231662999332379
7.665 18.8231664095444025
7.670 18.8231665179526928
7.675 18.8231666251711189
7.680 18.8231667312134938
7.685 18.8231668360923443
7.690 18.8231669398202399
7.695 18.8231670424103861
7.700 18.8231671438749437
7.705 18.8231672442258180
7.710 18.8231673434758484
7.715 18.8231674416373487
7.720 18.8231675387214423
7.725 18.8231676347406278
7.730 18.8231677297057303
7.735 18.8231678236296283
7.740 18.8231679165228769
7.745 18.8231680083961415
7.750 18.8231680992619737
7.755 18.8231681891314757
7.760 18.8231682780139735
7.765 18.8231683659214610
7.770 18.8231684528650476
7.775 18.8231685388543077
7.780 18.8231686239001696
7.785 18.8231687080129326
7.790 18.8231687912024128
7.795 18.8231688734795135
7.800 18.8231689548545518
7.805 18.8231690353358090
7.810 18.8231691149342950
7.815 18.8231691936592718
7.820 18.8231692715206123
7.825 18.8231693485282072
7.830 18.8231694246907786
7.835 18.8231695000173715
7.840 18.8231695745169390
7.845 18.8231696482001709
7.850 18.8231697210742404
7.855 18.8231697931485478
7.860 18.8231698644332504
7.865 18.8231699349353647
7.870 18.8231700046633748
7.875 18.8231700736265140
7.880 18.8231701418329003
7.885 18.8231702092912876
7.890 18.8231702760100426
7.895 18.8231703419962315
7.900 18.8231704072583916
7.905 18.8231704718041044
7.910 18.8231705356417223
7.915 18.8231705987797788
7.920 18.8231706612244949
7.925 18.8231707229841092
7.930 18.8231707840663809
7.935 18.8231708444780317
7.940 18.8231709042269024
7.945 18.8231709633203153
7.950 18.8231710217659902
7.955 18.8231710795696259
7.960 18.8231711367390595
7.965 18.8231711932822776
7.970 18.8231712492043144
7.975 18.8231713045124494
7.980 18.8231713592142249
7.985 18.8231714133156629
7.990 18.8231714668235526
7.995 18.8231715197441503
8.000 18.8231715720841564
8.005 18.8231716238507545
8.010 18.8231716750484743
8.015 18.8231717256850501
8.020 18.8231717757661059
8.025 18.8231718252964875
8.030 18.8231718742842311
8.035 18.8231719227350602
8.040 18.8231719706536573
8.045 18.8231720180466908
8.050 18.8231720649197705
8.055 18.8231721112784349
8.060 18.8231721571280524
8.065 18.8231722024750852
8.070 18.8231722473243650
8.075 18.8231722916819706
8.080 18.8231723355529432
8.085 18.8231723789415639
8.090 18.8231724218546930
8.095 18.8231724642979401
8.100 18.8231725062744530
8.105 18.8231725477902110
8.110 18.8231725888511505
8.115 18.8231726294619435
8.120 18.8231726696260786
8.125 18.8231727093503025
8.130 18.8231727486384131
8.135 18.8231727874956611
8.140 18.8231728259265836
8.145 18.8231728639351168
8.150 18.8231729015274745
8.155 18.8231729387072910
8.160 18.8231729754788475
8.165 18.8231730118465812
8.170 18.8231730478159704
8.175 18.8231730833908841
8.180 18.8231731185747186
8.185 18.8231731533733111
8.190 18.8231731877895925
8.195 18.8231732218283199
8.200 18.8231732554936428
8.205 18.8231732887896968
8.210 18.8231733217202439
8.215 18.8231733542895547
8.220 18.8231733865013489
8.225 18.8231734183599109
8.230 18.8231734498689569
8.235 18.8231734810328142
8.240 18.8231735118543817
8.245 18.8231735423376563
8.250 18.8231735724864535
8.255 18.8231736023042373
8.260 18.8231736317952425
8.265 18.8231736609626275
8.270 18.8231736898092628
8.275 18.8231737183397598
8.280 18.8231737465577922
8.285 18.8231737744660705
8.290 18.8231738020676680
8.295 18.8231738293671818
8.300 18.8231738563666262
8.305 18.8231738830696820
8.310 18.8231739094803530
8.315 18.8231739356013144
8.320 18.8231739614347902
8.325 18.8231739869850756
8.330 18.8231740122559437
8.335 18.8231740372484779
8.340 18.8231740619675953
8.345 18.8231740864149977
8.350 18.8231741105939179
8.355 18.8231741345085446
8.360 18.8231741581598158
8.365 18.8231741815518632
8.370 18.8231742046877457
8.375 18.8231742275690053
8.380 18.8231742501993544
8.385 18.8231742725822215
8.390 18.8231742947188252
8.395 18.8231743166123948
8.400 18.8231743382665080
8.405 18.8231743596823762
8.410 18.8231743808632181
8.415 18.8231744018118015
8.420 18.8231744225306201
8.425 18.8231744430220829
8.430 18.8231744632888223
8.435 18.8231744833331831
8.440 18.8231745031578264
8.445 18.8231745227651430
8.450 18.8231745421569734
8.455 18.8231745613353034
8.460 18.8231745803037036
8.465 18.8231745990648953
8.470 18.8231746176198200
8.475 18.8231746359701546
8.480 18.8231746541196010
8.485 18.8231746720708131
8.490 18.8231746898247785
8.495 18.8231747073831741
8.500 18.8231747247488990
8.505 18.8231747419251079
8.510 18.8231747589123479
8.515 18.8231747757127117
8.520 18.8231747923296062
8.525 18.8231748087635147
8.530 18.8231748250173432
8.535 18.8231748410932376
8.540 18.8231748569925372
8.545 18.8231748727166313
8.550 18.8231748882687420
8.555 18.8231749036509157
8.560 18.8231749188637139
8.565 18.8231749339090122
8.570 18.8231749487896884
8.575 18.8231749635072383
8.580 18.8231749780632498
8.585 18.8231749924598937
8.590 18.8231750066983352
8.595 18.8231750207802513
8.600 18.8231750347077735
8.605 18.8231750484828737
8.610 18.8231750621067953
8.615 18.8231750755812115
8.620 18.8231750889074370
8.625 18.8231751020879763
8.630 18.8231751151236502
8.635 18.8231751280156772
8.640 18.8231751407671766
8.645 18.8231751533779814
8.650 18.8231751658506283
8.655 18.8231751781865917
8.660 18.8231751903877012
8.665 18.8231752024542089
8.670 18.8231752143885558
8.675 18.8231752261922232
8.680 18.8231752378662449
8.685 18.8231752494121771
8.690 18.8231752608307765
8.695 18.8231752721247254
8.700 18.8231752832948160
8.705 18.8231752943423203
8.710 18.8231753052687196
8.715 18.8231753160748347
8.720 18.8231753267624775
8.725 18.8231753373329767
8.730 18.8231753477880410
8.735 18.8231753581273509
8.740 18.8231753683535601
8.745 18.8231753784681111
8.750 18.8231753884712063
8.755 18.8231753983649632
8.760 18.8231754081497300
8.765 18.8231754178269348
8.770 18.8231754273988408
8.775 18.8231754368650108
8.780 18.8231754462272960
8.785 18.8231754554867976
8.790 18.8231754646455158
8.795 18.8231754737028680
8.800 18.8231754826609681
8.805 18.8231754915214928
8.810 18.8231755002845880
8.815 18.8231755089507296
8.820 18.8231755175220670
8.825 18.8231755259996305
8.830 18.8231755343846316
8.835 18.8231755426769638
8.840 18.8231755508784317
8.845 18.8231755589901333
8.850 18.8231755670124379
8.855 18.8231755749474097
8.860 18.8231755827946223
8.865 18.8231755905560014
8.870 18.8231755982326519
8.875 18.8231756058241047
8.880 18.8231756133329000
8.885 18.8231756207590877
8.890 18.8231756281036020
8.895 18.8231756353680879
8.900 18.8231756425525028
8.905 18.8231756496584381
8.910 18.8231756566864981
8.915 18.8231756636372189
8.920 18.8231756705118052
8.925 18.8231756773103527
8.930 18.8231756840343678
8.935 18.8231756906853143
8.940 18.8231756972632489
8.945 18.8231757037689285
8.950 18.8231757102026052
8.955 18.8231757165657569
8.960 18.8231757228598582
8.965 18.8231757290841131
8.970 18.8231757352406035
8.975 18.8231757413295639
8.980 18.8231757473510299
8.985 18.8231757533071935
8.990 18.8231757591976390
8.995 18.8231757650234783
9.000 18.8231757707854932
9.005 18.8231757764841454
9.010 18.8231757821206713
9.015 18.8231757876951953
9.020 18.8231757932084349
9.025 18.8231757986615094
9.030 18.8231758040546140
9.035 18.8231758093884451
9.040 18.8231758146632906
9.045 18.8231758198806247
9.050 18.8231758250411332
9.055 18.8231758301445460
9.060 18.8231758351916874
9.065 18.8231758401836480
9.070 18.8231758451214404
9.075 18.8231758500044677
9.080 18.8231758548339023
9.085 18.8231758596105081
9.090 18.8231758643348037
9.095 18.8231758690071480
9.100 18.8231758736282053
9.105 18.8231758781991374
9.110 18.8231758827192834
9.115 18.8231758871898514
9.120 18.8231758916116192
9.125 18.8231758959842281
9.130 18.8231759003093941
9.135 18.8231759045877602
9.140 18.8231759088182145
9.145 18.8231759130020997
9.150 18.8231759171409685
9.155 18.8231759212340570
9.160 18.8231759252817561
9.165 18.8231759292853233
9.170 18.8231759332457500
9.175 18.8231759371616114
9.180 18.8231759410345560
9.185 18.8231759448658273
9.190 18.8231759486549883
9.195 18.8231759524021314
9.200 18.8231759561080025
9.205 18.8231759597737458
9.210 18.8231759633987075
9.215 18.8231759669840848
9.220 18.8231759705306700
9.225 18.8231759740381790
9.230 18.8231759775066756
9.235 18.8231759809368739
9.240 18.8231759843299358
9.245 18.8231759876860245
9.250 18.8231759910050940
9.255 18.8231759942879293
9.260 18.8231759975339870
9.265 18.8231760007452849
9.270 18.8231760039213221
9.275 18.8231760070617966
9.280 18.8231760101682219
9.285 18.8231760132406585
9.290 18.8231760162790600
9.295 18.8231760192842081
9.300 18.8231760222564155
9.305 18.8231760251963713
9.310 18.8231760281035960
9.315 18.8231760309792691
9.320 18.8231760338233300
9.325 18.8231760366359815
9.330 18.8231760394185876
9.335 18.8231760421695959
9.340 18.8231760448907579
9.345 18.8231760475824501
9.350 18.8231760502438874
9.355 18.8231760528769811
9.360 18.8231760554806229
9.365 18.8231760580555587
9.370 18.8231760606027549
9.375 18.8231760631218492
9.380 18.8231760656129445
9.385 18.8231760680767763
9.390 18.8231760705136715
9.395 18.8231760729243227
9.400 18.8231760753082717
9.405 18.8231760776658810
9.410 18.8231760799975802
9.415 18.8231760823031848
9.420 18.8231760845843858
9.425 18.8231760868401636
9.430 18.8231760890712749
9.435 18.8231760912778086
9.440 18.8231760934599315
9.445 18.8231760956190008
9.450 18.8231760977534925
9.455 18.8231760998651474
9.460 18.8231761019535604
9.465 18.8231761040184153
9.470 18.8231761060612541
9.475 18.8231761080813058
9.480 18.8231761100789861
9.485 18.8231761120555987
9.490 18.8231761140104794
9.495 18.8231761159432303
9.500 18.8231761178547572
9.505 18.8231761197453338
9.510 18.8231761216156777
9.515 18.8231761234653199
9.520 18.8231761252945979
9.525 18.8231761271040092
9.530 18.8231761288933690
9.535 18.8231761306627021
9.540 18.8231761324128009
9.545 18.8231761341439636
9.550 18.8231761358560910
9.555 18.8231761375500284
9.560 18.8231761392244401
9.565 18.8231761408809994
9.570 18.8231761425193191
9.575 18.8231761441390724
9.580 18.8231761457418258
9.585 18.8231761473268264
9.590 18.8231761488936478
9.595 18.8231761504440946
9.600 18.8231761519779290
9.605 18.8231761534937974
9.610 18.8231761549939769
9.615 18.8231761564770679
9.620 18.8231761579441361
9.625 18.8231761593950040
9.630 18.8231761608301227
9.635 18.8231761622497551
9.640 18.8231761636531658
9.645 18.8231761650413993
9.650 18.8231761664147008
9.655 18.8231761677729672
9.660 18.8231761691162660
9.665 18.8231761704445262
9.670 18.8231761717577371
9.675 18.8231761730575329
9.680 18.8231761743429367
9.685 18.8231761756138845
9.690 18.8231761768709838
9.695 18.8231761781139930
9.700 18.8231761793438146
9.705 18.8231761805599227
9.710 18.8231761817626726
9.715 18.8231761829525475
9.720 18.8231761841293768
9.725 18.8231761852932280
9.730 18.8231761864440656
9.735 18.8231761875818755
9.740 18.8231761887074285
9.745 18.8231761898210870
9.750 18.8231761909227302
9.755 18.8231761920115659
9.760 18.8231761930888553
9.765 18.8231761941546161
9.770 18.8231761952081733
9.775 18.8231761962497508
9.780 18.8231761972809153
9.785 18.8231761982998762
9.790 18.8231761993078344
9.795 18.8231762003053973
9.800 18.8231762012917549
9.805 18.8231762022671667
9.810 18.8231762032315331
9.815 18.8231762041856960
9.820 18.8231762051291476
9.825 18.8231762060622430
9.830 18.8231762069854511
9.835 18.8231762078986407
9.840 18.8231762088018684
9.845 18.8231762096942496
9.850 18.8267657205770753
9.855 18.8267657214511388
9.860 18.8267657223153719
9.865 18.8267657231694940
9.870 18.8267657243360738
9.875 18.8267657251684248
9.880 18.8267657259909846
9.885 18.8267657268056396
9.890 18.8267657276109759
9.895 18.8267657284065209
9.900 18.8267657291942641
9.905 18.8267657299738396
9.910 18.8267657307443130
9.915 18.8267657315059331
9.920 18.8267657322596591
9.925 18.8267657330052174
9.930 18.8267657337417837
9.935 18.8267657344706514
9.940 18.8267657351922608
9.945 18.8267657359049032
