# 1.22687665(Re)  3.57825722(De)  1.63598451(Te)  2.57716198(beta) b1S0.dat
 0.00000  3.702301225967958e+03
 0.00500  3.597938968130657e+03
 0.01000  3.493576710293357e+03
 0.01500  3.392197349127868e+03
 0.02000  3.293716294695486e+03
 0.02500  3.198051346572954e+03
 0.03000  3.105122626483829e+03
 0.03500  3.014852512827364e+03
 0.04000  2.927165577051471e+03
 0.04500  2.841988521817859e+03
 0.05000  2.759250120908869e+03
 0.05500  2.678881160827015e+03
 0.06000  2.600814384039540e+03
 0.06500  2.524984433821682e+03
 0.07000  2.451327800653656e+03
 0.07500  2.379782770127592e+03
 0.08000  2.310289372321920e+03
 0.08500  2.242789332601904e+03
 0.09000  2.177226023806147e+03
 0.09500  2.113544419780066e+03
 0.10000  2.051691050218403e+03
 0.10500  1.991613956779925e+03
 0.11000  1.933262650438479e+03
 0.11500  1.876588070035602e+03
 0.12000  1.821542542000867e+03
 0.12500  1.768079741207053e+03
 0.13000  1.716154652928226e+03
 0.13500  1.665723535869645e+03
 0.14000  1.616743886239332e+03
 0.14500  1.569174402831964e+03
 0.15000  1.522974953096601e+03
 0.15500  1.478106540160526e+03
 0.16000  1.434531270782279e+03
 0.16500  1.392212324207746e+03
 0.17000  1.351113921903829e+03
 0.17500  1.311201298145032e+03
 0.18000  1.272440671428906e+03
 0.18500  1.234799216697049e+03
 0.19000  1.198245038338945e+03
 0.19500  1.162747143956615e+03
 0.20000  1.128275418868658e+03
 0.20500  1.094800601332841e+03
 0.21000  1.062294258467029e+03
 0.21500  1.030728762848767e+03
 0.22000  1.000077269774413e+03
 0.22500  9.703136951592468e+02
 0.23000  9.414126940605017e+02
 0.23500  9.133496398057725e+02
 0.24000  8.861006037097593e+02
 0.24500  8.596423353627700e+02
 0.25000  8.339522434748816e+02
 0.25500  8.090083772601096e+02
 0.26000  7.847894083453800e+02
 0.26500  7.612746131895165e+02
 0.27000  7.384438559978829e+02
 0.27500  7.162775721187227e+02
 0.28000  6.947567519076206e+02
 0.28500  6.738629250469062e+02
 0.29000  6.535781453071855e+02
 0.29500  6.338849757385460e+02
 0.30000  6.147664742793299e+02
 0.30500  5.962061797707188e+02
 0.31000  5.781880983656922e+02
 0.31500  5.606966903212577e+02
 0.32000  5.437168571631498e+02
 0.32500  5.272339292125106e+02
 0.33000  5.112336534643504e+02
 0.33500  4.957021818078822e+02
 0.34000  4.806260595790987e+02
 0.34500  4.659922144362269e+02
 0.35000  4.517879455489719e+02
 0.35500  4.380009130927044e+02
 0.36000  4.246191280390022e+02
 0.36500  4.116309422341963e+02
 0.37000  3.990250387578079e+02
 0.37500  3.867904225529888e+02
 0.38000  3.749164113213036e+02
 0.38500  3.633926266744044e+02
 0.39000  3.522089855353598e+02
 0.39500  3.413556917826041e+02
 0.40000  3.308232281296699e+02
 0.40500  3.206023482340626e+02
 0.41000  3.106840690288134e+02
 0.41500  3.010596632704447e+02
 0.42000  2.917206522972437e+02
 0.42500  2.826587989919188e+02
 0.43000  2.738661009428790e+02
 0.43500  2.653347837985414e+02
 0.44000  2.570572948092223e+02
 0.44500  2.490262965513292e+02
 0.45000  2.412346608287148e+02
 0.45500  2.336754627461973e+02
 0.46000  2.263419749503998e+02
 0.46500  2.192276620331882e+02
 0.47000  2.123261750931249e+02
 0.47500  2.056313464504886e+02
 0.48000  1.991371845115267e+02
 0.48500  1.928378687777362e+02
 0.49000  1.867277449960839e+02
 0.49500  1.808013204461952e+02
 0.50000  1.750532593606458e+02
 0.50500  1.694783784746091e+02
 0.51000  1.640716427012090e+02
 0.51500  1.588281609290352e+02
 0.52000  1.537431819383774e+02
 0.52500  1.488120904328316e+02
 0.53000  1.440304031830219e+02
 0.53500  1.393937652792833e+02
 0.54000  1.348979464902259e+02
 0.54500  1.305388377242012e+02
 0.55000  1.263124475907639e+02
 0.55500  1.222148990593125e+02
 0.56000  1.182424262121676e+02
 0.56500  1.143913710894236e+02
 0.57000  1.106581806229865e+02
 0.57500  1.070394036572832e+02
 0.58000  1.035316880541962e+02
 0.58500  1.001317778798488e+02
 0.59000  9.683651067093379e+01
 0.59500  9.364281477833894e+01
 0.60000  9.054770678589156e+01
 0.60500  8.754828900210171e+01
 0.61000  8.464174702284525e+01
 0.61500  8.182534736298597e+01
 0.62000  7.909643515499053e+01
 0.62500  7.645243191264790e+01
 0.63000  7.389083335805495e+01
 0.63500  7.140920731008441e+01
 0.64000  6.900519163259914e+01
 0.64500  6.667649224072814e+01
 0.65000  6.442088116356489e+01
 0.65500  6.223619466169637e+01
 0.66000  6.012033139801530e+01
 0.66500  5.807125066031152e+01
 0.67000  5.608697063418189e+01
 0.67500  5.416556672483760e+01
 0.68000  5.230516992642974e+01
 0.68500  5.050396523755067e+01
 0.69000  4.876019012160899e+01
 0.69500  4.707213301081045e+01
 0.70000  4.543813185251405e+01
 0.70500  4.385657269676744e+01
 0.71000  4.232588832385797e+01
 0.71500  4.084455691075088e+01
 0.72000  3.941110073531547e+01
 0.72500  3.802408491727279e+01
 0.73000  3.668211619482788e+01
 0.73500  3.538384173597868e+01
 0.74000  3.412794798352212e+01
 0.74500  3.291315953280607e+01
 0.75000  3.173823804130197e+01
 0.75500  3.060198116909945e+01
 0.76000  2.950322154944919e+01
 0.76500  2.844082578850568e+01
 0.77000  2.741369349344443e+01
 0.77500  2.642075632815233e+01
 0.78000  2.546097709571192e+01
 0.78500  2.453334884692250e+01
 0.79000  2.363689401412241e+01
 0.79500  2.277066356959747e+01
 0.80000  2.193373620788064e+01
 0.80500  2.112521755126773e+01
 0.81000  2.034423937789307e+01
 0.81500  1.958995887172722e+01
 0.82000  1.886155789387719e+01
 0.82500  1.815824227458695e+01
 0.83000  1.747924112535274e+01
 0.83500  1.682380617058484e+01
 0.84000  1.619121109826273e+01
 0.84500  1.558075092904677e+01
 0.85000  1.499174140332439e+01
 0.85500  1.442351838568345e+01
 0.86000  1.387543728632005e+01
 0.86500  1.334687249890154e+01
 0.87000  1.283721685441951e+01
 0.87500  1.234588109058009e+01
 0.88000  1.187229333629223e+01
 0.88500  1.141589861082652e+01
 0.89000  1.097615833722960e+01
 0.89500  1.055254986959062e+01
 0.90000  1.014456603376775e+01
 0.90500  9.751714681193699e+00
 0.91000  9.373518255390103e+00
 0.91500  9.009513370830899e+00
 0.92000  8.659250403805174e+00
 0.92500  8.322293094939585e+00
 0.93000  7.998218163050336e+00
 0.93500  7.686614930003727e+00
 0.94000  7.387084956273604e+00
 0.94500  7.099241686892593e+00
 0.95000  6.822710107502828e+00
 0.95500  6.557126410219903e+00
 0.96000  6.302137669032112e+00
 0.96500  6.057401524464735e+00
 0.97000  5.822585877246826e+00
 0.97500  5.597368590725339e+00
 0.98000  5.381437201778629e+00
 0.98500  5.174488639988458e+00
 0.99000  4.976228954836273e+00
 0.99500  4.786373050696321e+00
 1.00000  4.604644429404435e+00
 1.00500  4.430774940187693e+00
 1.01000  4.264504536746133e+00
 1.01500  4.105581041283616e+00
 1.02000  3.953759915290825e+00
 1.02500  3.808804036888565e+00
 1.03000  3.670483484545481e+00
 1.03500  3.538575326989085e+00
 1.04000  3.412863419134348e+00
 1.04500  3.293138203859109e+00
 1.05000  3.179196519460159e+00
 1.05500  3.070841412628853e+00
 1.06000  2.967881956789345e+00
 1.06500  2.870141390697104e+00
 1.07000  2.778825994954406e+00
 1.07500  2.691981539454724e+00
 1.08000  2.609610923021792e+00
 1.08500  2.531613663115806e+00
 1.09000  2.457860695625472e+00
 1.09500  2.388227927444789e+00
 1.10000  2.322513768380581e+00
 1.10500  2.260552224407529e+00
 1.11000  2.202238349625178e+00
 1.11500  2.147520682569088e+00
 1.12000  2.096307326160086e+00
 1.12500  2.048472468217409e+00
 1.13000  2.003866596727856e+00
 1.13500  1.962350927848618e+00
 1.14000  1.923805732438357e+00
 1.14500  1.888125349599095e+00
 1.15000  1.855215415595586e+00
 1.15500  1.824990554246803e+00
 1.16000  1.797363095304714e+00
 1.16500  1.772243816446454e+00
 1.17000  1.749543601572899e+00
 1.17500  1.729174544238805e+00
 1.18000  1.711050859205375e+00
 1.18500  1.695088484365458e+00
 1.19000  1.681206208444378e+00
 1.19500  1.669326208552028e+00
 1.20000  1.659373772709595e+00
 1.20500  1.651277134239455e+00
 1.21000  1.644966872507127e+00
 1.21500  1.640375518750706e+00
 1.22000  1.637438013203692e+00
 1.22500  1.636091622782048e+00
 1.23000  1.636275784155398e+00
 1.23500  1.637931683949559e+00
 1.24000  1.641002224761447e+00
 1.24500  1.645432131231600e+00
 1.25000  1.651167844265938e+00
 1.25500  1.658157433612143e+00
 1.26000  1.666350733264130e+00
 1.26500  1.675699188829746e+00
 1.27000  1.686155723897026e+00
 1.27500  1.697674705983951e+00
 1.28000  1.710211953013484e+00
 1.28500  1.723724609633537e+00
 1.29000  1.738170972219487e+00
 1.29500  1.753510218140567e+00
 1.30000  1.769702872680211e+00
 1.30500  1.786710779785856e+00
 1.31000  1.804497016924911e+00
 1.31500  1.823025900662184e+00
 1.32000  1.842262945426966e+00
 1.32500  1.862174854367608e+00
 1.33000  1.882729526421371e+00
 1.33500  1.903896065386641e+00
 1.34000  1.925645493906282e+00
 1.34500  1.947949895356426e+00
 1.35000  1.970781129808860e+00
 1.35500  1.994111507274616e+00
 1.36000  2.017913495272416e+00
 1.36500  2.042160025451523e+00
 1.37000  2.066824526401125e+00
 1.37500  2.091881005453523e+00
 1.38000  2.117305547918821e+00
 1.38500  2.143076526236618e+00
 1.39000  2.169174224366824e+00
 1.39500  2.195580072886358e+00
 1.40000  2.222277257286027e+00
 1.40500  2.249250514574324e+00
 1.41000  2.276482417802610e+00
 1.41500  2.303953829949035e+00
 1.42000  2.331645026118330e+00
 1.42500  2.359536034893031e+00
 1.43000  2.387607636437294e+00
 1.43500  2.415840962667487e+00
 1.44000  2.444219224437359e+00
 1.44500  2.472727360760708e+00
 1.45000  2.501351459019792e+00
 1.45500  2.530079235974235e+00
 1.46000  2.558899092056454e+00
 1.46500  2.587800719885882e+00
 1.47000  2.616775404158287e+00
 1.47500  2.645814375045135e+00
 1.48000  2.674909256827087e+00
 1.48500  2.704051489345753e+00
 1.49000  2.733232599715024e+00
 1.49500  2.762441079451385e+00
 1.50000  2.791665924233789e+00
 1.50500  2.820896853818375e+00
 1.51000  2.850123792873819e+00
 1.51500  2.879082919393702e+00
 1.52000  2.907802963122269e+00
 1.52500  2.936340825203115e+00
 1.53000  2.964753406779832e+00
 1.53500  2.993095020818472e+00
 1.54000  3.021382746667839e+00
 1.54500  3.049605746157733e+00
 1.55000  3.077752504726079e+00
 1.55500  3.105811507810799e+00
 1.56000  3.133771240849817e+00
 1.56500  3.161620189281057e+00
 1.57000  3.189346838542442e+00
 1.57500  3.216939674071895e+00
 1.58000  3.244387181307342e+00
 1.58500  3.271677845686704e+00
 1.59000  3.298801420949126e+00
 1.59500  3.325752920017115e+00
 1.60000  3.352528718795487e+00
 1.60500  3.379125193191325e+00
 1.61000  3.405538719111717e+00
 1.61500  3.431765672463746e+00
 1.62000  3.457802429154501e+00
 1.62500  3.483645365091066e+00
 1.63000  3.509290856180528e+00
 1.63500  3.534735278329970e+00
 1.64000  3.559975007446481e+00
 1.64500  3.585006419437145e+00
 1.65000  3.609825890209049e+00
 1.65500  3.634429795669278e+00
 1.66000  3.658814511724919e+00
 1.66500  3.682976414283055e+00
 1.67000  3.706911879250774e+00
 1.67500  3.730617282535163e+00
 1.68000  3.754089000043304e+00
 1.68500  3.777323407682288e+00
 1.69000  3.800316881359195e+00
 1.69500  3.823066018187816e+00
 1.70000  3.845569366509257e+00
 1.70500  3.867826490428634e+00
 1.71000  3.889836962782443e+00
 1.71500  3.911600356407184e+00
 1.72000  3.933116244139353e+00
 1.72500  3.954384198815446e+00
 1.73000  3.975403793271963e+00
 1.73500  3.996174600345400e+00
 1.74000  4.016696192872254e+00
 1.74500  4.036968143689024e+00
 1.75000  4.056990025632205e+00
 1.75500  4.076761411538295e+00
 1.76000  4.096281874243794e+00
 1.76500  4.115550986585196e+00
 1.77000  4.134568321399000e+00
 1.77500  4.153333451521704e+00
 1.78000  4.171845949789803e+00
 1.78500  4.190105389039798e+00
 1.79000  4.208111342108181e+00
 1.79500  4.225863381831455e+00
 1.80000  4.243361127801948e+00
 1.80500  4.260605245293680e+00
 1.81000  4.277597429022430e+00
 1.81500  4.294339417211575e+00
 1.82000  4.310832948084485e+00
 1.82500  4.327079759864537e+00
 1.83000  4.343081590775107e+00
 1.83500  4.358840179039566e+00
 1.84000  4.374357262881293e+00
 1.84500  4.389634580523659e+00
 1.85000  4.404673870190041e+00
 1.85500  4.419476870103812e+00
 1.86000  4.434045318488347e+00
 1.86500  4.448380953567022e+00
 1.87000  4.462485513563210e+00
 1.87500  4.476360736700286e+00
 1.88000  4.490008361201626e+00
 1.88500  4.503430125290604e+00
 1.89000  4.516627767190594e+00
 1.89500  4.529603025124970e+00
 1.90000  4.542357637317108e+00
 1.90500  4.554893344674984e+00
 1.91000  4.567212172020146e+00
 1.91500  4.579316674831525e+00
 1.92000  4.591209466758391e+00
 1.92500  4.602893161450017e+00
 1.93000  4.614370372555670e+00
 1.93500  4.625643713724623e+00
 1.94000  4.636715798606144e+00
 1.94500  4.647589240849505e+00
 1.95000  4.658266654103977e+00
 1.95500  4.668750652018828e+00
 1.96000  4.679043848243329e+00
 1.96500  4.689148856426751e+00
 1.97000  4.699068290218364e+00
 1.97500  4.708804763267438e+00
 1.98000  4.718360889223244e+00
 1.98500  4.727739281735051e+00
 1.99000  4.736942554452132e+00
 1.99500  4.745973321023754e+00
 2.00000  4.754834195099188e+00
 2.00500  4.763527790327707e+00
 2.01000  4.772056720358198e+00
 2.01500  4.780423569214639e+00
 2.02000  4.788630810648146e+00
 2.02500  4.796680892757380e+00
 2.03000  4.804576263641000e+00
 2.03500  4.812319371397661e+00
 2.04000  4.819912664126024e+00
 2.04500  4.827358589924746e+00
 2.05000  4.834659596892487e+00
 2.05500  4.841818133127904e+00
 2.06000  4.848836646729657e+00
 2.06500  4.855717585796404e+00
 2.07000  4.862463398426802e+00
 2.07500  4.869076532719511e+00
 2.08000  4.875559436773189e+00
 2.08500  4.881914558686494e+00
 2.09000  4.888144346558085e+00
 2.09500  4.894251248486621e+00
 2.10000  4.900237712570759e+00
 2.10500  4.906106186909160e+00
 2.11000  4.911859119600479e+00
 2.11500  4.917498958743377e+00
 2.12000  4.923028103177932e+00
 2.12500  4.928448565891069e+00
 2.13000  4.933762178013893e+00
 2.13500  4.938970769610341e+00
 2.14000  4.944076170744356e+00
 2.14500  4.949080211479877e+00
 2.15000  4.953984721880844e+00
 2.15500  4.958791532011199e+00
 2.16000  4.963502471934881e+00
 2.16500  4.968119371715830e+00
 2.17000  4.972644061417986e+00
 2.17500  4.977078371105290e+00
 2.18000  4.981424130841683e+00
 2.18500  4.985683170691103e+00
 2.19000  4.989857320717491e+00
 2.19500  4.993948410984787e+00
 2.20000  4.997958271556933e+00
 2.20500  5.001888732497869e+00
 2.21000  5.005741623871533e+00
 2.21500  5.009518775741865e+00
 2.22000  5.013222018172809e+00
 2.22500  5.016853164087633e+00
 2.23000  5.020413700257853e+00
 2.23500  5.023904821166355e+00
 2.24000  5.027327710953506e+00
 2.24500  5.030683553759673e+00
 2.25000  5.033973533725226e+00
 2.25500  5.037198834990532e+00
 2.26000  5.040360641695957e+00
 2.26500  5.043460137981871e+00
 2.27000  5.046498507988640e+00
 2.27500  5.049476935856632e+00
 2.28000  5.052396605726217e+00
 2.28500  5.055258701737761e+00
 2.29000  5.058064408031631e+00
 2.29500  5.060814908748195e+00
 2.30000  5.063511388027822e+00
 2.30500  5.066155030010878e+00
 2.31000  5.068747018837732e+00
 2.31500  5.071288538648752e+00
 2.32000  5.073780773584304e+00
 2.32500  5.076224907784759e+00
 2.33000  5.078622123749553e+00
 2.33500  5.080973477018804e+00
 2.34000  5.083279807927773e+00
 2.34500  5.085541935965840e+00
 2.35000  5.087760680622381e+00
 2.35500  5.089936861386775e+00
 2.36000  5.092071297748400e+00
 2.36500  5.094164809196636e+00
 2.37000  5.096218215220860e+00
 2.37500  5.098232335310450e+00
 2.38000  5.100207988954787e+00
 2.38500  5.102145995643246e+00
 2.39000  5.104047174865208e+00
 2.39500  5.105912346110050e+00
 2.40000  5.107742328867150e+00
 2.40500  5.109537942625889e+00
 2.41000  5.111300006875640e+00
 2.41500  5.113029341105788e+00
 2.42000  5.114726764805707e+00
 2.42500  5.116393097464778e+00
 2.43000  5.118029158572377e+00
 2.43500  5.119635767604037e+00
 2.44000  5.121213660045940e+00
 2.44500  5.122763288909028e+00
 2.45000  5.124285047883552e+00
 2.45500  5.125779330659761e+00
 2.46000  5.127246530927905e+00
 2.46500  5.128687042378232e+00
 2.47000  5.130101258700994e+00
 2.47500  5.131489573586439e+00
 2.48000  5.132852380724818e+00
 2.48500  5.134190073806378e+00
 2.49000  5.135503046521371e+00
 2.49500  5.136791692560045e+00
 2.50000  5.138056405612652e+00
 2.50500  5.139297579369438e+00
 2.51000  5.140515607520656e+00
 2.51500  5.141710883756553e+00
 2.52000  5.142883801767379e+00
 2.52500  5.144034755243386e+00
 2.53000  5.145164137874820e+00
 2.53500  5.146272343351933e+00
 2.54000  5.147359765364974e+00
 2.54500  5.148426797604191e+00
 2.55000  5.149473833759838e+00
 2.55500  5.150501267522159e+00
 2.56000  5.151509492581408e+00
 2.56500  5.152498902627832e+00
 2.57000  5.153469891351681e+00
 2.57500  5.154422852443205e+00
 2.58000  5.155358179592654e+00
 2.58500  5.156276266490278e+00
 2.59000  5.157177506826324e+00
 2.59500  5.158062294291044e+00
 2.60000  5.158931022574687e+00
 2.60500  5.159784085367502e+00
 2.61000  5.160621876359738e+00
 2.61500  5.161444789241647e+00
 2.62000  5.162253217703476e+00
 2.62500  5.163047555435477e+00
 2.63000  5.163828196127898e+00
 2.63500  5.164595533470988e+00
 2.64000  5.165349961154998e+00
 2.64500  5.166091872870177e+00
 2.65000  5.166821654214547e+00
 2.65500  5.167539557399026e+00
 2.66000  5.168245725272472e+00
 2.66500  5.168940297456003e+00
 2.67000  5.169623413570735e+00
 2.67500  5.170295213237786e+00
 2.68000  5.170955836078275e+00
 2.68500  5.171605421713319e+00
 2.69000  5.172244109764037e+00
 2.69500  5.172872039851546e+00
 2.70000  5.173489351596962e+00
 2.70500  5.174096184621406e+00
 2.71000  5.174692678545995e+00
 2.71500  5.175278972991845e+00
 2.72000  5.175855207580075e+00
 2.72500  5.176421521931805e+00
 2.73000  5.176978055668149e+00
 2.73500  5.177524948410227e+00
 2.74000  5.178062339779157e+00
 2.74500  5.178590369396056e+00
 2.75000  5.179109176882043e+00
 2.75500  5.179618901858234e+00
 2.76000  5.180119683945747e+00
 2.76500  5.180611662765701e+00
 2.77000  5.181094977939215e+00
 2.77500  5.181569769087404e+00
 2.78000  5.182036175831389e+00
 2.78500  5.182494337792284e+00
 2.79000  5.182944394591209e+00
 2.79500  5.183386485849283e+00
 2.80000  5.183820751187621e+00
 2.80500  5.184247330227343e+00
 2.81000  5.184666362589566e+00
 2.81500  5.185077987895410e+00
 2.82000  5.185482345765989e+00
 2.82500  5.185879575822423e+00
 2.83000  5.186269817685830e+00
 2.83500  5.186653210977326e+00
 2.84000  5.187029895318032e+00
 2.84500  5.187400010329063e+00
 2.85000  5.187763695631538e+00
 2.85500  5.188121090846576e+00
 2.86000  5.188472335595293e+00
 2.86500  5.188817569498807e+00
 2.87000  5.189156932178236e+00
 2.87500  5.189490563254698e+00
 2.88000  5.189818602349312e+00
 2.88500  5.190141189083195e+00
 2.89000  5.190458463077463e+00
 2.89500  5.190770563953237e+00
 2.90000  5.191077631331632e+00
 2.90500  5.191379804833767e+00
 2.91000  5.191677224080761e+00
 2.91500  5.191970027068421e+00
 2.92000  5.192258309418021e+00
 2.92500  5.192542121401893e+00
 2.93000  5.192821511071319e+00
 2.93500  5.193096526477579e+00
 2.94000  5.193367215671957e+00
 2.94500  5.193633626705732e+00
 2.95000  5.193895807630186e+00
 2.95500  5.194153806496599e+00
 2.96000  5.194407671356255e+00
 2.96500  5.194657450260432e+00
 2.97000  5.194903191260414e+00
 2.97500  5.195144942407481e+00
 2.98000  5.195382751752914e+00
 2.98500  5.195616667347995e+00
 2.99000  5.195846737244005e+00
 2.99500  5.196073009492226e+00
 3.00000  5.196295532143938e+00
 3.00500  5.196514353250422e+00
 3.01000  5.196729520862964e+00
 3.01500  5.196941083032837e+00
 3.02000  5.197149087811328e+00
 3.02500  5.197353583249719e+00
 3.03000  5.197554617399287e+00
 3.03500  5.197752238311317e+00
 3.04000  5.197946494037088e+00
 3.04500  5.198137432627883e+00
 3.05000  5.198325105993566e+00
 3.05500  5.198509585563552e+00
 3.06000  5.198690948925155e+00
 3.06500  5.198869273668033e+00
 3.07000  5.199044637381837e+00
 3.07500  5.199217117656222e+00
 3.08000  5.199386792080841e+00
 3.08500  5.199553738245348e+00
 3.09000  5.199718033739397e+00
 3.09500  5.199879756152641e+00
 3.10000  5.200038983074736e+00
 3.10500  5.200195792095334e+00
 3.11000  5.200350260804091e+00
 3.11500  5.200502466790656e+00
 3.12000  5.200652487644688e+00
 3.12500  5.200800400955838e+00
 3.13000  5.200946284313763e+00
 3.13500  5.201090215308112e+00
 3.14000  5.201232271528542e+00
 3.14500  5.201372530564707e+00
 3.15000  5.201511070006259e+00
 3.15500  5.201647967442853e+00
 3.16000  5.201783300464144e+00
 3.16500  5.201917146659783e+00
 3.17000  5.202049583619425e+00
 3.17500  5.202180688932726e+00
 3.18000  5.202310539669482e+00
 3.18500  5.202439188898418e+00
 3.19000  5.202566656119762e+00
 3.19500  5.202692958332641e+00
 3.20000  5.202818112536176e+00
 3.20500  5.202942135729487e+00
 3.21000  5.203065044911702e+00
 3.21500  5.203186857081940e+00
 3.22000  5.203307589239325e+00
 3.22500  5.203427258382981e+00
 3.23000  5.203545881512030e+00
 3.23500  5.203663475625593e+00
 3.24000  5.203780057722796e+00
 3.24500  5.203895644802758e+00
 3.25000  5.204010253864607e+00
 3.25500  5.204123901907461e+00
 3.26000  5.204236605930444e+00
 3.26500  5.204348382932682e+00
 3.27000  5.204459249913293e+00
 3.27500  5.204569223871403e+00
 3.28000  5.204678321806134e+00
 3.28500  5.204786560716609e+00
 3.29000  5.204893957601950e+00
 3.29500  5.205000529461283e+00
 3.30000  5.205106293293725e+00
 3.30500  5.205211266098403e+00
 3.31000  5.205315464874440e+00
 3.31500  5.205418903624487e+00
 3.32000  5.205521575441941e+00
 3.32500  5.205623464511503e+00
 3.33000  5.205724554984874e+00
 3.33500  5.205824831013751e+00
 3.34000  5.205924276749833e+00
 3.34500  5.206022876344817e+00
 3.35000  5.206120613950405e+00
 3.35500  5.206217473718294e+00
 3.36000  5.206313439800180e+00
 3.36500  5.206408496347764e+00
 3.37000  5.206502627512745e+00
 3.37500  5.206595817446822e+00
 3.38000  5.206688050301691e+00
 3.38500  5.206779310229053e+00
 3.39000  5.206869581380604e+00
 3.39500  5.206958847908046e+00
 3.40000  5.207047093963074e+00
 3.40500  5.207134303697391e+00
 3.41000  5.207220461262691e+00
 3.41500  5.207305550810673e+00
 3.42000  5.207389556493040e+00
 3.42500  5.207472462461487e+00
 3.43000  5.207554252867713e+00
 3.43500  5.207634911863415e+00
 3.44000  5.207714423600295e+00
 3.44500  5.207792772327698e+00
 3.45000  5.207869952246732e+00
 3.45500  5.207945975957133e+00
 3.46000  5.208020858048378e+00
 3.46500  5.208094613109936e+00
 3.47000  5.208167255731280e+00
 3.47500  5.208238800501882e+00
 3.48000  5.208309262011216e+00
 3.48500  5.208378654848753e+00
 3.49000  5.208446993603965e+00
 3.49500  5.208514292866323e+00
 3.50000  5.208580567225303e+00
 3.50500  5.208645831270374e+00
 3.51000  5.208710099591010e+00
 3.51500  5.208773386776683e+00
 3.52000  5.208835707416865e+00
 3.52500  5.208897076101029e+00
 3.53000  5.208957507418647e+00
 3.53500  5.209017015959192e+00
 3.54000  5.209075616312134e+00
 3.54500  5.209133323066948e+00
 3.55000  5.209190150813103e+00
 3.55500  5.209246114140076e+00
 3.56000  5.209301227637336e+00
 3.56500  5.209355505894356e+00
 3.57000  5.209408963500608e+00
 3.57500  5.209461615045565e+00
 3.58000  5.209513475118698e+00
 3.58500  5.209564558309482e+00
 3.59000  5.209614879207386e+00
 3.59500  5.209664452401885e+00
 3.60000  5.209713292482450e+00
 3.60500  5.209761414038553e+00
 3.61000  5.209808831659669e+00
 3.61500  5.209855559935265e+00
 3.62000  5.209901613454820e+00
 3.62500  5.209947006807800e+00
 3.63000  5.209991754583683e+00
 3.63500  5.210035871371936e+00
 3.64000  5.210079371762033e+00
 3.64500  5.210122270343450e+00
 3.65000  5.210164581705655e+00
 3.65500  5.210206320438121e+00
 3.66000  5.210247501130322e+00
 3.66500  5.210288138371729e+00
 3.67000  5.210328246751815e+00
 3.67500  5.210367840860052e+00
 3.68000  5.210406935285913e+00
 3.68500  5.210445544618867e+00
 3.69000  5.210483683448391e+00
 3.69500  5.210521366363954e+00
 3.70000  5.210558607955032e+00
 3.70500  5.210595422811092e+00
 3.71000  5.210631825513129e+00
 3.71500  5.210667827643553e+00
 3.72000  5.210703433378279e+00
 3.72500  5.210738645769751e+00
 3.73000  5.210773467870416e+00
 3.73500  5.210807902732717e+00
 3.74000  5.210841953409101e+00
 3.74500  5.210875622952011e+00
 3.75000  5.210908914413892e+00
 3.75500  5.210941830847191e+00
 3.76000  5.210974375304352e+00
 3.76500  5.211006550837819e+00
 3.77000  5.211038360500038e+00
 3.77500  5.211069807343454e+00
 3.78000  5.211100894420510e+00
 3.78500  5.211131624783655e+00
 3.79000  5.211162001485331e+00
 3.79500  5.211192027577982e+00
 3.80000  5.211221706114055e+00
 3.80500  5.211251040145996e+00
 3.81000  5.211280032726247e+00
 3.81500  5.211308686907254e+00
 3.82000  5.211337005741465e+00
 3.82500  5.211364992281319e+00
 3.83000  5.211392649579267e+00
 3.83500  5.211419980687751e+00
 3.84000  5.211446988659215e+00
 3.84500  5.211473676546105e+00
 3.85000  5.211500047400868e+00
 3.85500  5.211526104275946e+00
 3.86000  5.211551850223786e+00
 3.86500  5.211577288296832e+00
 3.87000  5.211602421547529e+00
 3.87500  5.211627253028322e+00
 3.88000  5.211651785791656e+00
 3.88500  5.211676022889976e+00
 3.89000  5.211699967375727e+00
 3.89500  5.211723622301354e+00
 3.90000  5.211746990719302e+00
 3.90500  5.211770075682016e+00
 3.91000  5.211792880241940e+00
 3.91500  5.211815407451521e+00
 3.92000  5.211837660363203e+00
 3.92500  5.211859642029431e+00
 3.93000  5.211881355502650e+00
 3.93500  5.211902803835303e+00
 3.94000  5.211923990079838e+00
 3.94500  5.211944917288698e+00
 3.95000  5.211965588514330e+00
 3.95500  5.211986006809177e+00
 3.96000  5.212006175225684e+00
 3.96500  5.212026096816298e+00
 3.97000  5.212045774633461e+00
 3.97500  5.212065211729596e+00
 3.98000  5.212084411037842e+00
 3.98500  5.212103375094891e+00
 3.99000  5.212122106355187e+00
 3.99500  5.212140607273168e+00
 4.00000  5.212158880303276e+00
 4.00500  5.212176927899952e+00
 4.01000  5.212194752517636e+00
 4.01500  5.212212356610769e+00
 4.02000  5.212229742633790e+00
 4.02500  5.212246913041142e+00
 4.03000  5.212263870287264e+00
 4.03500  5.212280616826598e+00
 4.04000  5.212297155113582e+00
 4.04500  5.212313487602660e+00
 4.05000  5.212329616748272e+00
 4.05500  5.212345545004855e+00
 4.06000  5.212361274826854e+00
 4.06500  5.212376808668709e+00
 4.07000  5.212392148984859e+00
 4.07500  5.212407298229743e+00
 4.08000  5.212422258857806e+00
 4.08500  5.212437033323488e+00
 4.09000  5.212451624081226e+00
 4.09500  5.212466033585462e+00
 4.10000  5.212480264290639e+00
 4.10500  5.212494318651196e+00
 4.11000  5.212508199121573e+00
 4.11500  5.212521908156212e+00
 4.12000  5.212535448209553e+00
 4.12500  5.212548821736036e+00
 4.13000  5.212562031190103e+00
 4.13500  5.212575079026194e+00
 4.14000  5.212587967698749e+00
 4.14500  5.212600699662208e+00
 4.15000  5.212613277371014e+00
 4.15500  5.212625703279606e+00
 4.16000  5.212637979842426e+00
 4.16500  5.212650109513912e+00
 4.17000  5.212662094748508e+00
 4.17500  5.212673938000651e+00
 4.18000  5.212685641724784e+00
 4.18500  5.212697208375349e+00
 4.19000  5.212708640406783e+00
 4.19500  5.212719940273528e+00
 4.20000  5.212731110430028e+00
 4.20500  5.212742153330718e+00
 4.21000  5.212753071430043e+00
 4.21500  5.212763867182440e+00
 4.22000  5.212774543042354e+00
 4.22500  5.212785101464222e+00
 4.23000  5.212795544902485e+00
 4.23500  5.212805875811586e+00
 4.24000  5.212816096645963e+00
 4.24500  5.212826209638037e+00
 4.25000  5.212836216012755e+00
 4.25500  5.212846116709446e+00
 4.26000  5.212855912667421e+00
 4.26500  5.212865604825990e+00
 4.27000  5.212875194124461e+00
 4.27500  5.212884681502145e+00
 4.28000  5.212894067898352e+00
 4.28500  5.212903354252393e+00
 4.29000  5.212912541503577e+00
 4.29500  5.212921630591214e+00
 4.30000  5.212930622454614e+00
 4.30500  5.212939518033087e+00
 4.31000  5.212948318265943e+00
 4.31500  5.212957024092494e+00
 4.32000  5.212965636452046e+00
 4.32500  5.212974156283912e+00
 4.33000  5.212982584527400e+00
 4.33500  5.212990922121824e+00
 4.34000  5.212999170006487e+00
 4.34500  5.213007329120707e+00
 4.35000  5.213015400403788e+00
 4.35500  5.213023384795042e+00
 4.36000  5.213031283233779e+00
 4.36500  5.213039096659310e+00
 4.37000  5.213046826010943e+00
 4.37500  5.213054472227989e+00
 4.38000  5.213062036249758e+00
 4.38500  5.213069519015561e+00
 4.39000  5.213076921464705e+00
 4.39500  5.213084244536504e+00
 4.40000  5.213091489170266e+00
 4.40500  5.213098656305300e+00
 4.41000  5.213105746880918e+00
 4.41500  5.213112761836427e+00
 4.42000  5.213119702111141e+00
 4.42500  5.213126568644366e+00
 4.43000  5.213133362375415e+00
 4.43500  5.213140084243596e+00
 4.44000  5.213146735188221e+00
 4.44500  5.213153316148598e+00
 4.45000  5.213159828064039e+00
 4.45500  5.213166271873852e+00
 4.46000  5.213172648517348e+00
 4.46500  5.213178958933837e+00
 4.47000  5.213185204062628e+00
 4.47500  5.213191384843034e+00
 4.48000  5.213197502214360e+00
 4.48500  5.213203557115921e+00
 4.49000  5.213209550487024e+00
 4.49500  5.213215483266979e+00
 4.50000  5.213221356395097e+00
 4.50500  5.213227170810689e+00
 4.51000  5.213232927413561e+00
 4.51500  5.213238626857355e+00
 4.52000  5.213244269701042e+00
 4.52500  5.213249856503404e+00
 4.53000  5.213255387823216e+00
 4.53500  5.213260864219254e+00
 4.54000  5.213266286250299e+00
 4.54500  5.213271654475125e+00
 4.55000  5.213276969452513e+00
 4.55500  5.213282231741236e+00
 4.56000  5.213287441900077e+00
 4.56500  5.213292600487808e+00
 4.57000  5.213297708063209e+00
 4.57500  5.213302765185057e+00
 4.58000  5.213307772412130e+00
 4.58500  5.213312730303206e+00
 4.59000  5.213317639417061e+00
 4.59500  5.213322500312472e+00
 4.60000  5.213327313548219e+00
 4.60500  5.213332079683077e+00
 4.61000  5.213336799275824e+00
 4.61500  5.213341472885238e+00
 4.62000  5.213346101070097e+00
 4.62500  5.213350684389177e+00
 4.63000  5.213355223401256e+00
 4.63500  5.213359718665111e+00
 4.64000  5.213364170739521e+00
 4.64500  5.213368580183261e+00
 4.65000  5.213372947555112e+00
 4.65500  5.213377273413847e+00
 4.66000  5.213381558318247e+00
 4.66500  5.213385802827087e+00
 4.67000  5.213390007499147e+00
 4.67500  5.213394172893202e+00
 4.68000  5.213398299568031e+00
 4.68500  5.213402388082411e+00
 4.69000  5.213406438995118e+00
 4.69500  5.213410452864933e+00
 4.70000  5.213414430250629e+00
 4.70500  5.213418371710987e+00
 4.71000  5.213422277804782e+00
 4.71500  5.213426149090794e+00
 4.72000  5.213429986127799e+00
 4.72500  5.213433789474572e+00
 4.73000  5.213437559689895e+00
 4.73500  5.213441297332544e+00
 4.74000  5.213445002961294e+00
 4.74500  5.213448677134925e+00
 4.75000  5.213452320412213e+00
 4.75500  5.213455933351937e+00
 4.76000  5.213459516512873e+00
 4.76500  5.213463070453798e+00
 4.77000  5.213466595733492e+00
 4.77500  5.213470092889581e+00
 4.78000  5.213473562276860e+00
 4.78500  5.213477004156491e+00
 4.79000  5.213480418788880e+00
 4.79500  5.213483806434431e+00
 4.80000  5.213487167353552e+00
 4.80500  5.213490501806649e+00
 4.81000  5.213493810054124e+00
 4.81500  5.213497092356385e+00
 4.82000  5.213500348973838e+00
 4.82500  5.213503580166887e+00
 4.83000  5.213506786195939e+00
 4.83500  5.213509967321399e+00
 4.84000  5.213513123803673e+00
 4.84500  5.213516255903166e+00
 4.85000  5.213519363880282e+00
 4.85500  5.213522447995430e+00
 4.86000  5.213525508509014e+00
 4.86500  5.213528545681440e+00
 4.87000  5.213531559773112e+00
 4.87500  5.213534551044438e+00
 4.88000  5.213537519755822e+00
 4.88500  5.213540466167669e+00
 4.89000  5.213543390540385e+00
 4.89500  5.213546293134377e+00
 4.90000  5.213549174210049e+00
 4.90500  5.213552034027809e+00
 4.91000  5.213554872848059e+00
 4.91500  5.213557690931206e+00
 4.92000  5.213560488537658e+00
 4.92500  5.213563265927817e+00
 4.93000  5.213566023362090e+00
 4.93500  5.213568761100883e+00
 4.94000  5.213571479404603e+00
 4.94500  5.213574178533652e+00
 4.95000  5.213576858748438e+00
 4.95500  5.213579520309366e+00
 4.96000  5.213582163476842e+00
 4.96500  5.213584788511270e+00
 4.97000  5.213587395673058e+00
 4.97500  5.213589985222610e+00
 4.98000  5.213592557420331e+00
 4.98500  5.213595112526630e+00
 4.99000  5.213597650801908e+00
 4.99500  5.213600172506573e+00
 5.00000  5.213602677901030e+00
 5.00500  5.213605167245686e+00
 5.01000  5.213607640800945e+00
 5.01500  5.213610098827213e+00
 5.02000  5.213612541584896e+00
 5.02500  5.213614969334397e+00
 5.03000  5.213617382336126e+00
 5.03500  5.213619780850487e+00
 5.04000  5.213622165137884e+00
 5.04500  5.213624535458723e+00
 5.05000  5.213626892073411e+00
 5.05500  5.213629235242352e+00
 5.06000  5.213631565225954e+00
 5.06500  5.213633882284618e+00
 5.07000  5.213636186678754e+00
 5.07500  5.213638478668768e+00
 5.08000  5.213640758515061e+00
 5.08500  5.213643026478042e+00
 5.09000  5.213645282818115e+00
 5.09500  5.213647527795687e+00
 5.10000  5.213649761671164e+00
 5.10500  5.213651984704949e+00
 5.11000  5.213654197157450e+00
 5.11500  5.213656399289071e+00
 5.12000  5.213658591360219e+00
 5.12500  5.213660773631299e+00
 5.13000  5.213662946362716e+00
 5.13500  5.213665109814876e+00
 5.14000  5.213667264248185e+00
 5.14500  5.213669409923049e+00
 5.15000  5.213671547099872e+00
 5.15500  5.213673676039059e+00
 5.16000  5.213675797001018e+00
 5.16500  5.213677910246155e+00
 5.17000  5.213680016034873e+00
 5.17500  5.213682114627579e+00
 5.18000  5.213684206284677e+00
 5.18500  5.213686291266574e+00
 5.19000  5.213688369833677e+00
 5.19500  5.213690442246390e+00
 5.20000  5.213692508765118e+00
 5.20500  5.213694569650267e+00
 5.21000  5.213696625162243e+00
 5.21500  5.213698675561452e+00
 5.22000  5.213700721108297e+00
 5.22500  5.213702762063188e+00
 5.23000  5.213704798686527e+00
 5.23500  5.213706831238722e+00
 5.24000  5.213708859980176e+00
 5.24500  5.213710885171296e+00
 5.25000  5.213712907072487e+00
 5.25500  5.213714925944156e+00
 5.26000  5.213716942046707e+00
 5.26500  5.213718955640546e+00
 5.27000  5.213720966986080e+00
 5.27500  5.213722976343712e+00
 5.28000  5.213724983973851e+00
 5.28500  5.213726990136898e+00
 5.29000  5.213728995093263e+00
 5.29500  5.213730999103349e+00
 5.30000  5.213733002427563e+00
 5.30500  5.213735005319165e+00
 5.31000  5.213737007898979e+00
 5.31500  5.213739010170980e+00
 5.32000  5.213741012135138e+00
 5.32500  5.213743013791420e+00
 5.33000  5.213745015139795e+00
 5.33500  5.213747016180232e+00
 5.34000  5.213749016912699e+00
 5.34500  5.213751017337165e+00
 5.35000  5.213753017453599e+00
 5.35500  5.213755017261969e+00
 5.36000  5.213757016762242e+00
 5.36500  5.213759015954389e+00
 5.37000  5.213761014838378e+00
 5.37500  5.213763013414177e+00
 5.38000  5.213765011681755e+00
 5.38500  5.213767009641079e+00
 5.39000  5.213769007292120e+00
 5.39500  5.213771004634845e+00
 5.40000  5.213773001669222e+00
 5.40500  5.213774998395222e+00
 5.41000  5.213776994812811e+00
 5.41500  5.213778990921959e+00
 5.42000  5.213780986722634e+00
 5.42500  5.213782982214804e+00
 5.43000  5.213784977398439e+00
 5.43500  5.213786972273507e+00
 5.44000  5.213788966839975e+00
 5.44500  5.213790961097814e+00
 5.45000  5.213792955046991e+00
 5.45500  5.213794948687475e+00
 5.46000  5.213796942019235e+00
 5.46500  5.213798935042238e+00
 5.47000  5.213800927756456e+00
 5.47500  5.213802920161853e+00
 5.48000  5.213804912258400e+00
 5.48500  5.213806904046066e+00
 5.49000  5.213808895524819e+00
 5.49500  5.213810886694627e+00
 5.50000  5.213812877555458e+00
 5.50500  5.213814868107282e+00
 5.51000  5.213816858350067e+00
 5.51500  5.213818848283782e+00
 5.52000  5.213820837908394e+00
 5.52500  5.213822827223875e+00
 5.53000  5.213824816230190e+00
 5.53500  5.213826804927309e+00
 5.54000  5.213828793315200e+00
 5.54500  5.213830781393831e+00
 5.55000  5.213832769163172e+00
 5.55500  5.213834756623191e+00
 5.56000  5.213836743773857e+00
 5.56500  5.213838730615138e+00
 5.57000  5.213840717147003e+00
 5.57500  5.213842703369420e+00
 5.58000  5.213844689282357e+00
 5.58500  5.213846674885785e+00
 5.59000  5.213848660179669e+00
 5.59500  5.213850645163980e+00
 5.60000  5.213852629838686e+00
 5.60500  5.213854614203756e+00
 5.61000  5.213856598259157e+00
 5.61500  5.213858582004860e+00
 5.62000  5.213860565440831e+00
 5.62500  5.213862548567040e+00
 5.63000  5.213864531383456e+00
 5.63500  5.213866513890046e+00
 5.64000  5.213868496086778e+00
 5.64500  5.213870477973625e+00
 5.65000  5.213872459550551e+00
 5.65500  5.213874440817525e+00
 5.66000  5.213876421774518e+00
 5.66500  5.213878402421497e+00
 5.67000  5.213880382758430e+00
 5.67500  5.213882362785287e+00
 5.68000  5.213884342502034e+00
 5.68500  5.213886321908643e+00
 5.69000  5.213888301005080e+00
 5.69500  5.213890279791316e+00
 5.70000  5.213892258267316e+00
 5.70500  5.213894236433052e+00
 5.71000  5.213896214288491e+00
 5.71500  5.213898191833602e+00
 5.72000  5.213900169068352e+00
 5.72500  5.213902145992710e+00
 5.73000  5.213904122606646e+00
 5.73500  5.213906098910129e+00
 5.74000  5.213908074903125e+00
 5.74500  5.213910050585605e+00
 5.75000  5.213912025957535e+00
 5.75500  5.213914001018887e+00
 5.76000  5.213915975769627e+00
 5.76500  5.213917950209723e+00
 5.77000  5.213919924339145e+00
 5.77500  5.213921898157862e+00
 5.78000  5.213923871665841e+00
 5.78500  5.213925844863052e+00
 5.79000  5.213927817749464e+00
 5.79500  5.213929790325042e+00
 5.80000  5.213931762589759e+00
 5.80500  5.213933734543581e+00
 5.81000  5.213935706186476e+00
 5.81500  5.213937677518414e+00
 5.82000  5.213939648539364e+00
 5.82500  5.213941619249294e+00
 5.83000  5.213943589648172e+00
 5.83500  5.213945559735967e+00
 5.84000  5.213947529512646e+00
 5.84500  5.213949498978181e+00
 5.85000  5.213951468132536e+00
 5.85500  5.213953436975684e+00
 5.86000  5.213955405507591e+00
 5.86500  5.213957373728226e+00
 5.87000  5.213959341637559e+00
 5.87500  5.213961309235556e+00
 5.88000  5.213963276522187e+00
 5.88500  5.213965243497421e+00
 5.89000  5.213967210161225e+00
 5.89500  5.213969176513569e+00
 5.90000  5.213971142554420e+00
 5.90500  5.213973108283749e+00
 5.91000  5.213975073701523e+00
 5.91500  5.213977038807711e+00
 5.92000  5.213979003602280e+00
 5.92500  5.213980968085201e+00
 5.93000  5.213982932256441e+00
 5.93500  5.213984896115966e+00
 5.94000  5.213986859663750e+00
 5.94500  5.213988822899760e+00
 5.95000  5.213990785823962e+00
 5.95500  5.213992748436326e+00
 5.96000  5.213994710736822e+00
 5.96500  5.213996672725417e+00
 5.97000  5.213998634402079e+00
 5.97500  5.214000595766777e+00
 5.98000  5.214002556819480e+00
 5.98500  5.214004517560157e+00
 5.99000  5.214006477988775e+00
 5.99500  5.214008438105305e+00
 6.00000  5.214010397909712e+00
 6.00500  5.214012357401969e+00
 6.01000  5.214014316582040e+00
 6.01500  5.214016275449897e+00
 6.02000  5.214018234005506e+00
 6.02500  5.214020192248838e+00
 6.03000  5.214022150179860e+00
 6.03500  5.214024107798540e+00
 6.04000  5.214026065104849e+00
 6.04500  5.214028022098754e+00
 6.05000  5.214029978780223e+00
 6.05500  5.214031935149225e+00
 6.06000  5.214033891205728e+00
 6.06500  5.214035846949701e+00
 6.07000  5.214037802381114e+00
 6.07500  5.214039757499934e+00
 6.08000  5.214041712306130e+00
 6.08500  5.214043666799671e+00
 6.09000  5.214045620980523e+00
 6.09500  5.214047574848658e+00
 6.10000  5.214049528404043e+00
 6.10500  5.214051481646646e+00
 6.11000  5.214053434576437e+00
 6.11500  5.214055387193383e+00
 6.12000  5.214057339497454e+00
 6.12500  5.214059291488617e+00
 6.13000  5.214061243166841e+00
 6.13500  5.214063194532097e+00
 6.14000  5.214065145584351e+00
 6.14500  5.214067096323570e+00
 6.15000  5.214069046749724e+00
 6.15500  5.214070996862786e+00
 6.16000  5.214072946662718e+00
 6.16500  5.214074896149492e+00
 6.17000  5.214076845323075e+00
 6.17500  5.214078794183438e+00
 6.18000  5.214080742730546e+00
 6.18500  5.214082690964370e+00
 6.19000  5.214084638884878e+00
 6.19500  5.214086586492039e+00
 6.20000  5.214088533785821e+00
 6.20500  5.214090480766192e+00
 6.21000  5.214092427433122e+00
 6.21500  5.214094373786579e+00
 6.22000  5.214096319826531e+00
 6.22500  5.214098265552946e+00
 6.23000  5.214100210965794e+00
 6.23500  5.214102156065042e+00
 6.24000  5.214104100850661e+00
 6.24500  5.214106045322619e+00
 6.25000  5.214107989480881e+00
 6.25500  5.214109933325420e+00
 6.26000  5.214111876856202e+00
 6.26500  5.214113820073196e+00
 6.27000  5.214115762976371e+00
 6.27500  5.214117705565695e+00
 6.28000  5.214119647841137e+00
 6.28500  5.214121589802666e+00
 6.29000  5.214123531450250e+00
 6.29500  5.214125472783858e+00
 6.30000  5.214127413803457e+00
 6.30500  5.214129354509017e+00
 6.31000  5.214131294900506e+00
 6.31500  5.214133234977893e+00
 6.32000  5.214135174741146e+00
 6.32500  5.214137114190234e+00
 6.33000  5.214139053325127e+00
 6.33500  5.214140992145790e+00
 6.34000  5.214142930652194e+00
 6.34500  5.214144868844308e+00
 6.35000  5.214146806722098e+00
 6.35500  5.214148744285536e+00
 6.36000  5.214150681534587e+00
 6.36500  5.214152618469222e+00
 6.37000  5.214154555089409e+00
 6.37500  5.214156491395117e+00
 6.38000  5.214158427386312e+00
 6.38500  5.214160363062967e+00
 6.39000  5.214162298425046e+00
 6.39500  5.214164233472521e+00
 6.40000  5.214166168205358e+00
 6.40500  5.214168102623526e+00
 6.41000  5.214170036726996e+00
 6.41500  5.214171970515735e+00
 6.42000  5.214173903989710e+00
 6.42500  5.214175837148892e+00
 6.43000  5.214177769993248e+00
 6.43500  5.214179702522747e+00
 6.44000  5.214181634737357e+00
 6.44500  5.214183566637047e+00
 6.45000  5.214185498221786e+00
 6.45500  5.214187429491543e+00
 6.46000  5.214189360446285e+00
 6.46500  5.214191291085982e+00
 6.47000  5.214193221410601e+00
 6.47500  5.214195151420111e+00
 6.48000  5.214197081114482e+00
 6.48500  5.214199010493681e+00
 6.49000  5.214200939557676e+00
 6.49500  5.214202868306439e+00
 6.50000  5.214204796739935e+00
 6.50500  5.214206724858133e+00
 6.51000  5.214208652661003e+00
 6.51500  5.214210580148513e+00
 6.52000  5.214212507320632e+00
 6.52500  5.214214434177327e+00
 6.53000  5.214216360718567e+00
 6.53500  5.214218286944321e+00
 6.54000  5.214220212854557e+00
 6.54500  5.214222138449246e+00
 6.55000  5.214224063728354e+00
 6.55500  5.214225988691851e+00
 6.56000  5.214227913339703e+00
 6.56500  5.214229837671882e+00
 6.57000  5.214231761688354e+00
 6.57500  5.214233685389087e+00
 6.58000  5.214235608774053e+00
 6.58500  5.214237531843218e+00
 6.59000  5.214239454596552e+00
 6.59500  5.214241377034021e+00
 6.60000  5.214243299155596e+00
 6.60500  5.214245220961245e+00
 6.61000  5.214247142450936e+00
 6.61500  5.214249063624637e+00
 6.62000  5.214250984482318e+00
 6.62500  5.214252905023947e+00
 6.63000  5.214254825249493e+00
 6.63500  5.214256745158923e+00
 6.64000  5.214258664752207e+00
 6.64500  5.214260584029314e+00
 6.65000  5.214262502990211e+00
 6.65500  5.214264421634868e+00
 6.66000  5.214266339963251e+00
 6.66500  5.214268257975331e+00
 6.67000  5.214270175671077e+00
 6.67500  5.214272093050456e+00
 6.68000  5.214274010113437e+00
 6.68500  5.214275926859989e+00
 6.69000  5.214277843290079e+00
 6.69500  5.214279759403677e+00
 6.70000  5.214281675200751e+00
 6.70500  5.214283590681269e+00
 6.71000  5.214285505845202e+00
 6.71500  5.214287420692516e+00
 6.72000  5.214289335223181e+00
 6.72500  5.214291249437165e+00
 6.73000  5.214293163334436e+00
 6.73500  5.214295076914962e+00
 6.74000  5.214296990178715e+00
 6.74500  5.214298903125659e+00
 6.75000  5.214300815755766e+00
 6.75500  5.214302728069003e+00
 6.76000  5.214304640065339e+00
 6.76500  5.214306551744741e+00
 6.77000  5.214308463107181e+00
 6.77500  5.214310374152625e+00
 6.78000  5.214312284881041e+00
 6.78500  5.214314195292400e+00
 6.79000  5.214316105386667e+00
 6.79500  5.214318015163815e+00
 6.80000  5.214319924623808e+00
 6.80500  5.214321833766618e+00
 6.81000  5.214323742592213e+00
 6.81500  5.214325651100560e+00
 6.82000  5.214327559291628e+00
 6.82500  5.214329467165387e+00
 6.83000  5.214331374721803e+00
 6.83500  5.214333281960847e+00
 6.84000  5.214335188882487e+00
 6.84500  5.214337095486692e+00
 6.85000  5.214339001773428e+00
 6.85500  5.214340907742666e+00
 6.86000  5.214342813394374e+00
 6.86500  5.214344718728521e+00
 6.87000  5.214346623745074e+00
 6.87500  5.214348528444002e+00
 6.88000  5.214350432825276e+00
 6.88500  5.214352336888861e+00
 6.89000  5.214354240634727e+00
 6.89500  5.214356144062843e+00
 6.90000  5.214358047173178e+00
 6.90500  5.214359949965699e+00
 6.91000  5.214361852440376e+00
 6.91500  5.214363754597175e+00
 6.92000  5.214365656436068e+00
 6.92500  5.214367557957023e+00
 6.93000  5.214369459160006e+00
 6.93500  5.214371360044988e+00
 6.94000  5.214373260611937e+00
 6.94500  5.214375160860820e+00
 6.95000  5.214377060791607e+00
 6.95500  5.214378960404267e+00
 6.96000  5.214380859698767e+00
 6.96500  5.214382758675077e+00
 6.97000  5.214384657333165e+00
 6.97500  5.214386555672999e+00
 6.98000  5.214388453694548e+00
 6.98500  5.214390351397783e+00
 6.99000  5.214392248782667e+00
 6.99500  5.214394145849173e+00
 7.00000  5.214396042597268e+00
 7.00500  5.214397939026921e+00
 7.01000  5.214399835138100e+00
 7.01500  5.214401730930775e+00
 7.02000  5.214403626404913e+00
 7.02500  5.214405521560483e+00
 7.03000  5.214407416397453e+00
 7.03500  5.214409310915793e+00
 7.04000  5.214411205115471e+00
 7.04500  5.214413098996453e+00
 7.05000  5.214414992558711e+00
 7.05500  5.214416885802214e+00
 7.06000  5.214418778726927e+00
 7.06500  5.214420671332821e+00
 7.07000  5.214422563619864e+00
 7.07500  5.214424455588024e+00
 7.08000  5.214426347237270e+00
 7.08500  5.214428238567571e+00
 7.09000  5.214430129578896e+00
 7.09500  5.214432020271213e+00
 7.10000  5.214433910644488e+00
 7.10500  5.214435800698694e+00
 7.11000  5.214437690433797e+00
 7.11500  5.214439579849766e+00
 7.12000  5.214441468946569e+00
 7.12500  5.214443357724176e+00
 7.13000  5.214445246182553e+00
 7.13500  5.214447134321671e+00
 7.14000  5.214449022141497e+00
 7.14500  5.214450909642002e+00
 7.15000  5.214452796823151e+00
 7.15500  5.214454683684915e+00
 7.16000  5.214456570227262e+00
 7.16500  5.214458456450161e+00
 7.17000  5.214460342353579e+00
 7.17500  5.214462227937486e+00
 7.18000  5.214464113201849e+00
 7.18500  5.214465998146641e+00
 7.19000  5.214467882771824e+00
 7.19500  5.214469767077372e+00
 7.20000  5.214471651063249e+00
 7.20500  5.214473534729428e+00
 7.21000  5.214475418075874e+00
 7.21500  5.214477301102557e+00
 7.22000  5.214479183809445e+00
 7.22500  5.214481066196508e+00
 7.23000  5.214482948263714e+00
 7.23500  5.214484830011031e+00
 7.24000  5.214486711438428e+00
 7.24500  5.214488592545873e+00
 7.25000  5.214490473333335e+00
 7.25500  5.214492353800781e+00
 7.26000  5.214494233948182e+00
 7.26500  5.214496113775505e+00
 7.27000  5.214497993282720e+00
 7.27500  5.214499872469794e+00
 7.28000  5.214501751336696e+00
 7.28500  5.214503629883395e+00
 7.29000  5.214505508109859e+00
 7.29500  5.214507386016058e+00
 7.30000  5.214509263601958e+00
 7.30500  5.214511140867528e+00
 7.31000  5.214513017812739e+00
 7.31500  5.214514894437558e+00
 7.32000  5.214516770741953e+00
 7.32500  5.214518646725893e+00
 7.33000  5.214520522389347e+00
 7.33500  5.214522397732283e+00
 7.34000  5.214524272754670e+00
 7.34500  5.214526147456476e+00
 7.35000  5.214528021837671e+00
 7.35500  5.214529895898220e+00
 7.36000  5.214531769638096e+00
 7.36500  5.214533643057266e+00
 7.37000  5.214535516155696e+00
 7.37500  5.214537388933358e+00
 7.38000  5.214539261390219e+00
 7.38500  5.214541133526246e+00
 7.39000  5.214543005341411e+00
 7.39500  5.214544876835681e+00
 7.40000  5.214546748009024e+00
 7.40500  5.214548618861408e+00
 7.41000  5.214550489392805e+00
 7.41500  5.214552359603179e+00
 7.42000  5.214554229492500e+00
 7.42500  5.214556099060738e+00
 7.43000  5.214557968307861e+00
 7.43500  5.214559837233836e+00
 7.44000  5.214561705838634e+00
 7.44500  5.214563574122223e+00
 7.45000  5.214565442084569e+00
 7.45500  5.214567309725644e+00
 7.46000  5.214569177045414e+00
 7.46500  5.214571044043849e+00
 7.47000  5.214572910720916e+00
 7.47500  5.214574777076585e+00
 7.48000  5.214576643110825e+00
 7.48500  5.214578508823604e+00
 7.49000  5.214580374214889e+00
 7.49500  5.214582239284651e+00
 7.50000  5.214584104032856e+00
 7.50500  5.214585968459476e+00
 7.51000  5.214587832564477e+00
 7.51500  5.214589696347826e+00
 7.52000  5.214591559809495e+00
 7.52500  5.214593422949451e+00
 7.53000  5.214595285767664e+00
 7.53500  5.214597148264099e+00
 7.54000  5.214599010438729e+00
 7.54500  5.214600872291519e+00
 7.55000  5.214602733822439e+00
 7.55500  5.214604595031457e+00
 7.56000  5.214606455918543e+00
 7.56500  5.214608316483663e+00
 7.57000  5.214610176726789e+00
 7.57500  5.214612036647887e+00
 7.58000  5.214613896246926e+00
 7.58500  5.214615755523875e+00
 7.59000  5.214617614478702e+00
 7.59500  5.214619473111377e+00
 7.60000  5.214621331421865e+00
 7.60500  5.214623189410139e+00
 7.61000  5.214625047076165e+00
 7.61500  5.214626904419911e+00
 7.62000  5.214628761441348e+00
 7.62500  5.214630618140443e+00
 7.63000  5.214632474517166e+00
 7.63500  5.214634330571482e+00
 7.64000  5.214636186303362e+00
 7.64500  5.214638041712775e+00
 7.65000  5.214639896799689e+00
 7.65500  5.214641751564072e+00
 7.66000  5.214643606005894e+00
 7.66500  5.214645460125122e+00
 7.67000  5.214647313921725e+00
 7.67500  5.214649167395672e+00
 7.68000  5.214651020546931e+00
 7.68500  5.214652873375471e+00
 7.69000  5.214654725881259e+00
 7.69500  5.214656578064266e+00
 7.70000  5.214658429924460e+00
 7.70500  5.214660281461809e+00
 7.71000  5.214662132676280e+00
 7.71500  5.214663983567844e+00
 7.72000  5.214665834136469e+00
 7.72500  5.214667684382122e+00
 7.73000  5.214669534304774e+00
 7.73500  5.214671383904392e+00
 7.74000  5.214673233180945e+00
 7.74500  5.214675082134401e+00
 7.75000  5.214676930764729e+00
 7.75500  5.214678779071898e+00
 7.76000  5.214680627055876e+00
 7.76500  5.214682474716630e+00
 7.77000  5.214684322054131e+00
 7.77500  5.214686169068348e+00
 7.78000  5.214688015759247e+00
 7.78500  5.214689862126798e+00
 7.79000  5.214691708170970e+00
 7.79500  5.214693553891730e+00
 7.80000  5.214695399289048e+00
 7.80500  5.214697244362892e+00
 7.81000  5.214699089113230e+00
 7.81500  5.214700933540032e+00
 7.82000  5.214702777643265e+00
 7.82500  5.214704621422898e+00
 7.83000  5.214706464878900e+00
 7.83500  5.214708308011240e+00
 7.84000  5.214710150819886e+00
 7.84500  5.214711993304805e+00
 7.85000  5.214713835465968e+00
 7.85500  5.214715677303342e+00
 7.86000  5.214717518816896e+00
 7.86500  5.214719360006599e+00
 7.87000  5.214721200872420e+00
 7.87500  5.214723041414326e+00
 7.88000  5.214724881632286e+00
 7.88500  5.214726721526270e+00
 7.89000  5.214728561096243e+00
 7.89500  5.214730400342177e+00
 7.90000  5.214732239264040e+00
 7.90500  5.214734077861800e+00
 7.91000  5.214735916135425e+00
 7.91500  5.214737754084885e+00
 7.92000  5.214739591710147e+00
 7.92500  5.214741429011180e+00
 7.93000  5.214743265987954e+00
 7.93500  5.214745102640435e+00
 7.94000  5.214746938968593e+00
 7.94500  5.214748774972397e+00
 7.95000  5.214750610651815e+00
 7.95500  5.214752446006815e+00
 7.96000  5.214754281037367e+00
 7.96500  5.214756115743438e+00
 7.97000  5.214757950124998e+00
 7.97500  5.214759784182013e+00
 7.98000  5.214761617914455e+00
 7.98500  5.214763451322290e+00
 7.99000  5.214765284405487e+00
 7.99500  5.214767117164016e+00
 8.00000  5.214768949597844e+00
 8.00500  5.214770781706941e+00
 8.01000  5.214772613491274e+00
 8.01500  5.214774444950811e+00
 8.02000  5.214776276085523e+00
 8.02500  5.214778106895376e+00
 8.03000  5.214779937380341e+00
 8.03500  5.214781767540385e+00
 8.04000  5.214783597375477e+00
 8.04500  5.214785426885586e+00
 8.05000  5.214787256070679e+00
 8.05500  5.214789084930726e+00
 8.06000  5.214790913465695e+00
 8.06500  5.214792741675554e+00
 8.07000  5.214794569560273e+00
 8.07500  5.214796397119820e+00
 8.08000  5.214798224354164e+00
 8.08500  5.214800051263271e+00
 8.09000  5.214801877847114e+00
 8.09500  5.214803704105656e+00
 8.10000  5.214805530038871e+00
 8.10500  5.214807355646723e+00
 8.11000  5.214809180929183e+00
 8.11500  5.214811005886220e+00
 8.12000  5.214812830517802e+00
 8.12500  5.214814654823897e+00
 8.13000  5.214816478804473e+00
 8.13500  5.214818302459500e+00
 8.14000  5.214820125788947e+00
 8.14500  5.214821948792780e+00
 8.15000  5.214823771470969e+00
 8.15500  5.214825593823483e+00
 8.16000  5.214827415850291e+00
 8.16500  5.214829237551359e+00
 8.17000  5.214831058926658e+00
 8.17500  5.214832879976156e+00
 8.18000  5.214834700699821e+00
 8.18500  5.214836521097623e+00
 8.19000  5.214838341169528e+00
 8.19500  5.214840160915506e+00
 8.20000  5.214841980335527e+00
 8.20500  5.214843799429557e+00
 8.21000  5.214845618197566e+00
 8.21500  5.214847436639523e+00
 8.22000  5.214849254755394e+00
 8.22500  5.214851072545151e+00
 8.23000  5.214852890008760e+00
 8.23500  5.214854707146189e+00
 8.24000  5.214856523957410e+00
 8.24500  5.214858340442388e+00
 8.25000  5.214860156601095e+00
 8.25500  5.214861972433496e+00
 8.26000  5.214863787939562e+00
 8.26500  5.214865603119261e+00
 8.27000  5.214867417972561e+00
 8.27500  5.214869232499431e+00
 8.28000  5.214871046699837e+00
 8.28500  5.214872860573752e+00
 8.29000  5.214874674121143e+00
 8.29500  5.214876487341977e+00
 8.30000  5.214878300236224e+00
 8.30500  5.214880112803852e+00
 8.31000  5.214881925044830e+00
 8.31500  5.214883736959126e+00
 8.32000  5.214885548546708e+00
 8.32500  5.214887359807546e+00
 8.33000  5.214889170741608e+00
 8.33500  5.214890981348862e+00
 8.34000  5.214892791629278e+00
 8.34500  5.214894601582822e+00
 8.35000  5.214896411209465e+00
 8.35500  5.214898220509174e+00
 8.36000  5.214900029481920e+00
 8.36500  5.214901838127667e+00
 8.37000  5.214903646446388e+00
 8.37500  5.214905454438050e+00
 8.38000  5.214907262102622e+00
 8.38500  5.214909069440070e+00
 8.39000  5.214910876450366e+00
 8.39500  5.214912683133476e+00
 8.40000  5.214914489489371e+00
 8.40500  5.214916295518017e+00
 8.41000  5.214918101219382e+00
 8.41500  5.214919906593439e+00
 8.42000  5.214921711640153e+00
 8.42500  5.214923516359493e+00
 8.43000  5.214925320751428e+00
 8.43500  5.214927124815927e+00
 8.44000  5.214928928552959e+00
 8.44500  5.214930731962490e+00
 8.45000  5.214932535044490e+00
 8.45500  5.214934337798927e+00
 8.46000  5.214936140225771e+00
 8.46500  5.214937942324990e+00
 8.47000  5.214939744096553e+00
 8.47500  5.214941545540428e+00
 8.48000  5.214943346656582e+00
 8.48500  5.214945147444985e+00
 8.49000  5.214946947905606e+00
 8.49500  5.214948748038413e+00
 8.50000  5.214950547843374e+00
 8.50500  5.214952347320459e+00
 8.51000  5.214954146469635e+00
 8.51500  5.214955945290872e+00
 8.52000  5.214957743784138e+00
 8.52500  5.214959541949402e+00
 8.53000  5.214961339786631e+00
 8.53500  5.214963137295793e+00
 8.54000  5.214964934476860e+00
 8.54500  5.214966731329798e+00
 8.55000  5.214968527854576e+00
 8.55500  5.214970324051164e+00
 8.56000  5.214972119919527e+00
 8.56500  5.214973915459638e+00
 8.57000  5.214975710671462e+00
 8.57500  5.214977505554969e+00
 8.58000  5.214979300110127e+00
 8.58500  5.214981094336905e+00
 8.59000  5.214982888235273e+00
 8.59500  5.214984681805197e+00
 8.60000  5.214986475046646e+00
 8.60500  5.214988267959590e+00
 8.61000  5.214990060543997e+00
 8.61500  5.214991852799836e+00
 8.62000  5.214993644727072e+00
 8.62500  5.214995436325679e+00
 8.63000  5.214997227595622e+00
 8.63500  5.214999018536870e+00
 8.64000  5.215000809149394e+00
 8.64500  5.215002599433159e+00
 8.65000  5.215004389388135e+00
 8.65500  5.215006179014292e+00
 8.66000  5.215007968311596e+00
 8.66500  5.215009757280017e+00
 8.67000  5.215011545919523e+00
 8.67500  5.215013334230084e+00
 8.68000  5.215015122211668e+00
 8.68500  5.215016909864241e+00
 8.69000  5.215018697187775e+00
 8.69500  5.215020484182237e+00
 8.70000  5.215022270847594e+00
 8.70500  5.215024057183817e+00
 8.71000  5.215025843190875e+00
 8.71500  5.215027628868734e+00
 8.72000  5.215029414217366e+00
 8.72500  5.215031199236735e+00
 8.73000  5.215032983926813e+00
 8.73500  5.215034768287568e+00
 8.74000  5.215036552318968e+00
 8.74500  5.215038336020981e+00
 8.75000  5.215040119393574e+00
 8.75500  5.215041902436721e+00
 8.76000  5.215043685150387e+00
 8.76500  5.215045467534539e+00
 8.77000  5.215047249589149e+00
 8.77500  5.215049031314184e+00
 8.78000  5.215050812709611e+00
 8.78500  5.215052593775401e+00
 8.79000  5.215054374511522e+00
 8.79500  5.215056154917941e+00
 8.80000  5.215057934994629e+00
 8.80500  5.215059714741552e+00
 8.81000  5.215061494158681e+00
 8.81500  5.215063273245983e+00
 8.82000  5.215065052003427e+00
 8.82500  5.215066830430980e+00
 8.83000  5.215068608528613e+00
 8.83500  5.215070386296293e+00
 8.84000  5.215072163733989e+00
 8.84500  5.215073940841672e+00
 8.85000  5.215075717619306e+00
 8.85500  5.215077494066862e+00
 8.86000  5.215079270184309e+00
 8.86500  5.215081045971615e+00
 8.87000  5.215082821428747e+00
 8.87500  5.215084596555675e+00
 8.88000  5.215086371352369e+00
 8.88500  5.215088145818795e+00
 8.89000  5.215089919954923e+00
 8.89500  5.215091693760721e+00
 8.90000  5.215093467236158e+00
 8.90500  5.215095240381202e+00
 8.91000  5.215097013195821e+00
 8.91500  5.215098785679986e+00
 8.92000  5.215100557833662e+00
 8.92500  5.215102329656821e+00
 8.93000  5.215104101149430e+00
 8.93500  5.215105872311457e+00
 8.94000  5.215107643142872e+00
 8.94500  5.215109413643641e+00
 8.95000  5.215111183813736e+00
 8.95500  5.215112953653123e+00
 8.96000  5.215114723161770e+00
 8.96500  5.215116492339649e+00
 8.97000  5.215118261186725e+00
 8.97500  5.215120029702969e+00
 8.98000  5.215121797888349e+00
 8.98500  5.215123565742831e+00
 8.99000  5.215125333266387e+00
 8.99500  5.215127100458984e+00
 9.00000  5.215128867320591e+00
 9.00500  5.215130633851175e+00
 9.01000  5.215132400050708e+00
 9.01500  5.215134165919155e+00
 9.02000  5.215135931456486e+00
 9.02500  5.215137696662669e+00
 9.03000  5.215139461537674e+00
 9.03500  5.215141226081469e+00
 9.04000  5.215142990294021e+00
 9.04500  5.215144754175300e+00
 9.05000  5.215146517725274e+00
 9.05500  5.215148280943912e+00
 9.06000  5.215150043831183e+00
 9.06500  5.215151806387054e+00
 9.07000  5.215153568611495e+00
 9.07500  5.215155330504474e+00
 9.08000  5.215157092065960e+00
 9.08500  5.215158853295920e+00
 9.09000  5.215160614194323e+00
 9.09500  5.215162374761141e+00
 9.10000  5.215164134996336e+00
 9.10500  5.215165894899884e+00
 9.11000  5.215167654471748e+00
 9.11500  5.215169413711898e+00
 9.12000  5.215171172620304e+00
 9.12500  5.215172931196933e+00
 9.13000  5.215174689441755e+00
 9.13500  5.215176447354736e+00
 9.14000  5.215178204935847e+00
 9.14500  5.215179962185055e+00
 9.15000  5.215181719102330e+00
 9.15500  5.215183475687641e+00
 9.16000  5.215185231940954e+00
 9.16500  5.215186987862238e+00
 9.17000  5.215188743451464e+00
 9.17500  5.215190498708598e+00
 9.18000  5.215192253633610e+00
 9.18500  5.215194008226469e+00
 9.19000  5.215195762487141e+00
 9.19500  5.215197516415598e+00
 9.20000  5.215199270011807e+00
 9.20500  5.215201023275735e+00
 9.21000  5.215202776207352e+00
 9.21500  5.215204528806625e+00
 9.22000  5.215206281073526e+00
 9.22500  5.215208033008021e+00
 9.23000  5.215209784610079e+00
 9.23500  5.215211535879669e+00
 9.24000  5.215213286816759e+00
 9.24500  5.215215037421318e+00
 9.25000  5.215216787693314e+00
 9.25500  5.215218537632716e+00
 9.26000  5.215220287239491e+00
 9.26500  5.215222036513611e+00
 9.27000  5.215223785455041e+00
 9.27500  5.215225534063753e+00
 9.28000  5.215227282339712e+00
 9.28500  5.215229030282889e+00
 9.29000  5.215230777893251e+00
 9.29500  5.215232525170768e+00
 9.30000  5.215234272115406e+00
 9.30500  5.215236018727136e+00
 9.31000  5.215237765005927e+00
 9.31500  5.215239510951745e+00
 9.32000  5.215241256564561e+00
 9.32500  5.215243001844343e+00
 9.33000  5.215244746791059e+00
 9.33500  5.215246491404677e+00
 9.34000  5.215248235685167e+00
 9.34500  5.215249979632495e+00
 9.35000  5.215251723246633e+00
 9.35500  5.215253466527548e+00
 9.36000  5.215255209475208e+00
 9.36500  5.215256952089582e+00
 9.37000  5.215258694370637e+00
 9.37500  5.215260436318345e+00
 9.38000  5.215262177932672e+00
 9.38500  5.215263919213588e+00
 9.39000  5.215265660161059e+00
 9.39500  5.215267400775056e+00
 9.40000  5.215269141055546e+00
 9.40500  5.215270881002500e+00
 9.41000  5.215272620615885e+00
 9.41500  5.215274359895669e+00
 9.42000  5.215276098841820e+00
 9.42500  5.215277837454309e+00
 9.43000  5.215279575733102e+00
 9.43500  5.215281313678169e+00
 9.44000  5.215283051289478e+00
 9.44500  5.215284788566999e+00
 9.45000  5.215286525510698e+00
 9.45500  5.215288262120545e+00
 9.46000  5.215289998396510e+00
 9.46500  5.215291734338559e+00
 9.47000  5.215293469946661e+00
 9.47500  5.215295205220784e+00
 9.48000  5.215296940160899e+00
 9.48500  5.215298674766975e+00
 9.49000  5.215300409038976e+00
 9.49500  5.215302142976874e+00
 9.50000  5.215303876580638e+00
 9.50500  5.215305609850234e+00
 9.51000  5.215307342785634e+00
 9.51500  5.215309075386801e+00
 9.52000  5.215310807653710e+00
 9.52500  5.215312539586325e+00
 9.53000  5.215314271184617e+00
 9.53500  5.215316002448553e+00
 9.54000  5.215317733378104e+00
 9.54500  5.215319463973236e+00
 9.55000  5.215321194233917e+00
 9.55500  5.215322924160119e+00
 9.56000  5.215324653751806e+00
 9.56500  5.215326383008950e+00
 9.57000  5.215328111931519e+00
 9.57500  5.215329840519481e+00
 9.58000  5.215331568772805e+00
 9.58500  5.215333296691458e+00
 9.59000  5.215335024275412e+00
 9.59500  5.215336751524632e+00
 9.60000  5.215338478439087e+00
 9.60500  5.215340205018747e+00
 9.61000  5.215341931263580e+00
 9.61500  5.215343657173555e+00
 9.62000  5.215345382748640e+00
 9.62500  5.215347107988803e+00
 9.63000  5.215348832894015e+00
 9.63500  5.215350557464241e+00
 9.64000  5.215352281699452e+00
 9.64500  5.215354005599615e+00
 9.65000  5.215355729164699e+00
 9.65500  5.215357452394674e+00
 9.66000  5.215359175289507e+00
 9.66500  5.215360897849168e+00
 9.67000  5.215362620073624e+00
 9.67500  5.215364341962844e+00
 9.68000  5.215366063516797e+00
 9.68500  5.215367784735450e+00
 9.69000  5.215369505618773e+00
 9.69500  5.215371226166736e+00
 9.70000  5.215372946379305e+00
 9.70500  5.215374666256449e+00
 9.71000  5.215376385798138e+00
 9.71500  5.215378105004339e+00
 9.72000  5.215379823875021e+00
 9.72500  5.215381542410152e+00
 9.73000  5.215383260609702e+00
 9.73500  5.215384978473638e+00
 9.74000  5.215386696001930e+00
 9.74500  5.215388413194547e+00
 9.75000  5.215390130051454e+00
 9.75500  5.215391846572625e+00
 9.76000  5.215393562758023e+00
 9.76500  5.215395278607620e+00
 9.77000  5.215396994121382e+00
 9.77500  5.215398709299280e+00
 9.78000  5.215400424141283e+00
 9.78500  5.215402138647358e+00
 9.79000  5.215403852817473e+00
 9.79500  5.215405566651597e+00
 9.80000  5.215407280149701e+00
 9.80500  5.215408993311749e+00
 9.81000  5.215410706137713e+00
 9.81500  5.215412418627560e+00
 9.82000  5.215414130781260e+00
 9.82500  5.215415842598780e+00
 9.83000  5.215417554080091e+00
 9.83500  5.215419265225157e+00
 9.84000  5.215420976033951e+00
 9.84500  5.215422686506440e+00
 9.85000  5.215424396642592e+00
 9.85500  5.215426106442376e+00
 9.86000  5.215427815905760e+00
 9.86500  5.215429525032714e+00
 9.87000  5.215431233823205e+00
 9.87500  5.215432942277203e+00
 9.88000  5.215434650394674e+00
 9.88500  5.215436358175590e+00
 9.89000  5.215438065619918e+00
 9.89500  5.215439772727625e+00
 9.90000  5.215441479498682e+00
 9.90500  5.215443185933055e+00
 9.91000  5.215444892030716e+00
 9.91500  5.215446597791630e+00
 9.92000  5.215448303215768e+00
 9.92500  5.215450008303097e+00
 9.93000  5.215451713053588e+00
 9.93500  5.215453417467207e+00
 9.94000  5.215455121543921e+00
 9.94500  5.215456825283703e+00
 9.95000  5.215458528686519e+00
 9.95500  5.215460231752339e+00
 9.96000  5.215461934481130e+00
 9.96500  5.215463636872861e+00
 9.97000  5.215465338927500e+00
 9.97500  5.215467040645017e+00
 9.98000  5.215468742025380e+00
 9.98500  5.215470443068556e+00
 9.99000  5.215472143774516e+00
 9.99500  5.215473844143228e+00
10.00000  5.215475544174659e+00
