# 1.60426108(Re)  1.00801919(De)  6.17358223(Te)  2.24777327(beta) B3S-1.dat
 0.00500  2.762405500793987e+03
 0.01000  2.693444305123787e+03
 0.01500  2.626192541121111e+03
 0.02000  2.560608036210963e+03
 0.02500  2.496649655774135e+03
 0.03000  2.434277277631212e+03
 0.03500  2.373451767153475e+03
 0.04000  2.314134952985279e+03
 0.04500  2.256289603362922e+03
 0.05000  2.199879403015309e+03
 0.05500  2.144868930632162e+03
 0.06000  2.091223636885797e+03
 0.06500  2.038909822992927e+03
 0.07000  1.987894619803160e+03
 0.07500  1.938145967401314e+03
 0.08000  1.889632595210878e+03
 0.08500  1.842324002586376e+03
 0.09000  1.796190439882537e+03
 0.09500  1.751202889988650e+03
 0.10000  1.707333050316602e+03
 0.10500  1.664553315231532e+03
 0.11000  1.622836758914128e+03
 0.11500  1.582157118644090e+03
 0.12000  1.542488778494290e+03
 0.12500  1.503806753425640e+03
 0.13000  1.466086673772766e+03
 0.13500  1.429304770110905e+03
 0.14000  1.393437858494676e+03
 0.14500  1.358463326059562e+03
 0.15000  1.324359116977231e+03
 0.15500  1.291103718755954e+03
 0.16000  1.258676148877704e+03
 0.16500  1.227055941763605e+03
 0.17000  1.196223136059722e+03
 0.17500  1.166158262235267e+03
 0.18000  1.136842330485601e+03
 0.18500  1.108256818932503e+03
 0.19000  1.080383662114432e+03
 0.19500  1.053205239759635e+03
 0.20000  1.026704365835175e+03
 0.20500  1.000864277865084e+03
 0.21000  9.756686265110420e+02
 0.21500  9.511014654091235e+02
 0.22000  9.271472412563304e+02
 0.22500  9.037907841407657e+02
 0.23000  8.810172981094719e+02
 0.23500  8.588123519680854e+02
 0.24000  8.371618703066271e+02
 0.24500  8.160521247458579e+02
 0.25000  7.954697253987882e+02
 0.25500  7.754016125420610e+02
 0.26000  7.558350484920419e+02
 0.26500  7.367576096805949e+02
 0.27000  7.181571789256340e+02
 0.27500  7.000219378916704e+02
 0.28000  6.823403597356861e+02
 0.28500  6.651012019337709e+02
 0.29000  6.482934992841001e+02
 0.29500  6.319065570819104e+02
 0.30000  6.159299444622411e+02
 0.30500  6.003534879063395e+02
 0.31000  5.851672649076842e+02
 0.31500  5.703615977937280e+02
 0.32000  5.559270476995180e+02
 0.32500  5.418544086894741e+02
 0.33000  5.281347020236700e+02
 0.33500  5.147591705650869e+02
 0.34000  5.017192733243564e+02
 0.34500  4.890066801386322e+02
 0.35000  4.766132664812760e+02
 0.35500  4.645311083991645e+02
 0.36000  4.527524775744632e+02
 0.36500  4.412698365078250e+02
 0.37000  4.300758338200122e+02
 0.37500  4.191632996690510e+02
 0.38000  4.085252412800668e+02
 0.38500  3.981548385850376e+02
 0.39000  3.880454399697583e+02
 0.39500  3.781905581253908e+02
 0.40000  3.685838660020266e+02
 0.40500  3.592191928617469e+02
 0.41000  3.500905204287484e+02
 0.41500  3.411919791341414e+02
 0.42000  3.325178444530987e+02
 0.42500  3.240625333320776e+02
 0.43000  3.158206007039134e+02
 0.43500  3.077867360886156e+02
 0.44000  2.999557602777668e+02
 0.44500  2.923226221004635e+02
 0.45000  2.848823952688035e+02
 0.45500  2.776302753009556e+02
 0.46000  2.705615765199156e+02
 0.46500  2.636717291260754e+02
 0.47000  2.569562763418069e+02
 0.47500  2.504108716262748e+02
 0.48000  2.440312759587675e+02
 0.48500  2.378133551888489e+02
 0.49000  2.317530774516992e+02
 0.49500  2.258465106470351e+02
 0.50000  2.200898199800530e+02
 0.50500  2.144792655628663e+02
 0.51000  2.090112000749515e+02
 0.51500  2.036820664811524e+02
 0.52000  1.984883958058310e+02
 0.52500  1.934268049617785e+02
 0.53000  1.884939946325476e+02
 0.53500  1.836867472068870e+02
 0.54000  1.790019247640029e+02
 0.54500  1.744364671083935e+02
 0.55000  1.699873898530413e+02
 0.55500  1.656517825497714e+02
 0.56000  1.614268068656214e+02
 0.56500  1.573096948040860e+02
 0.57000  1.532977469701372e+02
 0.57500  1.493883308779424e+02
 0.58000  1.455788793002324e+02
 0.58500  1.418668886582920e+02
 0.59000  1.382499174515798e+02
 0.59500  1.347255847259978e+02
 0.60000  1.312915685798632e+02
 0.60500  1.279456047066563e+02
 0.61000  1.246854849736388e+02
 0.61500  1.215090560354607e+02
 0.62000  1.184142179818973e+02
 0.62500  1.153989230188739e+02
 0.63000  1.124611741819645e+02
 0.63500  1.095990240815612e+02
 0.64000  1.068105736789396e+02
 0.64500  1.040939710924576e+02
 0.65000  1.014474104331482e+02
 0.65500  9.886913066898440e+01
 0.66000  9.635741451710855e+01
 0.66500  9.391058736334129e+01
 0.67000  9.152701620829710e+01
 0.67500  8.920510863945437e+01
 0.68000  8.694331182853971e+01
 0.68500  8.474011155360547e+01
 0.69000  8.259403124519207e+01
 0.69500  8.050363105598424e+01
 0.70000  7.846750695338227e+01
 0.70500  7.648428983442500e+01
 0.71000  7.455264466251504e+01
 0.71500  7.267126962541030e+01
 0.72000  7.083889531395788e+01
 0.72500  6.905428392106133e+01
 0.73000  6.731622846038266e+01
 0.73500  6.562355200429441e+01
 0.74000  6.397510694060765e+01
 0.74500  6.236977424761496e+01
 0.75000  6.080646278699715e+01
 0.75500  5.928410861415443e+01
 0.76000  5.780167430553355e+01
 0.76500  5.635814830253336e+01
 0.77000  5.495254427157972e+01
 0.77500  5.358390047997326e+01
 0.78000  5.225127918712092e+01
 0.78500  5.095376605077406e+01
 0.79000  4.969046954790254e+01
 0.79500  4.846052040984567e+01
 0.80000  4.726307107138839e+01
 0.80500  4.609729513342040e+01
 0.81000  4.496238683884349e+01
 0.81500  4.385756056140153e+01
 0.82000  4.278205030711523e+01
 0.82500  4.173510922801099e+01
 0.83000  4.071600914784201e+01
 0.83500  3.972404009950594e+01
 0.84000  3.875850987387164e+01
 0.84500  3.781874357973420e+01
 0.85000  3.690408321462431e+01
 0.85500  3.601388724620476e+01
 0.86000  3.514753020399372e+01
 0.86500  3.430440228116053e+01
 0.87000  3.348390894614614e+01
 0.87500  3.268547056386621e+01
 0.88000  3.190852202626133e+01
 0.88500  3.115251239196396e+01
 0.89000  3.041690453485795e+01
 0.89500  2.970117480131143e+01
 0.90000  2.900481267586994e+01
 0.90500  2.832732045520119e+01
 0.91000  2.766821293008852e+01
 0.91500  2.702701707527478e+01
 0.92000  2.640327174696346e+01
 0.92500  2.579652738778844e+01
 0.93000  2.520634573906858e+01
 0.93500  2.463229956016764e+01
 0.94000  2.407397235478467e+01
 0.94500  2.353095810400424e+01
 0.95000  2.300286100593994e+01
 0.95500  2.248929522180891e+01
 0.96000  2.198988462827877e+01
 0.96500  2.150426257593292e+01
 0.97000  2.103207165370307e+01
 0.97500  2.057296345912226e+01
 0.98000  2.012659837425500e+01
 0.98500  1.969264534716458e+01
 0.99000  1.927078167878128e+01
 0.99500  1.886069281503843e+01
 1.00000  1.846207214414633e+01
 1.00500  1.807462079887782e+01
 1.01000  1.769804746374175e+01
 1.01500  1.733206818692393e+01
 1.02000  1.697640619687835e+01
 1.02500  1.663079172345369e+01
 1.03000  1.629496182344374e+01
 1.03500  1.596866021045258e+01
 1.04000  1.565163708896793e+01
 1.04500  1.534364899253956e+01
 1.05000  1.504445862596083e+01
 1.05500  1.475383471135546e+01
 1.06000  1.447155183807263e+01
 1.06500  1.419739031629699e+01
 1.07000  1.393113603428167e+01
 1.07500  1.367258031911535e+01
 1.08000  1.342151980093581e+01
 1.08500  1.317775628050544e+01
 1.09000  1.294109660006547e+01
 1.09500  1.271135251738830e+01
 1.10000  1.248834058294893e+01
 1.10500  1.227188202013876e+01
 1.11000  1.206180260844639e+01
 1.11500  1.185793256953271e+01
 1.12000  1.166010645612847e+01
 1.12500  1.146816304368504e+01
 1.13000  1.128194522471017e+01
 1.13500  1.110129990572279e+01
 1.14000  1.092607790676199e+01
 1.14500  1.075613386338740e+01
 1.15000  1.059132613110929e+01
 1.15500  1.043151669218855e+01
 1.16000  1.027657106474816e+01
 1.16500  1.012635821413886e+01
 1.17000  9.980750466503697e+00
 1.17500  9.839623424486858e+00
 1.18000  9.702855885034225e+00
 1.18500  9.570329759233653e+00
 1.19000  9.441929994144946e+00
 1.19500  9.317544496570147e+00
 1.20000  9.197064058716469e+00
 1.20500  9.080382285704935e+00
 1.21000  8.967395524879343e+00
 1.21500  8.858002796870904e+00
 1.22000  8.752105728375408e+00
 1.22500  8.649608486600426e+00
 1.23000  8.550417715341462e+00
 1.23500  8.454442472646694e+00
 1.24000  8.361594170031177e+00
 1.24500  8.271786513202107e+00
 1.25000  8.184935444257947e+00
 1.25500  8.100959085324869e+00
 1.26000  8.019777683595111e+00
 1.26500  7.941313557732517e+00
 1.27000  7.865491045611540e+00
 1.27500  7.792236453356679e+00
 1.28000  7.721478005650298e+00
 1.28500  7.653145797277373e+00
 1.29000  7.587171745876660e+00
 1.29500  7.523489545868447e+00
 1.30000  7.462034623529743e+00
 1.30500  7.402744093188613e+00
 1.31000  7.345556714509907e+00
 1.31500  7.290412850845446e+00
 1.32000  7.237254428622282e+00
 1.32500  7.186024897743422e+00
 1.33000  7.131067933932196e+00
 1.33500  7.085311282140866e+00
 1.34000  7.041410717201460e+00
 1.34500  6.998177693874487e+00
 1.35000  6.957151787300179e+00
 1.35500  6.918788281546774e+00
 1.36000  6.881942533959719e+00
 1.36500  6.845924717560865e+00
 1.37000  6.811431630594809e+00
 1.37500  6.779107328618415e+00
 1.38000  6.747874144178593e+00
 1.38500  6.716770952682627e+00
 1.39000  6.686806728948898e+00
 1.39500  6.659003030387952e+00
 1.40000  6.632739076273945e+00
 1.40500  6.607135099149486e+00
 1.41000  6.581749067114313e+00
 1.41500  6.556958189375810e+00
 1.42000  6.533118723886765e+00
 1.42500  6.510373485206313e+00
 1.43000  6.488622099801433e+00
 1.43500  6.467779023901196e+00
 1.44000  6.447824326302496e+00
 1.44500  6.428759090030712e+00
 1.45000  6.410564724458414e+00
 1.45500  6.393214365791067e+00
 1.46000  6.376670562724614e+00
 1.46500  6.360895866439924e+00
 1.47000  6.345876476944022e+00
 1.47500  6.331600330295010e+00
 1.48000  6.318055664367849e+00
 1.48500  6.305231244487932e+00
 1.49000  6.293117921045002e+00
 1.49500  6.281701851568803e+00
 1.50000  6.270964122494325e+00
 1.50500  6.260886203381687e+00
 1.51000  6.251450057231143e+00
 1.51500  6.242638198934764e+00
 1.52000  6.234433673640026e+00
 1.52500  6.226820030088957e+00
 1.53000  6.219781321874871e+00
 1.53500  6.213301955365269e+00
 1.54000  6.207366960279641e+00
 1.54500  6.201961961182921e+00
 1.55000  6.197072964635597e+00
 1.55500  6.192686230104197e+00
 1.56000  6.188788327866655e+00
 1.56500  6.185366052616268e+00
 1.57000  6.182406508591106e+00
 1.57500  6.179897132130240e+00
 1.58000  6.177824968225360e+00
 1.58500  6.176177342878160e+00
 1.59000  6.174942084064282e+00
 1.59500  6.174107498490060e+00
 1.60000  6.173662349268926e+00
 1.60500  6.173595833498627e+00
 1.61000  6.173897104159241e+00
 1.61500  6.174554521407480e+00
 1.62000  6.175556626729478e+00
 1.62500  6.176892309891113e+00
 1.63000  6.178550787629132e+00
 1.63500  6.180521583325786e+00
 1.64000  6.182794507468362e+00
 1.64500  6.185359594024385e+00
 1.65000  6.188207020327849e+00
 1.65500  6.191327181241890e+00
 1.66000  6.194710637973467e+00
 1.66500  6.198347985087449e+00
 1.67000  6.202229968657958e+00
 1.67500  6.206347532118501e+00
 1.68000  6.210691797102766e+00
 1.68500  6.215254047876989e+00
 1.69000  6.220025729465267e+00
 1.69500  6.224998567867032e+00
 1.70000  6.230164542388431e+00
 1.70500  6.235515821646390e+00
 1.71000  6.241044758615719e+00
 1.71500  6.246743929738381e+00
 1.72000  6.252606121512491e+00
 1.72500  6.258624325752952e+00
 1.73000  6.264791751015732e+00
 1.73500  6.271101815374273e+00
 1.74000  6.277548145844482e+00
 1.74500  6.284124577255435e+00
 1.75000  6.290825146271620e+00
 1.75500  6.297644144823979e+00
 1.76000  6.304575893091819e+00
 1.76500  6.311614038102721e+00
 1.77000  6.318751435607815e+00
 1.77500  6.325981522589397e+00
 1.78000  6.333297870415493e+00
 1.78500  6.340694119478182e+00
 1.79000  6.348163993967137e+00
 1.79500  6.355701296049764e+00
 1.80000  6.363299896433907e+00
 1.80500  6.370953757132030e+00
 1.81000  6.378656876600812e+00
 1.81500  6.386403475395258e+00
 1.82000  6.394189353288634e+00
 1.82500  6.402012262449136e+00
 1.83000  6.409869284335441e+00
 1.83500  6.417757540587181e+00
 1.84000  6.425674235094880e+00
 1.84500  6.433616752497326e+00
 1.85000  6.441582644833828e+00
 1.85500  6.449569657255330e+00
 1.86000  6.457575742634699e+00
 1.86500  6.465598984908446e+00
 1.87000  6.473636636557774e+00
 1.87500  6.481684416659155e+00
 1.88000  6.489738455979915e+00
 1.88500  6.497794740395167e+00
 1.89000  6.505848988757618e+00
 1.89500  6.513896941000164e+00
 1.90000  6.521934463691593e+00
 1.90500  6.529957472552653e+00
 1.91000  6.537962148516532e+00
 1.91500  6.545943177883177e+00
 1.92000  6.553889898423743e+00
 1.92500  6.561793917765014e+00
 1.93000  6.569649197686959e+00
 1.93500  6.577450187168129e+00
 1.94000  6.585193669970668e+00
 1.94500  6.592877173839984e+00
 1.95000  6.600498362949575e+00
 1.95500  6.608054987721577e+00
 1.96000  6.615545242344822e+00
 1.96500  6.622975614892175e+00
 1.97000  6.630360002431350e+00
 1.97500  6.637701899664906e+00
 1.98000  6.645006038754578e+00
 1.98500  6.652276543032701e+00
 1.99000  6.659514964305834e+00
 1.99500  6.666720500472592e+00
 2.00000  6.673892391793283e+00
 2.00500  6.681030173790373e+00
 2.01000  6.688130703636234e+00
 2.01500  6.695175141460081e+00
 2.02000  6.702149289581125e+00
 2.02500  6.709047684722046e+00
 2.03000  6.715864386465507e+00
 2.03500  6.722593506721793e+00
 2.04000  6.729230186066869e+00
 2.04500  6.735772692371044e+00
 2.05000  6.742220295810539e+00
 2.05500  6.748572331607603e+00
 2.06000  6.754830791841564e+00
 2.06500  6.761008203879267e+00
 2.07000  6.767111264618264e+00
 2.07500  6.773142058770527e+00
 2.08000  6.779103165860915e+00
 2.08500  6.784996862859199e+00
 2.09000  6.790825538022168e+00
 2.09500  6.796590665480986e+00
 2.10000  6.802292569560255e+00
 2.10500  6.807931726190017e+00
 2.11000  6.813508766489928e+00
 2.11500  6.819021032667748e+00
 2.12000  6.824462756114428e+00
 2.12500  6.829833207910458e+00
 2.13000  6.835131867553039e+00
 2.13500  6.840358292805711e+00
 2.14000  6.845511894334840e+00
 2.14500  6.850592117291410e+00
 2.15000  6.855598462365752e+00
 2.15500  6.860530906981015e+00
 2.16000  6.865390057682758e+00
 2.16500  6.870176719649437e+00
 2.17000  6.874891556880925e+00
 2.17500  6.879534955810057e+00
 2.18000  6.884107020399840e+00
 2.18500  6.888607839128217e+00
 2.19000  6.893037573949232e+00
 2.19500  6.897396446147988e+00
 2.20000  6.901684737910180e+00
 2.20500  6.905902788316089e+00
 2.21000  6.910050987190622e+00
 2.21500  6.914129779564067e+00
 2.22000  6.918139617669446e+00
 2.22500  6.922080928958339e+00
 2.23000  6.925954349102819e+00
 2.23500  6.929761931236996e+00
 2.24000  6.933505706002712e+00
 2.24500  6.937186830260401e+00
 2.25000  6.940806503266951e+00
 2.25500  6.944365979282456e+00
 2.26000  6.947866501271371e+00
 2.26500  6.951309264163887e+00
 2.27000  6.954695427958374e+00
 2.27500  6.958026118629215e+00
 2.28000  6.961302429927803e+00
 2.28500  6.964525423186386e+00
 2.29000  6.967696129478986e+00
 2.29500  6.970815530457492e+00
 2.30000  6.973884472510932e+00
 2.30500  6.976903355642468e+00
 2.31000  6.979872593966347e+00
 2.31500  6.982792828623325e+00
 2.32000  6.985664720286316e+00
 2.32500  6.988488928769126e+00
 2.33000  6.991266109127891e+00
 2.33500  6.993996913009926e+00
 2.34000  6.996681984946370e+00
 2.34500  6.999321953640218e+00
 2.35000  7.001917415341702e+00
 2.35500  7.004468945065256e+00
 2.36000  7.006977108744986e+00
 2.36500  7.009442474911097e+00
 2.37000  7.011865616707691e+00
 2.37500  7.014247107422179e+00
 2.38000  7.016587571971163e+00
 2.38500  7.018887786391357e+00
 2.39000  7.021148523830014e+00
 2.39500  7.023370512131192e+00
 2.40000  7.025554456718210e+00
 2.40500  7.027701046791019e+00
 2.41000  7.029810948276098e+00
 2.41500  7.031884814794109e+00
 2.42000  7.033923282475977e+00
 2.42500  7.035926977538783e+00
 2.43000  7.037896511492430e+00
 2.43500  7.039832485204129e+00
 2.44000  7.041735486915755e+00
 2.44500  7.043606092940002e+00
 2.45000  7.045444868563672e+00
 2.45500  7.047252368005476e+00
 2.46000  7.049029136461125e+00
 2.46500  7.050775701816096e+00
 2.47000  7.052492601059576e+00
 2.47500  7.054180587882366e+00
 2.48000  7.055840536148795e+00
 2.48500  7.057473140670846e+00
 2.49000  7.059078974893992e+00
 2.49500  7.060658557338019e+00
 2.50000  7.062212366798824e+00
 2.50500  7.063740880863664e+00
 2.51000  7.065244576523114e+00
 2.51500  7.066723918447062e+00
 2.52000  7.068179354835354e+00
 2.52500  7.069611326434154e+00
 2.53000  7.071020260868474e+00
 2.53500  7.072406580159307e+00
 2.54000  7.073770691930852e+00
 2.54500  7.075112998651214e+00
 2.55000  7.076433890091805e+00
 2.55500  7.077733749516399e+00
 2.56000  7.079012951336074e+00
 2.56500  7.080271861304287e+00
 2.57000  7.081510838499857e+00
 2.57500  7.082730228415345e+00
 2.58000  7.083930394690816e+00
 2.58500  7.085111841444092e+00
 2.59000  7.086275128909842e+00
 2.59500  7.087420737064845e+00
 2.60000  7.088549046100494e+00
 2.60500  7.089660415674941e+00
 2.61000  7.090755145330156e+00
 2.61500  7.091833517081726e+00
 2.62000  7.092895814144274e+00
 2.62500  7.093942321114504e+00
 2.63000  7.094973319228676e+00
 2.63500  7.095989078538667e+00
 2.64000  7.096989864511004e+00
 2.64500  7.097975937775363e+00
 2.65000  7.098947552563525e+00
 2.65500  7.099904960555793e+00
 2.66000  7.100848407084751e+00
 2.66500  7.101778133154564e+00
 2.67000  7.102694376613667e+00
 2.67500  7.103597368658814e+00
 2.68000  7.104487337577601e+00
 2.68500  7.105364507119383e+00
 2.69000  7.106229094708085e+00
 2.69500  7.107081315331931e+00
 2.70000  7.107921378469549e+00
 2.70500  7.108749488355405e+00
 2.71000  7.109565849876995e+00
 2.71500  7.110370693591041e+00
 2.72000  7.111164264647676e+00
 2.72500  7.111946803972360e+00
 2.73000  7.112718531180738e+00
 2.73500  7.113479655588567e+00
 2.74000  7.114230382061836e+00
 2.74500  7.114970898164954e+00
 2.75000  7.115701383909308e+00
 2.75500  7.116422017081785e+00
 2.76000  7.117132971607268e+00
 2.76500  7.117834418816076e+00
 2.77000  7.118526527643411e+00
 2.77500  7.119209461540158e+00
 2.78000  7.119883380566341e+00
 2.78500  7.120548442588403e+00
 2.79000  7.121204800424052e+00
 2.79500  7.121852603219742e+00
 2.80000  7.122491998128927e+00
 2.80500  7.123123128267150e+00
 2.81000  7.123746132971863e+00
 2.81500  7.124361149656340e+00
 2.82000  7.124968312582123e+00
 2.82500  7.125567752077258e+00
 2.83000  7.126159596465583e+00
 2.83500  7.126743971765458e+00
 2.84000  7.127321000410084e+00
 2.84500  7.127890802644973e+00
 2.85000  7.128453496774938e+00
 2.85500  7.129009197598720e+00
 2.86000  7.129558017106564e+00
 2.86500  7.130100065616091e+00
 2.87000  7.130635459711668e+00
 2.87500  7.131164328461144e+00
 2.88000  7.131686800733720e+00
 2.88500  7.132203001963441e+00
 2.89000  7.132713043193283e+00
 2.89500  7.133217028291577e+00
 2.90000  7.133715059395143e+00
 2.90500  7.134207231807140e+00
 2.91000  7.134693629863751e+00
 2.91500  7.135174335279291e+00
 2.92000  7.135649428462171e+00
 2.92500  7.136118991852664e+00
 2.93000  7.136583108555516e+00
 2.93500  7.137041860127079e+00
 2.94000  7.137495326249206e+00
 2.94500  7.137943583895293e+00
 2.95000  7.138386708222409e+00
 2.95500  7.138824772894801e+00
 2.96000  7.139257853289732e+00
 2.96500  7.139686028885876e+00
 2.97000  7.140109378246882e+00
 2.97500  7.140527977842627e+00
 2.98000  7.140941887823050e+00
 2.98500  7.141351151846310e+00
 2.99000  7.141755811424271e+00
 2.99500  7.142155911429370e+00
 3.00000  7.142551559355341e+00
 3.00500  7.142942906838201e+00
 3.01000  7.143330105271207e+00
 3.01500  7.143713689320307e+00
 3.02000  7.144093616247056e+00
 3.02500  7.144469770168754e+00
 3.03000  7.144842187806408e+00
 3.03500  7.145210905539002e+00
 3.04000  7.145575959406357e+00
 3.04500  7.145937385111984e+00
 3.05000  7.146295218025905e+00
 3.05500  7.146649493187476e+00
 3.06000  7.147000245308173e+00
 3.06500  7.147347508774379e+00
 3.07000  7.147691317650137e+00
 3.07500  7.148031705679900e+00
 3.08000  7.148368706291254e+00
 3.08500  7.148702352597631e+00
 3.09000  7.149032677400995e+00
 3.09500  7.149359713194521e+00
 3.10000  7.149683492165252e+00
 3.10500  7.150004046196738e+00
 3.11000  7.150321406871654e+00
 3.11500  7.150635605474410e+00
 3.12000  7.150946672993737e+00
 3.12500  7.151254640125255e+00
 3.13000  7.151559537274024e+00
 3.13500  7.151861394557085e+00
 3.14000  7.152160241805970e+00
 3.14500  7.152456108569204e+00
 3.15000  7.152749024114789e+00
 3.15500  7.153039017432671e+00
 3.16000  7.153326117237178e+00
 3.16500  7.153610351969462e+00
 3.17000  7.153891749799905e+00
 3.17500  7.154170338630514e+00
 3.18000  7.154446146097304e+00
 3.18500  7.154719199572654e+00
 3.19000  7.154989526167652e+00
 3.19500  7.155257152734426e+00
 3.20000  7.155522105868446e+00
 3.20500  7.155784411910822e+00
 3.21000  7.156044096950575e+00
 3.21500  7.156301186826902e+00
 3.22000  7.156555707131408e+00
 3.22500  7.156807683210338e+00
 3.23000  7.157057140166781e+00
 3.23500  7.157304102862865e+00
 3.24000  7.157548595921922e+00
 3.24500  7.157790643730658e+00
 3.25000  7.158030270441280e+00
 3.25500  7.158267499973634e+00
 3.26000  7.158502356017304e+00
 3.26500  7.158734862033705e+00
 3.27000  7.158965041258158e+00
 3.27500  7.159192916701953e+00
 3.28000  7.159418511154385e+00
 3.28500  7.159641847184784e+00
 3.29000  7.159862947144528e+00
 3.29500  7.160081833169029e+00
 3.30000  7.160298527179722e+00
 3.30500  7.160513050886019e+00
 3.31000  7.160725425787263e+00
 3.31500  7.160935673174650e+00
 3.32000  7.161143814133156e+00
 3.32500  7.161349869543426e+00
 3.33000  7.161553860083668e+00
 3.33500  7.161755806231516e+00
 3.34000  7.161955728265884e+00
 3.34500  7.162153646268809e+00
 3.35000  7.162349580127272e+00
 3.35500  7.162543549535005e+00
 3.36000  7.162735573994288e+00
 3.36500  7.162925672817725e+00
 3.37000  7.163113865130005e+00
 3.37500  7.163300169869662e+00
 3.38000  7.163484605790798e+00
 3.38500  7.163667191464808e+00
 3.39000  7.163847945282086e+00
 3.39500  7.164026885453715e+00
 3.40000  7.164204030013143e+00
 3.40500  7.164379396817847e+00
 3.41000  7.164553003550986e+00
 3.41500  7.164724867723024e+00
 3.42000  7.164895006673364e+00
 3.42500  7.165063437571945e+00
 3.43000  7.165230177420842e+00
 3.43500  7.165395243055840e+00
 3.44000  7.165558651148002e+00
 3.44500  7.165720418205225e+00
 3.45000  7.165880560573770e+00
 3.45500  7.166039094439799e+00
 3.46000  7.166196035830878e+00
 3.46500  7.166351400617484e+00
 3.47000  7.166505204514483e+00
 3.47500  7.166657463082609e+00
 3.48000  7.166808191729924e+00
 3.48500  7.166957405713268e+00
 3.49000  7.167105120139687e+00
 3.49500  7.167251349967859e+00
 3.50000  7.167396110009507e+00
 3.50500  7.167539414930795e+00
 3.51000  7.167681279253707e+00
 3.51500  7.167821717357432e+00
 3.52000  7.167960743479710e+00
 3.52500  7.168098371718196e+00
 3.53000  7.168234616031786e+00
 3.53500  7.168369490241943e+00
 3.54000  7.168503008034016e+00
 3.54500  7.168635182958538e+00
 3.55000  7.168766028432510e+00
 3.55500  7.168895557740691e+00
 3.56000  7.169023784036853e+00
 3.56500  7.169150720345044e+00
 3.57000  7.169276379560830e+00
 3.57500  7.169400774452525e+00
 3.58000  7.169523917662418e+00
 3.58500  7.169645821707978e+00
 3.59000  7.169766498983059e+00
 3.59500  7.169885961759086e+00
 3.60000  7.170004222186230e+00
 3.60500  7.170121292294587e+00
 3.61000  7.170237183995319e+00
 3.61500  7.170351909081812e+00
 3.62000  7.170465479230808e+00
 3.62500  7.170577906003528e+00
 3.63000  7.170689200846794e+00
 3.63500  7.170799375094125e+00
 3.64000  7.170908439966841e+00
 3.64500  7.171016406575143e+00
 3.65000  7.171123285919183e+00
 3.65500  7.171229088890142e+00
 3.66000  7.171333826271273e+00
 3.66500  7.171437508738954e+00
 3.67000  7.171540146863720e+00
 3.67500  7.171641751111287e+00
 3.68000  7.171742331843580e+00
 3.68500  7.171841899319728e+00
 3.69000  7.171940463697066e+00
 3.69500  7.172038035032127e+00
 3.70000  7.172134623281620e+00
 3.70500  7.172230238303399e+00
 3.71000  7.172324889857426e+00
 3.71500  7.172418587606721e+00
 3.72000  7.172511341118313e+00
 3.72500  7.172603159864168e+00
 3.73000  7.172694053222115e+00
 3.73500  7.172784030476770e+00
 3.74000  7.172873100820436e+00
 3.74500  7.172961273354015e+00
 3.75000  7.173048557087888e+00
 3.75500  7.173134960942808e+00
 3.76000  7.173220493750770e+00
 3.76500  7.173305164255880e+00
 3.77000  7.173388981115213e+00
 3.77500  7.173471952899670e+00
 3.78000  7.173554088094811e+00
 3.78500  7.173635395101694e+00
 3.79000  7.173715882237711e+00
 3.79500  7.173795557737392e+00
 3.80000  7.173874429753226e+00
 3.80500  7.173952506356467e+00
 3.81000  7.174029795537922e+00
 3.81500  7.174106305208746e+00
 3.82000  7.174182043201223e+00
 3.82500  7.174257017269538e+00
 3.83000  7.174331235090543e+00
 3.83500  7.174404704264520e+00
 3.84000  7.174477432315927e+00
 3.84500  7.174549426694154e+00
 3.85000  7.174620694774244e+00
 3.85500  7.174691243857642e+00
 3.86000  7.174761081172905e+00
 3.86500  7.174830213876427e+00
 3.87000  7.174898649053143e+00
 3.87500  7.174966393717242e+00
 3.88000  7.175033454812852e+00
 3.88500  7.175099839214739e+00
 3.89000  7.175165553728984e+00
 3.89500  7.175230605093665e+00
 3.90000  7.175294999979526e+00
 3.90500  7.175358744990636e+00
 3.91000  7.175421846665055e+00
 3.91500  7.175484311475481e+00
 3.92000  7.175546145829890e+00
 3.92500  7.175607356072189e+00
 3.93000  7.175667948482829e+00
 3.93500  7.175727929279450e+00
 3.94000  7.175787304617492e+00
 3.94500  7.175846080590808e+00
 3.95000  7.175904263232282e+00
 3.95500  7.175961858514422e+00
 3.96000  7.176018872349963e+00
 3.96500  7.176075310592453e+00
 3.97000  7.176131179036847e+00
 3.97500  7.176186483420078e+00
 3.98000  7.176241229421635e+00
 3.98500  7.176295422664134e+00
 3.99000  7.176349068713879e+00
 3.99500  7.176402173081417e+00
 4.00000  7.176454741222097e+00
 4.00500  7.176506778536610e+00
 4.01000  7.176558290371537e+00
 4.01500  7.176609282019880e+00
 4.02000  7.176659758721599e+00
 4.02500  7.176709725664130e+00
 4.03000  7.176759187982920e+00
 4.03500  7.176808150761921e+00
 4.04000  7.176856619034126e+00
 4.04500  7.176904597782058e+00
 4.05000  7.176952091938276e+00
 4.05500  7.176999106385870e+00
 4.06000  7.177045645958957e+00
 4.06500  7.177091715443162e+00
 4.07000  7.177137319576103e+00
 4.07500  7.177182463047867e+00
 4.08000  7.177227150501481e+00
 4.08500  7.177271386533385e+00
 4.09000  7.177315175693890e+00
 4.09500  7.177358522487637e+00
 4.10000  7.177401431374056e+00
 4.10500  7.177443906767812e+00
 4.11000  7.177485953039250e+00
 4.11500  7.177527574514841e+00
 4.12000  7.177568775477612e+00
 4.12500  7.177609560167582e+00
 4.13000  7.177649932782193e+00
 4.13500  7.177689897476728e+00
 4.14000  7.177729458364736e+00
 4.14500  7.177768619518447e+00
 4.15000  7.177807384969182e+00
 4.15500  7.177845758707762e+00
 4.16000  7.177883744684909e+00
 4.16500  7.177921346811652e+00
 4.17000  7.177958568959717e+00
 4.17500  7.177995414961920e+00
 4.18000  7.178031888612560e+00
 4.18500  7.178067993667795e+00
 4.19000  7.178103733846028e+00
 4.19500  7.178139112828285e+00
 4.20000  7.178174134258584e+00
 4.20500  7.178208801744305e+00
 4.21000  7.178243118856561e+00
 4.21500  7.178277089130553e+00
 4.22000  7.178310716065932e+00
 4.22500  7.178344003127155e+00
 4.23000  7.178376953743835e+00
 4.23500  7.178409571311088e+00
 4.24000  7.178441859189883e+00
 4.24500  7.178473820707377e+00
 4.25000  7.178505459157256e+00
 4.25500  7.178536777800067e+00
 4.26000  7.178567779863556e+00
 4.26500  7.178598468542987e+00
 4.27000  7.178628847001475e+00
 4.27500  7.178658918370301e+00
 4.28000  7.178688685749233e+00
 4.28500  7.178718152206844e+00
 4.29000  7.178747320780818e+00
 4.29500  7.178776194478266e+00
 4.30000  7.178804776276028e+00
 4.30500  7.178833069120974e+00
 4.31000  7.178861075930310e+00
 4.31500  7.178888799591868e+00
 4.32000  7.178916242964407e+00
 4.32500  7.178943408877899e+00
 4.33000  7.178970300133819e+00
 4.33500  7.178996919505431e+00
 4.34000  7.179023269738069e+00
 4.34500  7.179049353549420e+00
 4.35000  7.179075173629798e+00
 4.35500  7.179100732642416e+00
 4.36000  7.179126033223667e+00
 4.36500  7.179151077983380e+00
 4.37000  7.179175869505097e+00
 4.37500  7.179200410346331e+00
 4.38000  7.179224703038828e+00
 4.38500  7.179248750088823e+00
 4.39000  7.179272553977306e+00
 4.39500  7.179296117160259e+00
 4.40000  7.179319442068920e+00
 4.40500  7.179342531110025e+00
 4.41000  7.179365386666056e+00
 4.41500  7.179388011095483e+00
 4.42000  7.179410406733006e+00
 4.42500  7.179432575889793e+00
 4.43000  7.179454520853716e+00
 4.43500  7.179476243889585e+00
 4.44000  7.179497747239379e+00
 4.44500  7.179519033122476e+00
 4.45000  7.179540103735880e+00
 4.45500  7.179560961254445e+00
 4.46000  7.179581607831095e+00
 4.46500  7.179602045597052e+00
 4.47000  7.179622276662042e+00
 4.47500  7.179642303114523e+00
 4.48000  7.179662127021890e+00
 4.48500  7.179681750430691e+00
 4.49000  7.179701175366835e+00
 4.49500  7.179720403835798e+00
 4.50000  7.179739437822832e+00
 4.50500  7.179758279293163e+00
 4.51000  7.179776930192198e+00
 4.51500  7.179795392445721e+00
 4.52000  7.179813667960087e+00
 4.52500  7.179831758622425e+00
 4.53000  7.179849666300824e+00
 4.53500  7.179867392844530e+00
 4.54000  7.179884940084131e+00
 4.54500  7.179902309831747e+00
 4.55000  7.179919503881214e+00
 4.55500  7.179936524008271e+00
 4.56000  7.179953371970739e+00
 4.56500  7.179970049508700e+00
 4.57000  7.179986558344682e+00
 4.57500  7.180002900183826e+00
 4.58000  7.180019076714070e+00
 4.58500  7.180035089606315e+00
 4.59000  7.180050940514602e+00
 4.59500  7.180066631076276e+00
 4.60000  7.180082162912160e+00
 4.60500  7.180097537626716e+00
 4.61000  7.180112756808213e+00
 4.61500  7.180127822028887e+00
 4.62000  7.180142734845108e+00
 4.62500  7.180157496797531e+00
 4.63000  7.180172109411264e+00
 4.63500  7.180186574196013e+00
 4.64000  7.180200892646250e+00
 4.64500  7.180215066241356e+00
 4.65000  7.180229096445777e+00
 4.65500  7.180242984709176e+00
 4.66000  7.180256732466578e+00
 4.66500  7.180270341138521e+00
 4.67000  7.180283812131199e+00
 4.67500  7.180297146836608e+00
 4.68000  7.180310346632688e+00
 4.68500  7.180323412883467e+00
 4.69000  7.180336346939199e+00
 4.69500  7.180349150136499e+00
 4.70000  7.180361823798490e+00
 4.70500  7.180374369234931e+00
 4.71000  7.180386787742354e+00
 4.71500  7.180399080604196e+00
 4.72000  7.180411249090934e+00
 4.72500  7.180423294460213e+00
 4.73000  7.180435217956976e+00
 4.73500  7.180447020813593e+00
 4.74000  7.180458704249983e+00
 4.74500  7.180470269473748e+00
 4.75000  7.180481717680289e+00
 4.75500  7.180493050052934e+00
 4.76000  7.180504267763058e+00
 4.76500  7.180515371970200e+00
 4.77000  7.180526363822191e+00
 4.77500  7.180537244455262e+00
 4.78000  7.180548014994167e+00
 4.78500  7.180558676552301e+00
 4.79000  7.180569230231806e+00
 4.79500  7.180579677123691e+00
 4.80000  7.180590018307941e+00
 4.80500  7.180600254853636e+00
 4.81000  7.180610387819045e+00
 4.81500  7.180620418251753e+00
 4.82000  7.180630347188753e+00
 4.82500  7.180640175656568e+00
 4.83000  7.180649904671344e+00
 4.83500  7.180659535238958e+00
 4.84000  7.180669068355129e+00
 4.84500  7.180678505005507e+00
 4.85000  7.180687846165790e+00
 4.85500  7.180697092801807e+00
 4.86000  7.180706245869635e+00
 4.86500  7.180715306315686e+00
 4.87000  7.180724275076809e+00
 4.87500  7.180733153080383e+00
 4.88000  7.180741941244417e+00
 4.88500  7.180750640477641e+00
 4.89000  7.180759251679602e+00
 4.89500  7.180767775740755e+00
 4.90000  7.180776213542554e+00
 4.90500  7.180784565957548e+00
 4.91000  7.180792833849463e+00
 4.91500  7.180801018073297e+00
 4.92000  7.180809119475405e+00
 4.92500  7.180817138893589e+00
 4.93000  7.180825077157182e+00
 4.93500  7.180832935087133e+00
 4.94000  7.180840713496093e+00
 4.94500  7.180848413188500e+00
 4.95000  7.180856034960660e+00
 4.95500  7.180863579600827e+00
 4.96000  7.180871047889291e+00
 4.96500  7.180878440598450e+00
 4.97000  7.180885758492895e+00
 4.97500  7.180893002329490e+00
 4.98000  7.180900172857444e+00
 4.98500  7.180907270818396e+00
 4.99000  7.180914296946481e+00
 4.99500  7.180921251968419e+00
 5.00000  7.180928136603579e+00
 5.00500  7.180934951564057e+00
 5.01000  7.180941697554752e+00
 5.01500  7.180948375273433e+00
 5.02000  7.180954985410817e+00
 5.02500  7.180961528650637e+00
 5.03000  7.180968005669711e+00
 5.03500  7.180974417138017e+00
 5.04000  7.180980763718755e+00
 5.04500  7.180987046068421e+00
 5.05000  7.180993264836876e+00
 5.05500  7.180999420667405e+00
 5.06000  7.181005514196791e+00
 5.06500  7.181011546055378e+00
 5.07000  7.181017516867136e+00
 5.07500  7.181023427249725e+00
 5.08000  7.181029277814560e+00
 5.08500  7.181035069166872e+00
 5.09000  7.181040801905775e+00
 5.09500  7.181046476624320e+00
 5.10000  7.181052093909563e+00
 5.10500  7.181057654342625e+00
 5.11000  7.181063158498747e+00
 5.11500  7.181068606947354e+00
 5.12000  7.181074000252115e+00
 5.12500  7.181079338970995e+00
 5.13000  7.181084623656318e+00
 5.13500  7.181089854854822e+00
 5.14000  7.181095033107715e+00
 5.14500  7.181100158950732e+00
 5.15000  7.181105232914191e+00
 5.15500  7.181110255523044e+00
 5.16000  7.181115227296936e+00
 5.16500  7.181120148750256e+00
 5.17000  7.181125020392187e+00
 5.17500  7.181129842726770e+00
 5.18000  7.181134616252939e+00
 5.18500  7.181139341464590e+00
 5.19000  7.181144018850615e+00
 5.19500  7.181148648894969e+00
 5.20000  7.181153232076706e+00
 5.20500  7.181157768870039e+00
 5.21000  7.181162259744381e+00
 5.21500  7.181166705164401e+00
 5.22000  7.181171105590063e+00
 5.22500  7.181175461476682e+00
 5.23000  7.181179773274967e+00
 5.23500  7.181184041431067e+00
 5.24000  7.181188266386616e+00
 5.24500  7.181192448578789e+00
 5.25000  7.181196588440327e+00
 5.25500  7.181200686399604e+00
 5.26000  7.181204742880654e+00
 5.26500  7.181208758303226e+00
 5.27000  7.181212733082818e+00
 5.27500  7.181216667630730e+00
 5.28000  7.181220562354100e+00
 5.28500  7.181224417655944e+00
 5.29000  7.181228233935205e+00
 5.29500  7.181232011586789e+00
 5.30000  7.181235751001606e+00
 5.30500  7.181239452566614e+00
 5.31000  7.181243116664853e+00
 5.31500  7.181246743675491e+00
 5.32000  7.181250333973858e+00
 5.32500  7.181253887931489e+00
 5.33000  7.181257405916157e+00
 5.33500  7.181260888291918e+00
 5.34000  7.181264335419145e+00
 5.34500  7.181267747654560e+00
 5.35000  7.181271125351281e+00
 5.35500  7.181274468858853e+00
 5.36000  7.181277778523284e+00
 5.36500  7.181281054687079e+00
 5.37000  7.181284297689282e+00
 5.37500  7.181287507865503e+00
 5.38000  7.181290685547960e+00
 5.38500  7.181293831065508e+00
 5.39000  7.181296944743673e+00
 5.39500  7.181300026904691e+00
 5.40000  7.181303077867535e+00
 5.40500  7.181306097947952e+00
 5.41000  7.181309087458496e+00
 5.41500  7.181312046708554e+00
 5.42000  7.181314976004389e+00
 5.42500  7.181317875649158e+00
 5.43000  7.181320745942957e+00
 5.43500  7.181323587182843e+00
 5.44000  7.181326399662867e+00
 5.44500  7.181329183674104e+00
 5.45000  7.181331939504686e+00
 5.45500  7.181334667439830e+00
 5.46000  7.181337367761864e+00
 5.46500  7.181340040750261e+00
 5.47000  7.181342686681668e+00
 5.47500  7.181345305829930e+00
 5.48000  7.181347898466122e+00
 5.48500  7.181350464858575e+00
 5.49000  7.181353005272907e+00
 5.49500  7.181355519972049e+00
 5.50000  7.181358009216269e+00
 5.50500  7.181360473263201e+00
 5.51000  7.181362912367874e+00
 5.51500  7.181365326782736e+00
 5.52000  7.181367716757680e+00
 5.52500  7.181370082540071e+00
 5.53000  7.181372424374770e+00
 5.53500  7.181374742504160e+00
 5.54000  7.181377037168174e+00
 5.54500  7.181379308604313e+00
 5.55000  7.181381557047678e+00
 5.55500  7.181383782730990e+00
 5.56000  7.181385985884614e+00
 5.56500  7.181388166736584e+00
 5.57000  7.181390325512628e+00
 5.57500  7.181392462436189e+00
 5.58000  7.181394577728448e+00
 5.58500  7.181396671608349e+00
 5.59000  7.181398744292619e+00
 5.59500  7.181400795995795e+00
 5.60000  7.181402826930237e+00
 5.60500  7.181404837306163e+00
 5.61000  7.181406827331658e+00
 5.61500  7.181408797212705e+00
 5.62000  7.181410747153199e+00
 5.62500  7.181412677354976e+00
 5.63000  7.181414588017826e+00
 5.63500  7.181416479339517e+00
 5.64000  7.181418351515819e+00
 5.64500  7.181420204740517e+00
 5.65000  7.181422039205438e+00
 5.65500  7.181423855100465e+00
 5.66000  7.181425652613560e+00
 5.66500  7.181427431930784e+00
 5.67000  7.181429193236315e+00
 5.67500  7.181430936712466e+00
 5.68000  7.181432662539706e+00
 5.68500  7.181434370896675e+00
 5.69000  7.181436061960211e+00
 5.69500  7.181437735905354e+00
 5.70000  7.181439392905380e+00
 5.70500  7.181441033131808e+00
 5.71000  7.181442656754420e+00
 5.71500  7.181444263941283e+00
 5.72000  7.181445854858760e+00
 5.72500  7.181447429671532e+00
 5.73000  7.181448988542614e+00
 5.73500  7.181450531633370e+00
 5.74000  7.181452059103530e+00
 5.74500  7.181453571111209e+00
 5.75000  7.181455067812920e+00
 5.75500  7.181456549363596e+00
 5.76000  7.181458015916597e+00
 5.76500  7.181459467623735e+00
 5.77000  7.181460904635281e+00
 5.77500  7.181462327099990e+00
 5.78000  7.181463735165108e+00
 5.78500  7.181465128976392e+00
 5.79000  7.181466508678124e+00
 5.79500  7.181467874413126e+00
 5.80000  7.181469226322774e+00
 5.80500  7.181470564547012e+00
 5.81000  7.181471889224370e+00
 5.81500  7.181473200491974e+00
 5.82000  7.181474498485562e+00
 5.82500  7.181475783339501e+00
 5.83000  7.181477055186794e+00
 5.83500  7.181478314159101e+00
 5.84000  7.181479560386748e+00
 5.84500  7.181480793998742e+00
 5.85000  7.181482015122786e+00
 5.85500  7.181483223885287e+00
 5.86000  7.181484420411377e+00
 5.86500  7.181485604824917e+00
 5.87000  7.181486777248518e+00
 5.87500  7.181487937803547e+00
 5.88000  7.181489086610144e+00
 5.88500  7.181490223787235e+00
 5.89000  7.181491349452539e+00
 5.89500  7.181492463722587e+00
 5.90000  7.181493566712725e+00
 5.90500  7.181494658537138e+00
 5.91000  7.181495739308851e+00
 5.91500  7.181496809139746e+00
 5.92000  7.181497868140573e+00
 5.92500  7.181498916420963e+00
 5.93000  7.181499954089431e+00
 5.93500  7.181500981253401e+00
 5.94000  7.181501998019206e+00
 5.94500  7.181503004492104e+00
 5.95000  7.181504000776285e+00
 5.95500  7.181504986974888e+00
 5.96000  7.181505963190006e+00
 5.96500  7.181506929522699e+00
 5.97000  7.181507886073004e+00
 5.97500  7.181508832939946e+00
 5.98000  7.181509770221546e+00
 5.98500  7.181510698014836e+00
 5.99000  7.181511616415862e+00
 5.99500  7.181512525519703e+00
 6.00000  7.181513425420468e+00
 6.00500  7.181514316211322e+00
 6.01000  7.181515197984480e+00
 6.01500  7.181516070831226e+00
 6.02000  7.181516934841925e+00
 6.02500  7.181517790106018e+00
 6.03000  7.181518636712048e+00
 6.03500  7.181519474747659e+00
 6.04000  7.181520304299607e+00
 6.04500  7.181521125453772e+00
 6.05000  7.181521938295163e+00
 6.05500  7.181522742907930e+00
 6.06000  7.181523539375371e+00
 6.06500  7.181524327779939e+00
 6.07000  7.181525108203254e+00
 6.07500  7.181525880726109e+00
 6.08000  7.181526645428481e+00
 6.08500  7.181527402389536e+00
 6.09000  7.181528151687639e+00
 6.09500  7.181528893400360e+00
 6.10000  7.181529627604488e+00
 6.10500  7.181530354376029e+00
 6.11000  7.181531073790226e+00
 6.11500  7.181531785921555e+00
 6.12000  7.181532490843742e+00
 6.12500  7.181533188629764e+00
 6.13000  7.181533879351861e+00
 6.13500  7.181534563081540e+00
 6.14000  7.181535239889587e+00
 6.14500  7.181535909846067e+00
 6.15000  7.181536573020342e+00
 6.15500  7.181537229481067e+00
 6.16000  7.181537879296203e+00
 6.16500  7.181538522533024e+00
 6.17000  7.181539159258123e+00
 6.17500  7.181539789537418e+00
 6.18000  7.181540413436160e+00
 6.18500  7.181541031018940e+00
 6.19000  7.181541642349696e+00
 6.19500  7.181542247491717e+00
 6.20000  7.181542846507652e+00
 6.20500  7.181543439459515e+00
 6.21000  7.181544026408694e+00
 6.21500  7.181544607415955e+00
 6.22000  7.181545182541450e+00
 6.22500  7.181545751844720e+00
 6.23000  7.181546315384701e+00
 6.23500  7.181546873219739e+00
 6.24000  7.181547425407586e+00
 6.24500  7.181547972005407e+00
 6.25000  7.181548513069793e+00
 6.25500  7.181549048656757e+00
 6.26000  7.181549578821751e+00
 6.26500  7.181550103619659e+00
 6.27000  7.181550623104817e+00
 6.27500  7.181551137331004e+00
 6.28000  7.181551646351458e+00
 6.28500  7.181552150218878e+00
 6.29000  7.181552648985429e+00
 6.29500  7.181553142702747e+00
 6.30000  7.181553631421948e+00
 6.30500  7.181554115193629e+00
 6.31000  7.181554594067873e+00
 6.31500  7.181555068094259e+00
 6.32000  7.181555537321863e+00
 6.32500  7.181556001799264e+00
 6.33000  7.181556461574550e+00
 6.33500  7.181556916695320e+00
 6.34000  7.181557367208693e+00
 6.34500  7.181557813161312e+00
 6.35000  7.181558254599346e+00
 6.35500  7.181558691568497e+00
 6.36000  7.181559124114006e+00
 6.36500  7.181559552280653e+00
 6.37000  7.181559976112767e+00
 6.37500  7.181560395654227e+00
 6.38000  7.181560810948469e+00
 6.38500  7.181561222038488e+00
 6.39000  7.181561628966847e+00
 6.39500  7.181562031775673e+00
 6.40000  7.181562430506672e+00
 6.40500  7.181562825201120e+00
 6.41000  7.181563215899885e+00
 6.41500  7.181563602643415e+00
 6.42000  7.181563985471750e+00
 6.42500  7.181564364424524e+00
 6.43000  7.181564739540971e+00
 6.43500  7.181565110859927e+00
 6.44000  7.181565478419836e+00
 6.44500  7.181565842258752e+00
 6.45000  7.181566202414343e+00
 6.45500  7.181566558923898e+00
 6.46000  7.181566911824325e+00
 6.46500  7.181567261152162e+00
 6.47000  7.181567606943575e+00
 6.47500  7.181567949234364e+00
 6.48000  7.181568288059967e+00
 6.48500  7.181568623455465e+00
 6.49000  7.181568955455580e+00
 6.49500  7.181569284094685e+00
 6.50000  7.181569609406806e+00
 6.50500  7.181569931425622e+00
 6.51000  7.181570250184473e+00
 6.51500  7.181570565716362e+00
 6.52000  7.181570878053954e+00
 6.52500  7.181571187229587e+00
 6.53000  7.181571493275272e+00
 6.53500  7.181571796222694e+00
 6.54000  7.181572096103217e+00
 6.54500  7.181572392947889e+00
 6.55000  7.181572686787445e+00
 6.55500  7.181572977652303e+00
 6.56000  7.181573265572580e+00
 6.56500  7.181573550578084e+00
 6.57000  7.181573832698324e+00
 6.57500  7.181574111962506e+00
 6.58000  7.181574388399546e+00
 6.58500  7.181574662038062e+00
 6.59000  7.181574932906385e+00
 6.59500  7.181575201032561e+00
 6.60000  7.181575466444347e+00
 6.60500  7.181575729169223e+00
 6.61000  7.181575989234390e+00
 6.61500  7.181576246666774e+00
 6.62000  7.181576501493026e+00
 6.62500  7.181576753739531e+00
 6.63000  7.181577003432403e+00
 6.63500  7.181577250597495e+00
 6.64000  7.181577495260395e+00
 6.64500  7.181577737446436e+00
 6.65000  7.181577977180691e+00
 6.65500  7.181578214487981e+00
 6.66000  7.181578449392876e+00
 6.66500  7.181578681919694e+00
 6.67000  7.181578912092513e+00
 6.67500  7.181579139935161e+00
 6.68000  7.181579365471227e+00
 6.68500  7.181579588724063e+00
 6.69000  7.181579809716784e+00
 6.69500  7.181580028472268e+00
 6.70000  7.181580245013165e+00
 6.70500  7.181580459361894e+00
 6.71000  7.181580671540646e+00
 6.71500  7.181580881571391e+00
 6.72000  7.181581089475872e+00
 6.72500  7.181581295275617e+00
 6.73000  7.181581498991932e+00
 6.73500  7.181581700645908e+00
 6.74000  7.181581900258422e+00
 6.74500  7.181582097850143e+00
 6.75000  7.181582293441527e+00
 6.75500  7.181582487052825e+00
 6.76000  7.181582678704082e+00
 6.76500  7.181582868415142e+00
 6.77000  7.181583056205644e+00
 6.77500  7.181583242095033e+00
 6.78000  7.181583426102553e+00
 6.78500  7.181583608247257e+00
 6.79000  7.181583788548001e+00
 6.79500  7.181583967023455e+00
 6.80000  7.181584143692095e+00
 6.80500  7.181584318572214e+00
 6.81000  7.181584491681916e+00
 6.81500  7.181584663039127e+00
 6.82000  7.181584832661586e+00
 6.82500  7.181585000566854e+00
 6.83000  7.181585166772318e+00
 6.83500  7.181585331295183e+00
 6.84000  7.181585494152485e+00
 6.84500  7.181585655361086e+00
 6.85000  7.181585814937673e+00
 6.85500  7.181585972898771e+00
 6.86000  7.181586129260733e+00
 6.86500  7.181586284039748e+00
 6.87000  7.181586437251842e+00
 6.87500  7.181586588912877e+00
 6.88000  7.181586739038555e+00
 6.88500  7.181586887644419e+00
 6.89000  7.181587034745856e+00
 6.89500  7.181587180358095e+00
 6.90000  7.181587324496213e+00
 6.90500  7.181587467175133e+00
 6.91000  7.181587608409627e+00
 6.91500  7.181587748214318e+00
 6.92000  7.181587886603679e+00
 6.92500  7.181588023592042e+00
 6.93000  7.181588159193585e+00
 6.93500  7.181588293422352e+00
 6.94000  7.181588426292237e+00
 6.94500  7.181588557816999e+00
 6.95000  7.181588688010256e+00
 6.95500  7.181588816885484e+00
 6.96000  7.181588944456030e+00
 6.96500  7.181589070735100e+00
 6.97000  7.181589195735769e+00
 6.97500  7.181589319470978e+00
 6.98000  7.181589441953539e+00
 6.98500  7.181589563196133e+00
 6.99000  7.181589683211313e+00
 6.99500  7.181589802011504e+00
 7.00000  7.181589919609008e+00
 7.00500  7.181590036015997e+00
 7.01000  7.181590151244527e+00
 7.01500  7.181590265306527e+00
 7.02000  7.181590378213804e+00
 7.02500  7.181590489978052e+00
 7.03000  7.181590600610839e+00
 7.03500  7.181590710123621e+00
 7.04000  7.181590818527738e+00
 7.04500  7.181590925834410e+00
 7.05000  7.181591032054751e+00
 7.05500  7.181591137199756e+00
 7.06000  7.181591241280310e+00
 7.06500  7.181591344307193e+00
 7.07000  7.181591446291069e+00
 7.07500  7.181591547242498e+00
 7.08000  7.181591647171932e+00
 7.08500  7.181591746089717e+00
 7.09000  7.181591844006096e+00
 7.09500  7.181591940931203e+00
 7.10000  7.181592036875078e+00
 7.10500  7.181592131847651e+00
 7.11000  7.181592225858757e+00
 7.11500  7.181592318918129e+00
 7.12000  7.181592411035401e+00
 7.12500  7.181592502220111e+00
 7.13000  7.181592592481700e+00
 7.13500  7.181592681829516e+00
 7.14000  7.181592770272805e+00
 7.14500  7.181592857820726e+00
 7.15000  7.181592944482343e+00
 7.15500  7.181593030266630e+00
 7.16000  7.181593115182468e+00
 7.16500  7.181593199238649e+00
 7.17000  7.181593282443875e+00
 7.17500  7.181593364806761e+00
 7.18000  7.181593446335835e+00
 7.18500  7.181593527039538e+00
 7.19000  7.181593606926225e+00
 7.19500  7.181593686004168e+00
 7.20000  7.181593764281554e+00
 7.20500  7.181593841766489e+00
 7.21000  7.181593918466993e+00
 7.21500  7.181593994391008e+00
 7.22000  7.181594069546396e+00
 7.22500  7.181594143940937e+00
 7.23000  7.181594217582335e+00
 7.23500  7.181594290478214e+00
 7.24000  7.181594362636119e+00
 7.24500  7.181594434063524e+00
 7.25000  7.181594504767823e+00
 7.25500  7.181594574756337e+00
 7.26000  7.181594644036312e+00
 7.26500  7.181594712614921e+00
 7.27000  7.181594780499264e+00
 7.27500  7.181594847696370e+00
 7.28000  7.181594914213196e+00
 7.28500  7.181594980056629e+00
 7.29000  7.181595045233487e+00
 7.29500  7.181595109750516e+00
 7.30000  7.181595173614398e+00
 7.30500  7.181595236831744e+00
 7.31000  7.181595299409100e+00
 7.31500  7.181595361352945e+00
 7.32000  7.181595422669692e+00
 7.32500  7.181595483365689e+00
 7.33000  7.181595543447221e+00
 7.33500  7.181595602920509e+00
 7.34000  7.181595661791710e+00
 7.34500  7.181595720066919e+00
 7.35000  7.181595777752170e+00
 7.35500  7.181595834853437e+00
 7.36000  7.181595891376629e+00
 7.36500  7.181595947327600e+00
 7.37000  7.181596002712143e+00
 7.37500  7.181596057535992e+00
 7.38000  7.181596111804823e+00
 7.38500  7.181596165524256e+00
 7.39000  7.181596218699851e+00
 7.39500  7.181596271337115e+00
 7.40000  7.181596323441497e+00
 7.40500  7.181596375018394e+00
 7.41000  7.181596426073142e+00
 7.41500  7.181596476611031e+00
 7.42000  7.181596526637291e+00
 7.42500  7.181596576157101e+00
 7.43000  7.181596625175591e+00
 7.43500  7.181596673697835e+00
 7.44000  7.181596721728855e+00
 7.44500  7.181596769273627e+00
 7.45000  7.181596816337071e+00
 7.45500  7.181596862924060e+00
 7.46000  7.181596909039420e+00
 7.46500  7.181596954687922e+00
 7.47000  7.181596999874296e+00
 7.47500  7.181597044603217e+00
 7.48000  7.181597088879318e+00
 7.48500  7.181597132707184e+00
 7.49000  7.181597176091350e+00
 7.49500  7.181597219036311e+00
 7.50000  7.181597261546511e+00
 7.50500  7.181597303626352e+00
 7.51000  7.181597345280190e+00
 7.51500  7.181597386512340e+00
 7.52000  7.181597427327070e+00
 7.52500  7.181597467728605e+00
 7.53000  7.181597507721128e+00
 7.53500  7.181597547308781e+00
 7.54000  7.181597586495662e+00
 7.54500  7.181597625285828e+00
 7.55000  7.181597663683296e+00
 7.55500  7.181597701692040e+00
 7.56000  7.181597739315997e+00
 7.56500  7.181597776559061e+00
 7.57000  7.181597813425090e+00
 7.57500  7.181597849917898e+00
 7.58000  7.181597886041266e+00
 7.58500  7.181597921798933e+00
 7.59000  7.181597957194602e+00
 7.59500  7.181597992231937e+00
 7.60000  7.181598026914565e+00
 7.60500  7.181598061246079e+00
 7.61000  7.181598095230031e+00
 7.61500  7.181598128869942e+00
 7.62000  7.181598162169293e+00
 7.62500  7.181598195131533e+00
 7.63000  7.181598227760074e+00
 7.63500  7.181598260058295e+00
 7.64000  7.181598292029539e+00
 7.64500  7.181598323677117e+00
 7.65000  7.181598355004306e+00
 7.65500  7.181598386014349e+00
 7.66000  7.181598416710456e+00
 7.66500  7.181598447095806e+00
 7.67000  7.181598477173545e+00
 7.67500  7.181598506946787e+00
 7.68000  7.181598536418615e+00
 7.68500  7.181598565592079e+00
 7.69000  7.181598594470202e+00
 7.69500  7.181598623055971e+00
 7.70000  7.181598651352348e+00
 7.70500  7.181598679362263e+00
 7.71000  7.181598707088613e+00
 7.71500  7.181598734534272e+00
 7.72000  7.181598761702078e+00
 7.72500  7.181598788594849e+00
 7.73000  7.181598815215365e+00
 7.73500  7.181598841566384e+00
 7.74000  7.181598867650634e+00
 7.74500  7.181598893470817e+00
 7.75000  7.181598919029603e+00
 7.75500  7.181598944329641e+00
 7.76000  7.181598969373550e+00
 7.76500  7.181598994163923e+00
 7.77000  7.181599018703325e+00
 7.77500  7.181599042994300e+00
 7.78000  7.181599067039360e+00
 7.78500  7.181599090840996e+00
 7.79000  7.181599114401672e+00
 7.79500  7.181599137723829e+00
 7.80000  7.181599160809879e+00
 7.80500  7.181599183662214e+00
 7.81000  7.181599206283200e+00
 7.81500  7.181599228675176e+00
 7.82000  7.181599250840465e+00
 7.82500  7.181599272781360e+00
 7.83000  7.181599294500132e+00
 7.83500  7.181599315999030e+00
 7.84000  7.181599337280281e+00
 7.84500  7.181599358346087e+00
 7.85000  7.181599379198631e+00
 7.85500  7.181599399840070e+00
 7.86000  7.181599420272541e+00
 7.86500  7.181599440498161e+00
 7.87000  7.181599460519023e+00
 7.87500  7.181599480337201e+00
 7.88000  7.181599499954746e+00
 7.88500  7.181599519373690e+00
 7.89000  7.181599538596043e+00
 7.89500  7.181599557623795e+00
 7.90000  7.181599576458916e+00
 7.90500  7.181599595103356e+00
 7.91000  7.181599613559046e+00
 7.91500  7.181599631827897e+00
 7.92000  7.181599649911800e+00
 7.92500  7.181599667812628e+00
 7.93000  7.181599685532233e+00
 7.93500  7.181599703072450e+00
 7.94000  7.181599720435097e+00
 7.94500  7.181599737621970e+00
 7.95000  7.181599754634849e+00
 7.95500  7.181599771475494e+00
 7.96000  7.181599788145650e+00
 7.96500  7.181599804647044e+00
 7.97000  7.181599820981383e+00
 7.97500  7.181599837150357e+00
 7.98000  7.181599853155643e+00
 7.98500  7.181599868998896e+00
 7.99000  7.181599884681758e+00
 7.99500  7.181599900205851e+00
 8.00000  7.181599915572783e+00
 8.00500  7.181599930784146e+00
 8.01000  7.181599945841514e+00
 8.01500  7.181599960746446e+00
 8.02000  7.181599975500485e+00
 8.02500  7.181599990105158e+00
 8.03000  7.181600004561981e+00
 8.03500  7.181600018872444e+00
 8.04000  7.181600033038035e+00
 8.04500  7.181600047060217e+00
 8.05000  7.181600060940444e+00
 8.05500  7.181600074680152e+00
 8.06000  7.181600088280764e+00
 8.06500  7.181600101743687e+00
 8.07000  7.181600115070315e+00
 8.07500  7.181600128262031e+00
 8.08000  7.181600141320197e+00
 8.08500  7.181600154246166e+00
 8.09000  7.181600167041277e+00
 8.09500  7.181600179706854e+00
 8.10000  7.181600192244209e+00
 8.10500  7.181600204654640e+00
 8.11000  7.181600216939433e+00
 8.11500  7.181600229099857e+00
 8.12000  7.181600241137175e+00
 8.12500  7.181600253052628e+00
 8.13000  7.181600264847456e+00
 8.13500  7.181600276522874e+00
 8.14000  7.181600288080096e+00
 8.14500  7.181600299520315e+00
 8.15000  7.181600310844718e+00
 8.15500  7.181600322054476e+00
 8.16000  7.181600333150750e+00
 8.16500  7.181600344134689e+00
 8.17000  7.181600355007431e+00
 8.17500  7.181600365770099e+00
 8.18000  7.181600376423811e+00
 8.18500  7.181600386969668e+00
 8.19000  7.181600397408761e+00
 8.19500  7.181600407742173e+00
 8.20000  7.181600417970973e+00
 8.20500  7.181600428096220e+00
 8.21000  7.181600438118961e+00
 8.21500  7.181600448040236e+00
 8.22000  7.181600457861071e+00
 8.22500  7.181600467582483e+00
 8.23000  7.181600477205480e+00
 8.23500  7.181600486731055e+00
 8.24000  7.181600496160196e+00
 8.24500  7.181600505493880e+00
 8.25000  7.181600514733073e+00
 8.25500  7.181600523878732e+00
 8.26000  7.181600532931803e+00
 8.26500  7.181600541893223e+00
 8.27000  7.181600550763921e+00
 8.27500  7.181600559544815e+00
 8.28000  7.181600568236814e+00
 8.28500  7.181600576840817e+00
 8.29000  7.181600585357717e+00
 8.29500  7.181600593788394e+00
 8.30000  7.181600602133722e+00
 8.30500  7.181600610394565e+00
 8.31000  7.181600618571777e+00
 8.31500  7.181600626666206e+00
 8.32000  7.181600634678690e+00
 8.32500  7.181600642610057e+00
 8.33000  7.181600650461130e+00
 8.33500  7.181600658232721e+00
 8.34000  7.181600665925635e+00
 8.34500  7.181600673540670e+00
 8.35000  7.181600681078611e+00
 8.35500  7.181600688540240e+00
 8.36000  7.181600695926332e+00
 8.36500  7.181600703237648e+00
 8.37000  7.181600710474948e+00
 8.37500  7.181600717638978e+00
 8.38000  7.181600724730483e+00
 8.38500  7.181600731750195e+00
 8.39000  7.181600738698842e+00
 8.39500  7.181600745577144e+00
 8.40000  7.181600752385810e+00
 8.40500  7.181600759125550e+00
 8.41000  7.181600765797057e+00
 8.41500  7.181600772401025e+00
 8.42000  7.181600778938137e+00
 8.42500  7.181600785409068e+00
 8.43000  7.181600791814490e+00
 8.43500  7.181600798155065e+00
 8.44000  7.181600804431451e+00
 8.44500  7.181600810644296e+00
 8.45000  7.181600816794244e+00
 8.45500  7.181600822881934e+00
 8.46000  7.181600828907992e+00
 8.46500  7.181600834873045e+00
 8.47000  7.181600840777709e+00
 8.47500  7.181600846622597e+00
 8.48000  7.181600852408313e+00
 8.48500  7.181600858135456e+00
 8.49000  7.181600863804619e+00
 8.49500  7.181600869416390e+00
 8.50000  7.181600874971349e+00
 8.50500  7.181600880470072e+00
 8.51000  7.181600885913126e+00
 8.51500  7.181600891301077e+00
 8.52000  7.181600896634483e+00
 8.52500  7.181600901913894e+00
 8.53000  7.181600907139859e+00
 8.53500  7.181600912312917e+00
 8.54000  7.181600917433606e+00
 8.54500  7.181600922502454e+00
 8.55000  7.181600927519986e+00
 8.55500  7.181600932486723e+00
 8.56000  7.181600937403178e+00
 8.56500  7.181600942269860e+00
 8.57000  7.181600947087274e+00
 8.57500  7.181600951855918e+00
 8.58000  7.181600956576286e+00
 8.58500  7.181600961248866e+00
 8.59000  7.181600965874142e+00
 8.59500  7.181600970452593e+00
 8.60000  7.181600974984694e+00
 8.60500  7.181600979470914e+00
 8.61000  7.181600983911715e+00
 8.61500  7.181600988307561e+00
 8.62000  7.181600992658903e+00
 8.62500  7.181600996966194e+00
 8.63000  7.181601001229880e+00
 8.63500  7.181601005450402e+00
 8.64000  7.181601009628196e+00
 8.64500  7.181601013763696e+00
 8.65000  7.181601017857329e+00
 8.65500  7.181601021909519e+00
 8.66000  7.181601025920686e+00
 8.66500  7.181601029891246e+00
 8.67000  7.181601033821609e+00
 8.67500  7.181601037712182e+00
 8.68000  7.181601041563369e+00
 8.68500  7.181601045375566e+00
 8.69000  7.181601049149172e+00
 8.69500  7.181601052884574e+00
 8.70000  7.181601056582159e+00
 8.70500  7.181601060242311e+00
 8.71000  7.181601063865410e+00
 8.71500  7.181601067451830e+00
 8.72000  7.181601071001941e+00
 8.72500  7.181601074516113e+00
 8.73000  7.181601077994708e+00
 8.73500  7.181601081438086e+00
 8.74000  7.181601084846606e+00
 8.74500  7.181601088220619e+00
 8.75000  7.181601091560474e+00
 8.75500  7.181601094866517e+00
 8.76000  7.181601098139091e+00
 8.76500  7.181601101378534e+00
 8.77000  7.181601104585183e+00
 8.77500  7.181601107759368e+00
 8.78000  7.181601110901419e+00
 8.78500  7.181601114011661e+00
 8.79000  7.181601117090416e+00
 8.79500  7.181601120138003e+00
 8.80000  7.181601123154737e+00
 8.80500  7.181601126140930e+00
 8.81000  7.181601129096892e+00
 8.81500  7.181601132022928e+00
 8.82000  7.181601134919343e+00
 8.82500  7.181601137786435e+00
 8.83000  7.181601140624502e+00
 8.83500  7.181601143433837e+00
 8.84000  7.181601146214732e+00
 8.84500  7.181601148967473e+00
 8.85000  7.181601151692345e+00
 8.85500  7.181601154389633e+00
 8.86000  7.181601157059614e+00
 8.86500  7.181601159702566e+00
 8.87000  7.181601162318760e+00
 8.87500  7.181601164908470e+00
 8.88000  7.181601167471961e+00
 8.88500  7.181601170009501e+00
 8.89000  7.181601172521352e+00
 8.89500  7.181601175007772e+00
 8.90000  7.181601177469023e+00
 8.90500  7.181601179905355e+00
 8.91000  7.181601182317023e+00
 8.91500  7.181601184704277e+00
 8.92000  7.181601187067362e+00
 8.92500  7.181601189406525e+00
 8.93000  7.181601191722007e+00
 8.93500  7.181601194014046e+00
 8.94000  7.181601196282883e+00
 8.94500  7.181601198528750e+00
 8.95000  7.181601200751881e+00
 8.95500  7.181601202952505e+00
 8.96000  7.181601205130852e+00
 8.96500  7.181601207287144e+00
 8.97000  7.181601209421609e+00
 8.97500  7.181601211534463e+00
 8.98000  7.181601213625929e+00
 8.98500  7.181601215696221e+00
 8.99000  7.181601217745553e+00
 8.99500  7.181601219774139e+00
 9.00000  7.181601221782189e+00
 9.00500  7.181601223769909e+00
 9.01000  7.181601225737507e+00
 9.01500  7.181601227685184e+00
 9.02000  7.181601229613145e+00
 9.02500  7.181601231521588e+00
 9.03000  7.181601233410709e+00
 9.03500  7.181601235280707e+00
 9.04000  7.181601237131773e+00
 9.04500  7.181601238964098e+00
 9.05000  7.181601240777876e+00
 9.05500  7.181601242573289e+00
 9.06000  7.181601244350528e+00
 9.06500  7.181601246109773e+00
 9.07000  7.181601247851209e+00
 9.07500  7.181601249575015e+00
 9.08000  7.181601251281371e+00
 9.08500  7.181601252970450e+00
 9.09000  7.181601254642430e+00
 9.09500  7.181601256297484e+00
 9.10000  7.181601257935783e+00
 9.10500  7.181601259557496e+00
 9.11000  7.181601261162792e+00
 9.11500  7.181601262751835e+00
 9.12000  7.181601264324793e+00
 9.12500  7.181601265881825e+00
 9.13000  7.181601267423094e+00
 9.13500  7.181601268948762e+00
 9.14000  7.181601270458982e+00
 9.14500  7.181601271953915e+00
 9.15000  7.181601273433713e+00
 9.15500  7.181601274898529e+00
 9.16000  7.181601276348517e+00
 9.16500  7.181601277783826e+00
 9.17000  7.181601279204604e+00
 9.17500  7.181601280610997e+00
 9.18000  7.181601282003155e+00
 9.18500  7.181601283381217e+00
 9.19000  7.181601284745329e+00
 9.19500  7.181601286095630e+00
 9.20000  7.181601287432263e+00
 9.20500  7.181601288755362e+00
 9.21000  7.181601290065068e+00
 9.21500  7.181601291361514e+00
 9.22000  7.181601292644835e+00
 9.22500  7.181601293915166e+00
 9.23000  7.181601295172635e+00
 9.23500  7.181601296417374e+00
 9.24000  7.181601297649512e+00
 9.24500  7.181601298869175e+00
 9.25000  7.181601300076492e+00
 9.25500  7.181601301271586e+00
 9.26000  7.181601302454581e+00
 9.26500  7.181601303625601e+00
 9.27000  7.181601304784764e+00
 9.27500  7.181601305932193e+00
 9.28000  7.181601307068006e+00
 9.28500  7.181601308192320e+00
 9.29000  7.181601309305251e+00
 9.29500  7.181601310406918e+00
 9.30000  7.181601311497428e+00
 9.30500  7.181601312576901e+00
 9.31000  7.181601313645444e+00
 9.31500  7.181601314703171e+00
 9.32000  7.181601315750189e+00
 9.32500  7.181601316786607e+00
 9.33000  7.181601317812533e+00
 9.33500  7.181601318828074e+00
 9.34000  7.181601319833332e+00
 9.34500  7.181601320828414e+00
 9.35000  7.181601321813423e+00
 9.35500  7.181601322788459e+00
 9.36000  7.181601323753624e+00
 9.36500  7.181601324709018e+00
 9.37000  7.181601325654741e+00
 9.37500  7.181601326590889e+00
 9.38000  7.181601327517559e+00
 9.38500  7.181601328434849e+00
 9.39000  7.181601329342852e+00
 9.39500  7.181601330241662e+00
 9.40000  7.181601331131374e+00
 9.40500  7.181601332012078e+00
 9.41000  7.181601332883866e+00
 9.41500  7.181601333746829e+00
 9.42000  7.181601334601055e+00
 9.42500  7.181601335446634e+00
 9.43000  7.181601336283652e+00
 9.43500  7.181601337112196e+00
 9.44000  7.181601337932353e+00
 9.44500  7.181601338744206e+00
 9.45000  7.181601339547840e+00
 9.45500  7.181601340343339e+00
 9.46000  7.181601341130784e+00
 9.46500  7.181601341910257e+00
 9.47000  7.181601342681840e+00
 9.47500  7.181601343445610e+00
 9.48000  7.181601344201650e+00
 9.48500  7.181601344950034e+00
 9.49000  7.181601345690844e+00
 9.49500  7.181601346424152e+00
 9.50000  7.181601347150037e+00
 9.50500  7.181601347868573e+00
 9.51000  7.181601348579835e+00
 9.51500  7.181601349283897e+00
 9.52000  7.181601349980831e+00
 9.52500  7.181601350670710e+00
 9.53000  7.181601351353604e+00
 9.53500  7.181601352029585e+00
 9.54000  7.181601352698721e+00
 9.54500  7.181601353361085e+00
 9.55000  7.181601354016744e+00
 9.55500  7.181601354665763e+00
 9.56000  7.181601355308213e+00
 9.56500  7.181601355944158e+00
 9.57000  7.181601356573666e+00
 9.57500  7.181601357196801e+00
 9.58000  7.181601357813626e+00
 9.58500  7.181601358424209e+00
 9.59000  7.181601359028609e+00
 9.59500  7.181601359626891e+00
 9.60000  7.181601360219116e+00
 9.60500  7.181601360805345e+00
 9.61000  7.181601361385638e+00
 9.61500  7.181601361960059e+00
 9.62000  7.181601362528664e+00
 9.62500  7.181601363091511e+00
 9.63000  7.181601363648662e+00
 9.63500  7.181601364200171e+00
 9.64000  7.181601364746098e+00
 9.64500  7.181601365286497e+00
 9.65000  7.181601365821425e+00
 9.65500  7.181601366350939e+00
 9.66000  7.181601366875091e+00
 9.66500  7.181601367393938e+00
 9.67000  7.181601367907532e+00
 9.67500  7.181601368415926e+00
 9.68000  7.181601368919173e+00
 9.68500  7.181601369417326e+00
 9.69000  7.181601369910435e+00
 9.69500  7.181601370398553e+00
 9.70000  7.181601370881729e+00
 9.70500  7.181601371360013e+00
 9.71000  7.181601371833455e+00
 9.71500  7.181601372302104e+00
 9.72000  7.181601372766010e+00
 9.72500  7.181601373225218e+00
 9.73000  7.181601373679778e+00
 9.73500  7.181601374129736e+00
 9.74000  7.181601374575138e+00
 9.74500  7.181601375016031e+00
 9.75000  7.181601375452462e+00
 9.75500  7.181601375884473e+00
 9.76000  7.181601376312112e+00
 9.76500  7.181601376735420e+00
 9.77000  7.181601377154444e+00
 9.77500  7.181601377569225e+00
 9.78000  7.181601377979808e+00
 9.78500  7.181601378386234e+00
 9.79000  7.181601378788544e+00
 9.79500  7.181601379186783e+00
 9.80000  7.181601379580989e+00
 9.80500  7.181601379971205e+00
 9.81000  7.181601380357471e+00
 9.81500  7.181601380739825e+00
 9.82000  7.181601381118309e+00
 9.82500  7.181601381492962e+00
 9.83000  7.181601381863822e+00
 9.83500  7.181601382230927e+00
 9.84000  7.181601382594316e+00
 9.84500  7.181601382954026e+00
 9.85000  7.181601383310094e+00
 9.85500  7.181601383662557e+00
 9.86000  7.181601384011453e+00
 9.86500  7.181601384356816e+00
 9.87000  7.181601384698683e+00
 9.87500  7.181601385037088e+00
 9.88000  7.181601385372068e+00
 9.88500  7.181601385703657e+00
 9.89000  7.181601386031889e+00
 9.89500  7.181601386356798e+00
 9.90000  7.181601386678418e+00
 9.90500  7.181601386996781e+00
 9.91000  7.181601387311923e+00
 9.91500  7.181601387623873e+00
 9.92000  7.181601387932665e+00
 9.92500  7.181601388238331e+00
 9.93000  7.181601388540903e+00
 9.93500  7.181601388840412e+00
 9.94000  7.181601389136888e+00
 9.94500  7.181601389430362e+00
 9.95000  7.181601389720867e+00
 9.95500  7.181601390008430e+00
 9.96000  7.181601390293082e+00
 9.96500  7.181601390574851e+00
 9.97000  7.181601390853769e+00
 9.97500  7.181601391129862e+00
 9.98000  7.181601391403161e+00
 9.98500  7.181601391673693e+00
 9.99000  7.181601391941486e+00
 9.99500  7.181601392206569e+00
10.00000  7.181601392468967e+00
