   0.00500   6.39121862264199851466628E+01
   0.01000   6.34247252421585638870738E+01
   0.01500   6.29403295583908670707274E+01
   0.02000   6.24589823888320099243288E+01
   0.02500   6.19806669454612588765485E+01
   0.03000   6.15053668821362746754744E+01
   0.03500   6.10330653183428388786069E+01
   0.04000   6.05637461653491655511061E+01
   0.04500   6.00973928913569439558273E+01
   0.05000   5.96339888817944165921858E+01
   0.05500   5.91735186412350682161332E+01
   0.06000   5.87159657214094732324838E+01
   0.06500   5.82613141040146418347945E+01
   0.07000   5.78095475184123026579641E+01
   0.07500   5.73606511188119725375145E+01
   0.08000   5.69146077973700190710815E+01
   0.08500   5.64714025370085765942463E+01
   0.09000   5.60310203852465198437471E+01
   0.09500   5.55934445041517815155885E+01
   0.10000   5.51586601072226558883926E+01
   0.10500   5.47266524715998112782245E+01
   0.11000   5.42974050251463022931375E+01
   0.11500   5.38709038419661112584436E+01
   0.12000   5.34471325248658430950854E+01
   0.12500   5.30260766639499996344398E+01
   0.13000   5.26077219114046119585737E+01
   0.13500   5.21920527465150163592966E+01
   0.14000   5.17790531286123130172427E+01
   0.14500   5.13687107826075584071646E+01
   0.15000   5.09610098136659601664178E+01
   0.15500   5.05559344347436843136734E+01
   0.16000   5.01534725524226621118373E+01
   0.16500   4.97536085232969051972418E+01
   0.17000   4.93563268100735372811982E+01
   0.17500   4.89616154983236393505308E+01
   0.18000   4.85694591922288827490206E+01
   0.18500   4.81798426004372633002504E+01
   0.19000   4.77927539848611981909698E+01
   0.19500   4.74081781934929340494023E+01
   0.20000   4.70261001771651994118884E+01
   0.20500   4.66465083715250159457355E+01
   0.21000   4.62693878646480980521005E+01
   0.21500   4.58947249587935752757062E+01
   0.22000   4.55225049219657256216465E+01
   0.22500   4.51527164174663884210759E+01
   0.23000   4.47853448477931301852095E+01
   0.23500   4.44203757145938924466577E+01
   0.24000   4.40577978489687795971008E+01
   0.24500   4.36975968850302729507007E+01
   0.25000   4.33397585544990002759391E+01
   0.25500   4.29842718537931824940301E+01
   0.26000   4.26311226451003664195127E+01
   0.26500   4.22802979287866449453759E+01
   0.27000   4.19317847730938559891456E+01
   0.27500   4.15855682570208626813724E+01
   0.28000   4.12416397106694541108141E+01
   0.28500   4.08999843334112762605059E+01
   0.29000   4.05605894615655415691435E+01
   0.29500   4.02234424976222166847606E+01
   0.30000   3.98885309099050129333364E+01
   0.30500   3.95558402558556210237839E+01
   0.31000   3.92253621003666488320505E+01
   0.31500   3.88970821176701111454577E+01
   0.32000   3.85709880361001165027801E+01
   0.32500   3.82470676481675324609455E+01
   0.33000   3.79253088102379809498643E+01
   0.33500   3.76056994422038393111052E+01
   0.34000   3.72882256412267425460527E+01
   0.34500   3.69728792377940802538205E+01
   0.35000   3.66596464418108425320497E+01
   0.35500   3.63485154240708299155926E+01
   0.36000   3.60394744172956071892600E+01
   0.36500   3.57325117158235006087352E+01
   0.37000   3.54276138641049849198339E+01
   0.37500   3.51247729133600001816262E+01
   0.38000   3.48239755174262288761611E+01
   0.38500   3.45252102139834349259218E+01
   0.39000   3.42284656007761585172489E+01
   0.39500   3.39337303353087031965174E+01
   0.40000   3.36409913956182178296217E+01
   0.40500   3.33502410474636103998591E+01
   0.41000   3.30614663750110322482101E+01
   0.41500   3.27746562717742433434864E+01
   0.42000   3.24897996895217850976678E+01
   0.42500   3.22068856379769759001874E+01
   0.43000   3.19259031845279168670970E+01
   0.43500   3.16468397962970899861546E+01
   0.44000   3.13696879817417650926359E+01
   0.44500   3.10944353104302146917348E+01
   0.45000   3.08210710774820140223085E+01
   0.45500   3.05495846342245211957334E+01
   0.46000   3.02799653879118828569972E+01
   0.46500   3.00122012109555900138957E+01
   0.47000   2.97462848135342183830687E+01
   0.47500   2.94822041674538932731764E+01
   0.48000   2.92199489008312527360545E+01
   0.48500   2.89595086962937218189040E+01
   0.49000   2.87008732907085231111921E+01
   0.49500   2.84440324749016735239593E+01
   0.50000   2.81889745784259999616950E+01
   0.50500   2.79356925396689352858459E+01
   0.51000   2.76841747841293113197025E+01
   0.51500   2.74344113157406543912487E+01
   0.52000   2.71863921910362860145938E+01
   0.52500   2.69401075188813301508617E+01
   0.53000   2.66955474602037159392864E+01
   0.53500   2.64527022277351728796191E+01
   0.54000   2.62115620857392368492356E+01
   0.54500   2.59721145054140474250914E+01
   0.55000   2.57343555620269333061856E+01
   0.55500   2.54982728083859417900214E+01
   0.56000   2.52638567122864414749017E+01
   0.56500   2.50310977917556072291916E+01
   0.57000   2.47999866148024250556148E+01
   0.57500   2.45705137991596895830071E+01
   0.58000   2.43426700120290093742881E+01
   0.58500   2.41164459698318043301413E+01
   0.59000   2.38918324379563080661626E+01
   0.59500   2.36688202305065718000776E+01
   0.60000   2.34474002100584595353894E+01
   0.60500   2.32275632874056539023400E+01
   0.61000   2.30092978287665022030239E+01
   0.61500   2.27926000443522469574020E+01
   0.62000   2.25774583768859029575538E+01
   0.62500   2.23638639276030000146989E+01
   0.63000   2.21518078447398836239302E+01
   0.63500   2.19412813232957240039411E+01
   0.64000   2.17322756047965128800570E+01
   0.64500   2.15247819770530659511110E+01
   0.65000   2.13187917739280234918908E+01
   0.65500   2.11142963751008525541408E+01
   0.66000   2.09112872058318490786633E+01
   0.66500   2.07097557367281326357045E+01
   0.67000   2.05096934835176574196680E+01
   0.67500   2.03110896479704692296764E+01
   0.68000   2.01139405703065499153581E+01
   0.68500   1.99182355240194346457372E+01
   0.69000   1.97239662030119302649211E+01
   0.69500   1.95311243451626741496341E+01
   0.70000   1.93397017321041371218371E+01
   0.70500   1.91496901889926269824116E+01
   0.71000   1.89610815842952828980117E+01
   0.71500   1.87738678295590819544714E+01
   0.72000   1.85880408791968414483620E+01
   0.72500   1.84035927302682127404410E+01
   0.73000   1.82205154222556879872741E+01
   0.73500   1.80388010368546023443059E+01
   0.74000   1.78584395557468482707009E+01
   0.74500   1.76794274444265040457935E+01
   0.75000   1.75017547518139999773723E+01
   0.75500   1.73254137262975325128878E+01
   0.76000   1.71503966574031414538126E+01
   0.76500   1.69766958755917110046596E+01
   0.77000   1.68043037520439724197274E+01
   0.77500   1.66332126984524983903668E+01
   0.78000   1.64634151668177146632388E+01
   0.78500   1.62949036492398899866885E+01
   0.79000   1.61276706777111438206873E+01
   0.79500   1.59617088239154458761959E+01
   0.80000   1.57970087431713637204922E+01
   0.80500   1.56335670125736470037481E+01
   0.81000   1.54713743507870822302408E+01
   0.81500   1.53104234862365093938763E+01
   0.82000   1.51507071860286217646063E+01
   0.82500   1.49922182557569667604724E+01
   0.83000   1.48349495393059453984819E+01
   0.83500   1.46788939186498139655157E+01
   0.84000   1.45240443136636838694642E+01
   0.84500   1.43703936819245257083821E+01
   0.85000   1.42179350185211661461437E+01
   0.85500   1.40666613558602904276995E+01
   0.86000   1.39165657634744457382681E+01
   0.86500   1.37676395794705299646665E+01
   0.87000   1.36198794976358905639557E+01
   0.87500   1.34732769154609999251448E+01
   0.88000   1.33278250490962844043707E+01
   0.88500   1.31835171508770316872727E+01
   0.89000   1.30403465091353929494744E+01
   0.89500   1.28983064480213827085464E+01
   0.90000   1.27573903273158801852105E+01
   0.90500   1.26175915422486304429128E+01
   0.91000   1.24789035233162446392186E+01
   0.91500   1.23413197360992001883062E+01
   0.92000   1.22048336810868440771571E+01
   0.92500   1.20694388934933940493721E+01
   0.93000   1.19351273484227924370771E+01
   0.93500   1.18018958521473180667272E+01
   0.94000   1.16697364354429793387169E+01
   0.94500   1.15386427706599394849007E+01
   0.95000   1.14086085639916932077398E+01
   0.95500   1.12796275553058382712379E+01
   0.96000   1.11516935179522440613198E+01
   0.96500   1.10248002586865581076125E+01
   0.97000   1.08989416170585633469869E+01
   0.97500   1.07741114671781239575665E+01
   0.98000   1.06503037092220096404560E+01
   0.98500   1.05275123044769023383793E+01
   0.99000   1.04057311282156590426240E+01
   0.99500   1.02968662607202237069259E+01
   1.00000   1.01973230134679999636660E+01
   1.00500   1.01026103616501679027806E+01
   1.01000   1.00094970701762466802620E+01
   1.01500   9.92094750188675167379415E+00
   1.02000   9.84070286274541738968935E+00
   1.02500   9.76958191105687112631983E+00
   1.03000   9.70599676481493633950492E+00
   1.03500   9.64878808269358101412649E+00
   1.04000   9.59719707709442548804191E+00
   1.04500   9.55072861071366752128142E+00
   1.05000   9.50899078361569571882228E+00
   1.05500   9.47164563119805080759761E+00
   1.06000   9.43840384868817272590036E+00
   1.06500   9.40901730523694856955785E+00
   1.07000   9.38326831669869365626369E+00
   1.07500   9.36099892044333703466918E+00
   1.08000   9.34208083252172705179817E+00
   1.08500   9.32639814225962116012170E+00
   1.09000   9.31382631837852792422439E+00
   1.09500   9.30424862897039850473391E+00
   1.10000   9.29757370241530245458250E+00
   1.10500   9.29371426932840494217203E+00
   1.11000   9.29258306033720860028779E+00
   1.11500   9.29409280606605392449637E+00
   1.12000   9.29815623714021000090213E+00
   1.12500   9.30468608418480003230400E+00
   1.13000   9.31359507782525386510031E+00
   1.13500   9.32479784464266181487346E+00
   1.14000   9.33822408229108824606612E+00
   1.14500   9.35380711244862683706458E+00
   1.15000   9.37146221542180968278046E+00
   1.15500   9.39109630581421250816732E+00
   1.16000   9.41260925258003711135757E+00
   1.16500   9.43589920058162134886004E+00
   1.17000   9.46088006310400508880321E+00
   1.17500   9.48746597375446509836650E+00
   1.18000   9.51557492176756292145967E+00
   1.18500   9.54512973615830739859689E+00
   1.19000   9.57605915308693544929497E+00
   1.19500   9.60829862525605871148571E+00
   1.20000   9.64179095421973419988149E+00
   1.20500   9.67649017717031556529150E+00
   1.21000   9.71235768771779661712173E+00
   1.21500   9.74934829232567135015586E+00
   1.22000   9.78741523336001351118796E+00
   1.22500   9.82650750837218023292507E+00
   1.23000   9.86657601343048451525419E+00
   1.23500   9.90749545674539078277121E+00
   1.24000   9.94893118508102736186061E+00
   1.24500   9.99065794137501717031569E+00
   1.25000   1.00325177731129999703086E+01
   1.25500   1.00743875119205346102547E+01
   1.26000   1.01161811935808156892591E+01
   1.26500   1.01581662998637052286455E+01
   1.27000   1.02006936491400341804336E+01
   1.27500   1.02439470569242039310609E+01
   1.28000   1.02880653265376238447715E+01
   1.28500   1.03331632181567969475111E+01
   1.29000   1.03792239195626327941113E+01
   1.29500   1.04261590888497184259620E+01
   1.30000   1.04739720753630105587462E+01
   1.30500   1.05227043791231977820644E+01
   1.31000   1.05713233084910454007144E+01
   1.31500   1.06197154937126196916353E+01
   1.32000   1.06678809828536325099435E+01
   1.32500   1.07158198428352380293660E+01
   1.33000   1.07635321614603580719915E+01
   1.33500   1.08110180462726004346763E+01
   1.34000   1.08582776243365455304257E+01
   1.34500   1.09053121604408669309549E+01
   1.35000   1.09521195766338332866496E+01
   1.35500   1.09987011800064322653014E+01
   1.36000   1.10450571714471461604035E+01
   1.36500   1.10911877693174119041686E+01
   1.37000   1.11370932090675958114900E+01
   1.37500   1.11827737428629998550633E+01
   1.38000   1.12282296392118641215063E+01
   1.38500   1.12734611826043671367614E+01
   1.39000   1.13184686731556278793676E+01
   1.39500   1.13632524262497087708113E+01
   1.40000   1.14078127721996147592165E+01
   1.40500   1.14521500559052975543040E+01
   1.41000   1.14962646365166565320948E+01
   1.41500   1.15401568871075381750302E+01
   1.42000   1.15838271943527402196850E+01
   1.42500   1.16272759582070130957021E+01
   1.43000   1.16705035915960579906425E+01
   1.43500   1.17135105201045328637832E+01
   1.44000   1.17562971816790509116402E+01
   1.44500   1.17988640263261823637464E+01
   1.45000   1.18412115158234567680040E+01
   1.45500   1.18833401234293631887340E+01
   1.46000   1.19252503336023520930098E+01
   1.46500   1.19669426417238371485041E+01
   1.47000   1.20084175538211939127109E+01
   1.47500   1.20496765673935462004351E+01
   1.48000   1.20907182416367311450500E+01
   1.48500   1.21315440991876175580444E+01
   1.49000   1.21721546860306750748038E+01
   1.49500   1.22125505575003363567532E+01
   1.50000   1.22527322780379999134226E+01
   1.50500   1.22927004209450299043738E+01
   1.51000   1.23324555681497571857363E+01
   1.51500   1.23719983099704806672747E+01
   1.52000   1.24113292448834697800919E+01
   1.52500   1.24504489793029633482035E+01
   1.53000   1.24893581273551705912439E+01
   1.53500   1.25280573106592758581002E+01
   1.54000   1.25665471581154351010667E+01
   1.54500   1.26048283056937779900153E+01
   1.55000   1.26429013962254122027673E+01
   1.55500   1.26807670792024185235647E+01
   1.56000   1.27184260105738577983914E+01
   1.56500   1.27558788525537674107824E+01
   1.57000   1.27931262734231638855675E+01
   1.57500   1.28301689473480449166232E+01
   1.58000   1.28670075541843871302916E+01
   1.58500   1.29036427793031498456600E+01
   1.59000   1.29400753134062744820199E+01
   1.59500   1.29763058523516852105217E+01
   1.60000   1.30123359535901657046963E+01
   1.60500   1.30481646047788983899807E+01
   1.61000   1.30837933776175869837743E+01
   1.61500   1.31192229868872007880753E+01
   1.62000   1.31544541516866928532181E+01
   1.62500   1.31894875952799999208054E+01
   1.63000   1.32243240449340428988023E+01
   1.63500   1.32589642317737286258961E+01
   1.64000   1.32934088906269494145818E+01
   1.64500   1.33276587598795839273436E+01
   1.65000   1.33617145813304996071480E+01
   1.65500   1.33955771000525505343148E+01
   1.66000   1.34292470642485797238663E+01
   1.66500   1.34627252251194209353713E+01
   1.67000   1.34960123367278954642501E+01
   1.67500   1.35291091558688179041781E+01
   1.68000   1.35620164419379916065367E+01
   1.68500   1.35947349568072128889185E+01
   1.69000   1.36272654647002704475511E+01
   1.69500   1.36596087320709456136569E+01
   1.70000   1.36917655274830125655683E+01
   1.70500   1.37237366214912408501903E+01
   1.71000   1.37555227865293929756518E+01
   1.71500   1.37871247967992271998838E+01
   1.72000   1.38185434281514976095906E+01
   1.72500   1.38497794579879527354649E+01
   1.73000   1.38808344033746888790404E+01
   1.73500   1.39117075637216667249874E+01
   1.74000   1.39424004629907021257651E+01
   1.74500   1.39729138837195603350949E+01
   1.75000   1.40032486094819998978522E+01
   1.75500   1.40334054247877770826847E+01
   1.76000   1.40633851149916448974864E+01
   1.76500   1.40931884661963524596473E+01
   1.77000   1.41228162651656483639329E+01
   1.77500   1.41522692992322778327008E+01
   1.78000   1.41815483562149848850709E+01
   1.78500   1.42106542243255127289103E+01
   1.79000   1.42395876920946036214843E+01
   1.79500   1.42683495482819997501878E+01
   1.80000   1.42969405817984427375933E+01
   1.80500   1.43253615816286754558462E+01
   1.81000   1.43536133367544407324345E+01
   1.81500   1.43816966360754829867830E+01
   1.82000   1.44096122683375480466594E+01
   1.82500   1.44373610220613828314384E+01
   1.83000   1.44649436854697370780087E+01
   1.83500   1.44923610464203624914603E+01
   1.84000   1.45196138923350139826596E+01
   1.84500   1.45467030101344489967374E+01
   1.85000   1.45736291861744275966117E+01
   1.85500   1.46003932061797150332438E+01
   1.86000   1.46269964875237565848920E+01
   1.86500   1.46534385459886231650728E+01
   1.87000   1.46797208012207844873842E+01
   1.87500   1.47058440358169999484517E+01
   1.88000   1.47318090314460330425561E+01
   1.88500   1.47576165687946505578054E+01
   1.89000   1.47832674275106230599164E+01
   1.89500   1.48087623861497266197773E+01
   1.90000   1.48341022221247402779198E+01
   1.90500   1.48592877116554482608279E+01
   1.91000   1.48843196297166409092227E+01
   1.91500   1.49091987499891120982909E+01
   1.92000   1.49339258448156624314862E+01
   1.92500   1.49585016851530969717032E+01
   1.93000   1.49829270405232275464869E+01
   1.93500   1.50072026789768722121465E+01
   1.94000   1.50313293670418544056844E+01
   1.94500   1.50553078696870041852662E+01
   1.95000   1.50791389502791588483888E+01
   1.95500   1.51028233705431620403914E+01
   1.96000   1.51263618905208641063354E+01
   1.96500   1.51497552685371230651867E+01
   1.97000   1.51730042611588038514725E+01
   1.97500   1.51961096231617789342749E+01
   1.98000   1.52190721074919286248672E+01
   1.98500   1.52418930076250214167288E+01
   1.99000   1.52645719846054044310790E+01
   1.99500   1.52871103314644425363866E+01
   2.00000   1.53095087935009999124958E+01
   2.00500   1.53317675849736492210695E+01
   2.01000   1.53538890343231713142558E+01
   2.01500   1.53758717711454557797168E+01
   2.02000   1.53977186291099916726210E+01
   2.02500   1.54194282598142942131147E+01
   2.03000   1.54410034666416609017148E+01
   2.03500   1.54624429228008388736981E+01
   2.04000   1.54837494015645120715163E+01
   2.04500   1.55049215973739042961910E+01
   2.05000   1.55259622535690122724361E+01
   2.05500   1.55468710793057256491778E+01
   2.06000   1.55676478066057690785584E+01
   2.06500   1.55882951342551425710781E+01
   2.07000   1.56088118081595319530663E+01
   2.07500   1.56292004976375671354560E+01
   2.08000   1.56494599685541959654955E+01
   2.08500   1.56695928609525185759566E+01
   2.09000   1.56895979603088044918024E+01
   2.09500   1.57094778775866565911912E+01
   2.10000   1.57292314175315528501642E+01
   2.10500   1.57488611622257881350606E+01
   2.11000   1.57683659353507878986278E+01
   2.11500   1.57877482903088677268499E+01
   2.12000   1.58070070693890136759308E+01
   2.12500   1.58261447975169999846656E+01
   2.13000   1.58451603352678906944107E+01
   2.13500   1.58640561793004433166487E+01
   2.14000   1.58828312081562401658630E+01
   2.14500   1.59014878904356111721796E+01
   2.15000   1.59200251223410427225957E+01
   2.15500   1.59384453446220737404815E+01
   2.16000   1.59567474708404428707098E+01
   2.16500   1.59749339141085606730286E+01
   2.17000   1.59930036050467465624791E+01
   2.17500   1.60109589293459606551551E+01
   2.18000   1.60287996823684086855621E+01
   2.18500   1.60465256786793255550094E+01
   2.19000   1.60641392632412989271984E+01
   2.19500   1.60816394080608695560386E+01
   2.20000   1.60990284312200651051228E+01
   2.20500   1.61163053207899711338769E+01
   2.21000   1.61334723681946572426682E+01
   2.21500   1.61505285772911739705648E+01
   2.22000   1.61674762130671885174138E+01
   2.22500   1.61843142949021867593729E+01
   2.23000   1.62010450615669330254320E+01
   2.23500   1.62176675476998846114896E+01
   2.24000   1.62341839660773348263945E+01
   2.24500   1.62505933663393116184182E+01
   2.25000   1.62668979354920000268692E+01
   2.25500   1.62830967379236772885065E+01
   2.26000   1.62991919350957021883630E+01
   2.26500   1.63151826058943583142025E+01
   2.27000   1.63310708864613811641675E+01
   2.27500   1.63468558699389019395198E+01
   2.28000   1.63625396673721446028082E+01
   2.28500   1.63781213859210219574436E+01
   2.29000   1.63936031117592677652794E+01
   2.29500   1.64089839658315983506043E+01
   2.30000   1.64242660096641914790894E+01
   2.30500   1.64394490993765374220459E+01
   2.31000   1.64545331072145248896277E+01
   2.31500   1.64695200581598721889520E+01
   2.32000   1.64844091066190472361086E+01
   2.32500   1.64992022534903775010662E+01
   2.33000   1.65138986661777016351493E+01
   2.33500   1.65285003217255583862766E+01
   2.34000   1.65430064003155998797467E+01
   2.34500   1.65574188553640881949036E+01
   2.35000   1.65717368796210213766074E+01
   2.35500   1.65859624030978056730135E+01
   2.36000   1.66000946309074102202885E+01
   2.36500   1.66141354698777186094105E+01
   2.37000   1.66280841372813772416350E+01
   2.37500   1.66419425169920001117418E+01
   2.38000   1.66557098382366994826498E+01
   2.38500   1.66693879621589902129131E+01
   2.39000   1.66829761297463172731170E+01
   2.39500   1.66964761796331959686768E+01
   2.40000   1.67098873643773364605636E+01
   2.40500   1.67232115003262862273914E+01
   2.41000   1.67364478514150256671655E+01
   2.41500   1.67495982119290989231786E+01
   2.42000   1.67626618569968148797500E+01
   2.42500   1.67756405590616322065500E+01
   2.43000   1.67885336042602988371186E+01
   2.43500   1.68013427434150486305953E+01
   2.44000   1.68140678782675889735287E+01
   2.44500   1.68267089239186735660780E+01
   2.45000   1.68392675991711007199569E+01
   2.45500   1.68517432169099934391454E+01
   2.46000   1.68641374748641759140355E+01
   2.46500   1.68764496963126560125090E+01
   2.47000   1.68886815581320384183073E+01
   2.47500   1.69008323938284665821641E+01
   2.48000   1.69129038596370726565965E+01
   2.48500   1.69248952991293912795356E+01
   2.49000   1.69368083481168247850235E+01
   2.49500   1.69486423600685531809518E+01
   2.50000   1.69603989505890000444310E+01
   2.50500   1.69720774828872302819605E+01
   2.51000   1.69836795525734611800317E+01
   2.51500   1.69952045324398581804815E+01
   2.52000   1.70066539983122302359675E+01
   2.52500   1.70180273324140256541170E+01
   2.53000   1.70293260910004842223486E+01
   2.53500   1.70405496655704729036529E+01
   2.54000   1.70516995930175556672737E+01
   2.54500   1.70627752739720959240799E+01
   2.55000   1.70737782261749315715349E+01
   2.55500   1.70847078592389367557303E+01
   2.56000   1.70955656719592514747319E+01
   2.56500   1.71063515953846572159591E+01
   2.57000   1.71170655717863060552020E+01
   2.57500   1.71277090719259348361447E+01
   2.58000   1.71382815272560380392974E+01
   2.58500   1.71487843901053791384470E+01
   2.59000   1.71592171004175377824197E+01
   2.59500   1.71695810922926863639759E+01
   2.60000   1.71798758140320440013227E+01
   2.60500   1.71901026817057038797998E+01
   2.61000   1.72002611518429411319175E+01
   2.61500   1.72103526226834269152732E+01
   2.62000   1.72203765588527604180058E+01
   2.62500   1.72303343409599998281578E+01
   2.63000   1.72402254415971749601511E+01
   2.63500   1.72500512239427128413638E+01
   2.64000   1.72598111684290014267162E+01
   2.64500   1.72695066209960010894520E+01
   2.65000   1.72791370697951980339724E+01
   2.65500   1.72887038437254436651358E+01
   2.66000   1.72982064385328619948723E+01
   2.66500   1.73076461662657634654749E+01
   2.67000   1.73170225301482276769605E+01
   2.67500   1.73263368255708205545318E+01
   2.68000   1.73355885631166684035520E+01
   2.68500   1.73447790217056190265055E+01
   2.69000   1.73539081530128180830275E+01
   2.69500   1.73629759181412981483561E+01
   2.70000   1.73719835716602517550200E+01
   2.70500   1.73809306420521352265496E+01
   2.71000   1.73898183678863835766037E+01
   2.71500   1.73986462846115434999206E+01
   2.72000   1.74074156149772649726515E+01
   2.72500   1.74161259012910685228803E+01
   2.73000   1.74247783506680891107976E+01
   2.73500   1.74333725121643885458411E+01
   2.74000   1.74419095774441803570198E+01
   2.74500   1.74503891022063148952270E+01
   2.75000   1.74588122628429998073329E+01
   2.75500   1.74671786215967852484710E+01
   2.76000   1.74754893397621393624775E+01
   2.76500   1.74837439860218677445403E+01
   2.77000   1.74919437067543221964172E+01
   2.77500   1.75000880769837565686942E+01
   2.78000   1.75081782283424018942242E+01
   2.78500   1.75162137420987709113263E+01
   2.79000   1.75241957353153585685845E+01
   2.79500   1.75321237954073541054356E+01
   2.80000   1.75399990250393003066165E+01
   2.80500   1.75478210176770703654370E+01
   2.81000   1.75555908617604603527695E+01
   2.81500   1.75633081567106064113659E+01
   2.82000   1.75709739769111941143365E+01
   2.82500   1.75785882894965461709091E+01
   2.83000   1.75861510694159814960358E+01
   2.83500   1.75936633702758999930893E+01
   2.84000   1.76011248059964215961770E+01
   2.84500   1.76085364165426603300091E+01
   2.85000   1.76158978214782337978761E+01
   2.85500   1.76232100472872295071625E+01
   2.86000   1.76304727190922543300644E+01
   2.86500   1.76376868500591279520506E+01
   2.87000   1.76448520707814364705257E+01
   2.87500   1.76519693812690001699650E+01
   2.88000   1.76590384175038490610632E+01
   2.88500   1.76660601664966034896054E+01
   2.89000   1.76730342695356736903989E+01
   2.89500   1.76799617007908143051509E+01
   2.90000   1.76868421067742049856975E+01
   2.90500   1.76936764489706246372691E+01
   2.91000   1.77004643790388467294861E+01
   2.91500   1.77072068459291385167376E+01
   2.92000   1.77139035063701144601112E+01
   2.92500   1.77205552969305721866533E+01
   2.93000   1.77271618793306284800337E+01
   2.93500   1.77337241779102541272550E+01
   2.94000   1.77402418593051183215437E+01
   2.94500   1.77467158357746206398531E+01
   2.95000   1.77531460843676356375909E+01
   2.95500   1.77595325886932160486253E+01
   2.96000   1.77658762431722374586229E+01
   2.96500   1.77721767264006924591513E+01
   2.97000   1.77784349210845453725938E+01
   2.97500   1.77846505104838064070805E+01
   2.98000   1.77908243657330351616963E+01
   2.98500   1.77969561746804174617864E+01
   2.99000   1.78030467970362908936011E+01
   2.99500   1.78090959251674885166494E+01
   3.00000   1.78151044074999997945952E+01
   3.00500   1.78210719408530824381387E+01
   3.01000   1.78269993625059544051226E+01
   3.01500   1.78328863736623630664724E+01
   3.02000   1.78387338005950484287609E+01
   3.02500   1.78445413488265920420872E+01
   3.03000   1.78503098337592773781068E+01
   3.03500   1.78560389651681266087735E+01
   3.04000   1.78617295477217363774969E+01
   3.04500   1.78673812953844217688015E+01
   3.05000   1.78729950022216179661427E+01
   3.05500   1.78785703863270253322071E+01
   3.06000   1.78841082312962122990996E+01
   3.06500   1.78896082592865788285508E+01
   3.07000   1.78950712435559062818413E+01
   3.07500   1.79004971681105375935772E+01
   3.08000   1.79058860224691795970386E+01
   3.08500   1.79112385646228395863488E+01
   3.09000   1.79165545266296053483757E+01
   3.09500   1.79218346564626695993638E+01
   3.10000   1.79270786900368488403501E+01
   3.10500   1.79322873654334489224027E+01
   3.11000   1.79374604223656644030882E+01
   3.11500   1.79425985891476909017683E+01
   3.12000   1.79477016092368981681204E+01
   3.12500   1.79527702013009999859605E+01
   3.13000   1.79578041124834815178701E+01
   3.13500   1.79628040519320726353669E+01
   3.14000   1.79677697704214347496077E+01
   3.14500   1.79727019676966932593132E+01
   3.15000   1.79776003981098622119816E+01
   3.15500   1.79824657521237356583299E+01
   3.16000   1.79872977876149526821337E+01
   3.16500   1.79920971858801586051868E+01
   3.17000   1.79968637082689788542211E+01
   3.17500   1.80015980270300075538614E+01
   3.18000   1.80062999069332927426501E+01
   3.18500   1.80109700112914103975470E+01
   3.19000   1.80156081082483296995633E+01
   3.19500   1.80202148522925824636332E+01
   3.20000   1.80247902323123416756800E+01
   3.20500   1.80293342418228150769721E+01
   3.21000   1.80338475222972882683337E+01
   3.21500   1.80383298500864852620396E+01
   3.22000   1.80427818581190444469087E+01
   3.22500   1.80472033259480464373326E+01
   3.23000   1.80515948780688533226169E+01
   3.23500   1.80559562971850313672917E+01
   3.24000   1.80602881994680379840190E+01
   3.24500   1.80645903707280508498911E+01
   3.25000   1.80688634189170000965419E+01
   3.25500   1.80731071329047900952958E+01
   3.26000   1.80773221125312217871794E+01
   3.26500   1.80815081496810106109763E+01
   3.27000   1.80856658361852593586150E+01
   3.27500   1.80897949668995465799526E+01
   3.28000   1.80938961257487491707252E+01
   3.28500   1.80979691105163063014061E+01
   3.29000   1.81020144973213992223293E+01
   3.29500   1.81060320868332689236979E+01
   3.30000   1.81100224474669930785353E+01
   3.30500   1.81139853827324834867341E+01
   3.31000   1.81179214534433854488782E+01
   3.31500   1.81218304659060684969063E+01
   3.32000   1.81257129734315056701632E+01
   3.32500   1.81295687850842135446783E+01
   3.33000   1.81333984467643505311685E+01
   3.33500   1.81372019509974382600603E+01
   3.34000   1.81409792941499876661737E+01
   3.34500   1.81447310111845054869661E+01
   3.35000   1.81484569178925538857072E+01
   3.35500   1.81521575420670950862245E+01
   3.36000   1.81558327021182535077060E+01
   3.36500   1.81594829187602289088943E+01
   3.37000   1.81631080129863544669888E+01
   3.37500   1.81667084985240001593354E+01
   3.38000   1.81702841989101946396090E+01
   3.38500   1.81738356209775662186701E+01
   3.39000   1.81773625907711728899585E+01
   3.39500   1.81808656083171533701659E+01
   3.40000   1.81843445021297522856685E+01
   3.40500   1.81877997655190526415936E+01
   3.41000   1.81912312294344595819950E+01
   3.41500   1.81946393805556190237382E+01
   3.42000   1.81980240522318816864811E+01
   3.42500   1.82013857245992705102822E+01
   3.43000   1.82047242333706669192850E+01
   3.43500   1.82080400522254888251439E+01
   3.44000   1.82113330192065232537857E+01
   3.44500   1.82146036016188181960729E+01
   3.45000   1.82178516398012164678732E+01
   3.45500   1.82210775947708611965936E+01
   3.46000   1.82242814613721253458323E+01
   3.46500   1.82274632376802800948212E+01
   3.47000   1.82306233754279789494035E+01
   3.47500   1.82337617205497988237539E+01
   3.48000   1.82368787186943155376184E+01
   3.48500   1.82399742179781956252782E+01
   3.49000   1.82430486580417623443395E+01
   3.49500   1.82461018891543091946517E+01
   3.50000   1.82491343450259999592333E+01
   3.50500   1.82521458780470302585286E+01
   3.51000   1.82551369160767720245531E+01
   3.51500   1.82581073135943086072075E+01
   3.52000   1.82610574926868758360854E+01
   3.52500   1.82639873098891460934112E+01
   3.53000   1.82668971815931659996579E+01
   3.53500   1.82697869663635983350503E+01
   3.54000   1.82726570749685532923934E+01
   3.54500   1.82755073679707744638279E+01
   3.55000   1.82783382505940004136846E+01
   3.55500   1.82811495853688339430221E+01
   3.56000   1.82839417720435255532152E+01
   3.56500   1.82867146750919888908982E+01
   3.57000   1.82894686888601993857151E+01
   3.57500   1.82922036797355000992127E+01
   3.58000   1.82949200367321433979839E+01
   3.58500   1.82976177563157240690828E+01
   3.59000   1.83002968376645318571150E+01
   3.59500   1.83029576619266491910309E+01
   3.60000   1.83056001001555879170724E+01
   3.60500   1.83082245283427349491490E+01
   3.61000   1.83108308193605830993533E+01
   3.61500   1.83134193441121215784051E+01
   3.62000   1.83159899772628405045793E+01
   3.62500   1.83185430846949999228457E+01
   3.63000   1.83210785428407283426111E+01
   3.63500   1.83235967126286096728904E+01
   3.64000   1.83260974722316647422815E+01
   3.64500   1.83285811776882394674715E+01
   3.65000   1.83310477088911105703062E+01
   3.65500   1.83334974170532256643185E+01
   3.66000   1.83359301837585770833527E+01
   3.66500   1.83383463554599530631606E+01
   3.67000   1.83407458154096150160228E+01
   3.67500   1.83431289053648507447747E+01
   3.68000   1.83454955102218231210998E+01
   3.68500   1.83478459671003948372459E+01
   3.69000   1.83501801625198424083862E+01
   3.69500   1.83524984290261063968330E+01
   3.70000   1.83548006547363566909326E+01
   3.70500   1.83570871676835492003477E+01
   3.71000   1.83593578575590923307459E+01
   3.71500   1.83616130479463328661893E+01
   3.72000   1.83638527365121597689779E+01
   3.72500   1.83660769231691087810532E+01
   3.73000   1.83682859249344474505961E+01
   3.73500   1.83704796353355694904508E+01
   3.74000   1.83726583670821868032874E+01
   3.74500   1.83748220152014498651738E+01
   3.75000   1.83769708881540001499388E+01
   3.75500   1.83791048824415264029142E+01
   3.76000   1.83812243023365526894963E+01
   3.76500   1.83833290457926139538358E+01
   3.77000   1.83854194129475509988936E+01
   3.77500   1.83874953031895684851804E+01
   3.78000   1.83895570125747433998242E+01
   3.78500   1.83916044419062836290379E+01
   3.79000   1.83936378832149167728005E+01
   3.79500   1.83956572386946910491190E+01
   3.80000   1.83976627964078995880470E+01
   3.80500   1.83996544599197613401032E+01
   3.81000   1.84016325133745568543020E+01
   3.81500   1.84035968616914997753042E+01
   3.82000   1.84055477851477933270985E+01
   3.82500   1.84074851899989520020995E+01
   3.83000   1.84094093527065507664986E+01
   3.83500   1.84113201808411952598021E+01
   3.84000   1.84132179471018084804257E+01
   3.84500   1.84151026499139058856258E+01
   3.85000   1.84169742895895818257657E+01
   3.85500   1.84188331332762991188190E+01
   3.86000   1.84206790917539215968191E+01
   3.86500   1.84225124285306671723106E+01
   3.87000   1.84243330556369135919681E+01
   3.87500   1.84261412329910001517419E+01
   3.88000   1.84279368738576794228834E+01
   3.88500   1.84297202346133262018668E+01
   3.89000   1.84314912297383748374102E+01
   3.89500   1.84332501121157079637669E+01
   3.90000   1.84349967974241875090513E+01
   3.90500   1.84367315350992417855025E+01
   3.91000   1.84384542420013395336298E+01
   3.91500   1.84401651641670607517653E+01
   3.92000   1.84418642196190849524839E+01
   3.92500   1.84435516510403281209562E+01
   3.93000   1.84452273776017086071022E+01
   3.93500   1.84468916386752419533934E+01
   3.94000   1.84485443545645289020740E+01
   3.94500   1.84501857613780320122032E+01
   3.95000   1.84518157805328937293154E+01
   3.95500   1.84534346449159620817682E+01
   3.96000   1.84550422770471809208459E+01
   3.96500   1.84566389066333242929829E+01
   3.97000   1.84582245326244804850546E+01
   3.97500   1.84597991555554439280229E+01
   3.98000   1.84613630004478519452960E+01
   3.98500   1.84629159925026757882449E+01
   3.99000   1.84644583536695905401359E+01
   3.99500   1.84659900101964047358649E+01
   4.00000   1.84675111810020000646659E+01
   4.00500   1.84690218651505695390824E+01
   4.01000   1.84705219919277645601596E+01
   4.01500   1.84720119188530373932622E+01
   4.02000   1.84734915732511990604792E+01
   4.02500   1.84749610255380916079559E+01
   4.03000   1.84764202069639584813388E+01
   4.03500   1.84778694653239998757499E+01
   4.04000   1.84793087299594813721626E+01
   4.04500   1.84807380693981162522732E+01
   4.05000   1.84821574167991093951002E+01
   4.05500   1.84835671104953962462503E+01
   4.06000   1.84849670817903426467410E+01
   4.06500   1.84863573973705395125933E+01
   4.07000   1.84877379922503579656734E+01
   4.07500   1.84891091955577628880292E+01
   4.08000   1.84904709404997271704474E+01
   4.08500   1.84918232919727185681324E+01
   4.09000   1.84931661867952454869624E+01
   4.09500   1.84944999451360536646405E+01
   4.10000   1.84958245020550093862255E+01
   4.10500   1.84971399207034594702748E+01
   4.11000   1.84984462638027156167198E+01
   4.11500   1.84997434703576288939075E+01
   4.12000   1.85010318496749830430304E+01
   4.12500   1.85023113390590001614555E+01
   4.13000   1.85035819995438739482552E+01
   4.13500   1.85048437718262364093391E+01
   4.14000   1.85060969567898498944203E+01
   4.14500   1.85073414934759976624434E+01
   4.15000   1.85085774412777630537619E+01
   4.15500   1.85098047425340039850994E+01
   4.16000   1.85110236899341988880963E+01
   4.16500   1.85122342242085133889873E+01
   4.17000   1.85134364031489235813410E+01
   4.17500   1.85146301706954239385539E+01
   4.18000   1.85158158115620001815671E+01
   4.18500   1.85169932681200029023216E+01
   4.19000   1.85181625966053022835922E+01
   4.19500   1.85193237425103411908367E+01
   4.20000   1.85204769827915893820602E+01
   4.20500   1.85216222614152981051916E+01
   4.21000   1.85227596331032358101254E+01
   4.21500   1.85238890448569422098046E+01
   4.22000   1.85250107660836551559669E+01
   4.22500   1.85261247423015986690586E+01
   4.23000   1.85272310267564401797813E+01
   4.23500   1.85283296723278136930446E+01
   4.24000   1.85294206278482276317732E+01
   4.24500   1.85305041535754577708417E+01
   4.25000   1.85315801969059998910438E+01
   4.25500   1.85326488092933905349469E+01
   4.26000   1.85337099409886696399496E+01
   4.26500   1.85347638451507710222188E+01
   4.27000   1.85358104706333510769412E+01
   4.27500   1.85368498674998503084055E+01
   4.28000   1.85378819873786602201449E+01
   4.28500   1.85389070765237664595304E+01
   4.29000   1.85399250852042727366609E+01
   4.29500   1.85409360621325309814722E+01
   4.30000   1.85419399602741896693203E+01
   4.30500   1.85429370191669904421872E+01
   4.31000   1.85439271904558777848138E+01
   4.31500   1.85449105215351144337887E+01
   4.32000   1.85458869666725436609056E+01
   4.32500   1.85468567588712978100318E+01
   4.33000   1.85478198511125960123991E+01
   4.33500   1.85487762895106138572032E+01
   4.34000   1.85497260295972994370572E+01
   4.34500   1.85506692980188452324342E+01
   4.35000   1.85516060490551693007433E+01
   4.35500   1.85525363275743613300506E+01
   4.36000   1.85534601781364836270427E+01
   4.36500   1.85543775578070762044547E+01
   4.37000   1.85552886855236378593759E+01
   4.37500   1.85561935171440000047482E+01
   4.38000   1.85570920960201428684400E+01
   4.38500   1.85579843804067139423353E+01
   4.39000   1.85588705832643308113461E+01
   4.39500   1.85597506616694718495353E+01
   4.40000   1.85606246578020357418382E+01
   4.40500   1.85614925310707508110397E+01
   4.41000   1.85623544886218594385241E+01
   4.41500   1.85632104887170079621228E+01
   4.42000   1.85640605723960212536383E+01
   4.42500   1.85649047001854397009879E+01
   4.43000   1.85657430735801010079911E+01
   4.43500   1.85665756519921210099255E+01
   4.44000   1.85674024753492474815175E+01
   4.44500   1.85682235052702857558415E+01
   4.45000   1.85690389377461966269323E+01
   4.45500   1.85698487333105908270170E+01
   4.46000   1.85706529308091434771200E+01
   4.46500   1.85714514929220371186602E+01
   4.47000   1.85722446102855407445986E+01
   4.47500   1.85730322445244637741268E+01
   4.48000   1.85738144334294075221692E+01
   4.48500   1.85745912145349523214577E+01
   4.49000   1.85753625518047691400625E+01
   4.49500   1.85761286293880329978379E+01
   4.50000   1.85768894102279999991367E+01
   4.50500   1.85776449308421800488134E+01
   4.51000   1.85783951561887552550445E+01
   4.51500   1.85791402653848414239235E+01
   4.52000   1.85798802224001340377413E+01
   4.52500   1.85806150627570771938224E+01
   4.53000   1.85813447523835986174845E+01
   4.53500   1.85820694655036637854550E+01
   4.54000   1.85827891670792673117774E+01
   4.54500   1.85835038916697867783512E+01
   4.55000   1.85842136061436193905649E+01
   4.55500   1.85849184799635063214396E+01
   4.56000   1.85856184790580938326343E+01
   4.56500   1.85863136370486969894955E+01
   4.57000   1.85870039217193490088675E+01
   4.57500   1.85876894978995919061049E+01
   4.58000   1.85883703324585352056886E+01
   4.58500   1.85890464581054311032915E+01
   4.59000   1.85897178435125245421489E+01
   4.59500   1.85903846490043602734943E+01
   4.60000   1.85910468423637351698119E+01
   4.60500   1.85917044554108414899929E+01
   4.61000   1.85923575197468506914333E+01
   4.61500   1.85930060051204533166924E+01
   4.62000   1.85936500663980481817816E+01
   4.62500   1.85942896724679997966234E+01
   4.63000   1.85949248540744225266508E+01
   4.63500   1.85955555818017139735332E+01
   4.64000   1.85961820062780369688937E+01
   4.64500   1.85968040972541928113060E+01
   4.65000   1.85974218846352377099151E+01
   4.65500   1.85980353398191762259728E+01
   4.66000   1.85986446093144621727333E+01
   4.66500   1.85992496637059119279911E+01
   4.67000   1.85998505320855254119294E+01
   4.67500   1.86004471866400584723067E+01
   4.68000   1.86010397698722780290836E+01
   4.68500   1.86016282531778487374652E+01
   4.69000   1.86022126648567178719418E+01
   4.69500   1.86027929778637601820890E+01
   4.70000   1.86033693308036229829838E+01
   4.70500   1.86039416958598868845343E+01
   4.71000   1.86045101005644468727951E+01
   4.71500   1.86050745186148516197022E+01
   4.72000   1.86056350848278158061078E+01
   4.72500   1.86061917721520964086324E+01
   4.73000   1.86067446073715374588176E+01
   4.73500   1.86072935649080712927628E+01
   4.74000   1.86078387758893479819733E+01
   4.74500   1.86083802140117264833918E+01
   4.75000   1.86089179053280000530890E+01
   4.75500   1.86094518757139479880891E+01
   4.76000   1.86099821004698804394195E+01
   4.76500   1.86105087062552003729365E+01
   4.77000   1.86110316676680249692311E+01
   4.77500   1.86115510098780849723710E+01
   4.78000   1.86120667088692330892741E+01
   4.78500   1.86125788878331102083052E+01
   4.79000   1.86130875220679770087884E+01
   4.79500   1.86135926360595189699154E+01
   4.80000   1.86140942064523833288092E+01
   4.80500   1.86145923530672079415638E+01
   4.81000   1.86150870518843882805982E+01
   4.81500   1.86155783267195640284797E+01
   4.82000   1.86160661548634598361218E+01
   4.82500   1.86165506528584030476736E+01
   4.83000   1.86170317973429524371909E+01
   4.83500   1.86175096114887037579422E+01
   4.84000   1.86179840732077357401408E+01
   4.84500   1.86184552958547575585158E+01
   4.85000   1.86189232567135225515642E+01
   4.85500   1.86193879783205820110936E+01
   4.86000   1.86198494391996263175315E+01
   4.86500   1.86203077496014790526146E+01
   4.87000   1.86207628874350996639464E+01
   4.87500   1.86212148746240000463104E+01
   4.88000   1.86216637329416765389567E+01
   4.88500   1.86221094416459140852282E+01
   4.89000   1.86225521072288340285183E+01
   4.89500   1.86229917083579108449953E+01
   4.90000   1.86234282662126022778182E+01
   4.90500   1.86238617606235474788434E+01
   4.91000   1.86242922951670148989933E+01
   4.91500   1.86247198490974144036159E+01
   4.92000   1.86251444430161625653852E+01
   4.92500   1.86255660573109960154170E+01
   4.93000   1.86259847927200707928819E+01
   4.93500   1.86264006290717505365251E+01
   4.94000   1.86268135864054165118375E+01
   4.94500   1.86272236456470015042441E+01
   4.95000   1.86276309047795596285368E+01
   4.95500   1.86280353441832993155458E+01
   4.96000   1.86284369833525609294611E+01
   4.96500   1.86288358037394301547351E+01
   4.97000   1.86292319006421682736629E+01
   4.97500   1.86296252549825669397876E+01
   4.98000   1.86300158857229325448657E+01
   4.98500   1.86304037748262660834087E+01
   4.99000   1.86307890149807056090481E+01
   4.99500   1.86311715876331938090971E+01
   5.00000   1.86315515112289999954953E+01
   5.00500   1.86319288040833845876421E+01
   5.01000   1.86323034487780998524897E+01
   5.01500   1.86326755348409376367158E+01
   5.02000   1.86330450443543567118354E+01
   5.02500   1.86334119951355821065420E+01
   5.03000   1.86337763702463945492127E+01
   5.03500   1.86341382567606808073890E+01
   5.04000   1.86344976372567225908483E+01
   5.04500   1.86348545290627138903972E+01
   5.05000   1.86352089157097422500442E+01
   5.05500   1.86355608818834155293587E+01
   5.06000   1.86359104106439348313984E+01
   5.06500   1.86362575188464609787786E+01
   5.07000   1.86366021904724039615076E+01
   5.07500   1.86369445078932480797107E+01
   5.08000   1.86372844546299463175387E+01
   5.08500   1.86376220470796276629244E+01
   5.09000   1.86379572696657440644685E+01
   5.09500   1.86382902025003920343238E+01
   5.10000   1.86386208295618214236811E+01
   5.10500   1.86389491667961313403623E+01
   5.11000   1.86392751990582254961737E+01
   5.11500   1.86395990042631627403580E+01
   5.12000   1.86399205668307312855347E+01
   5.12500   1.86402399022739997391795E+01
   5.13000   1.86405570259980266634159E+01
   5.13500   1.86408719233739779141956E+01
   5.14000   1.86411846696609520002141E+01
   5.14500   1.86414952498113701828686E+01
   5.15000   1.86418036788092620348323E+01
   5.15500   1.86421099424293497115457E+01
   5.16000   1.86424141138688588270611E+01
   5.16500   1.86427161784924817489184E+01
   5.17000   1.86430161508772225253949E+01
   5.17500   1.86433140171868849677139E+01
   5.18000   1.86436098486139236740655E+01
   5.18500   1.86439036309256760404196E+01
   5.19000   1.86441953783011178380491E+01
   5.19500   1.86444850772862791288276E+01
   5.20000   1.86447727971197125818037E+01
   5.20500   1.86450585239633892520317E+01
   5.21000   1.86453422716072583220637E+01
   5.21500   1.86456240269663151565283E+01
   5.22000   1.86459038573838813412920E+01
   5.22500   1.86461817494021522279013E+01
   5.23000   1.86464577164330518321833E+01
   5.23500   1.86467317457528616309048E+01
   5.24000   1.86470039028591734187046E+01
   5.24500   1.86472741746645871430133E+01
   5.25000   1.86475425742129998774033E+01
   5.25500   1.86478091144623041586215E+01
   5.26000   1.86480737831254166358974E+01
   5.26500   1.86483366434624011631627E+01
   5.27000   1.86485976828336932342722E+01
   5.27500   1.86488569138411603987038E+01
   5.28000   1.86491143245345192269724E+01
   5.28500   1.86493699764433884524806E+01
   5.29000   1.86496238572738119998462E+01
   5.29500   1.86498759792836326099064E+01
   5.30000   1.86501263308504676707855E+01
   5.30500   1.86503749718184237416096E+01
   5.31000   1.86506218902311182716858E+01
   5.31500   1.86508670980113731019401E+01
   5.32000   1.86511105838573265636171E+01
   5.32500   1.86513524059714588254622E+01
   5.33000   1.86515925527264583294595E+01
   5.33500   1.86518310357201220206491E+01
   5.34000   1.86520678439612304089223E+01
   5.34500   1.86523030340555235895295E+01
   5.35000   1.86525365946967536245893E+01
   5.35500   1.86527685371656977153521E+01
   5.36000   1.86529988507713868628457E+01
   5.36500   1.86532275905707205509998E+01
   5.37000   1.86534547455670063342836E+01
   5.37500   1.86536803267310000720158E+01
   5.38000   1.86539043449584496237037E+01
   5.38500   1.86541267899262224183587E+01
   5.39000   1.86543477148092882167418E+01
   5.39500   1.86545671089890028326863E+01
   5.40000   1.86547849830620942057635E+01
   5.40500   1.86550013269892711598175E+01
   5.41000   1.86552161924897448308514E+01
   5.41500   1.86554295692347547053203E+01
   5.42000   1.86556414675320105800438E+01
   5.42500   1.86558518776181747611531E+01
   5.43000   1.86560608497935871419315E+01
   5.43500   1.86562683740153745226564E+01
   5.44000   1.86564744603082268703531E+01
   5.44500   1.86566790991773032715173E+01
   5.45000   1.86568823395450960056507E+01
   5.45500   1.86570841716420519063035E+01
   5.46000   1.86572846052208420886132E+01
   5.46500   1.86574836310470910660797E+01
   5.47000   1.86576812967006127053082E+01
   5.47500   1.86578775926830391362898E+01
   5.48000   1.86580725284790220896980E+01
   5.48500   1.86582660951080288036508E+01
   5.49000   1.86584583388455427233055E+01
   5.49500   1.86586492504536547443195E+01
   5.50000   1.86588388391570001445530E+01
   5.50500   1.86590271141162085122289E+01
   5.51000   1.86592140666583499175601E+01
   5.51500   1.86593997414792793776428E+01
   5.52000   1.86595841296580733370547E+01
   5.52500   1.86597672401033456424102E+01
   5.53000   1.86599490643815557611163E+01
   5.53500   1.86601296459623524626181E+01
   5.54000   1.86603089761706018023801E+01
   5.54500   1.86604870636709003761666E+01
   5.55000   1.86606639002627381351829E+01
   5.55500   1.86608395282213717081277E+01
   5.56000   1.86610139391120029017657E+01
   5.56500   1.86611871413612138148608E+01
   5.57000   1.86613591269935272798364E+01
   5.57500   1.86615299371268896777565E+01
   5.58000   1.86616995635557541000082E+01
   5.58500   1.86618680144786863728257E+01
   5.59000   1.86620352821376052077085E+01
   5.59500   1.86622014065235135582554E+01
   5.60000   1.86623663796553875826589E+01
   5.60500   1.86625302095087763909476E+01
   5.61000   1.86626928885377054712080E+01
   5.61500   1.86628544556379019070391E+01
   5.62000   1.86630149030474892235532E+01
   5.62500   1.86631742385209999923745E+01
   5.63000   1.86633324547236076895729E+01
   5.63500   1.86634895894817640638053E+01
   5.64000   1.86636456352486961307591E+01
   5.64500   1.86638005995659246316620E+01
   5.65000   1.86639544899239644415445E+01
   5.65500   1.86641072992388559192989E+01
   5.66000   1.86642590640436973892236E+01
   5.66500   1.86644097770511705469687E+01
   5.67000   1.86645594455457759508477E+01
   5.67500   1.86647080626379828771633E+01
   5.68000   1.86648556638602314272646E+01
   5.68500   1.86650022421234096370313E+01
   5.69000   1.86651478045130052585421E+01
   5.69500   1.86652923443299938455198E+01
   5.70000   1.86654358961300790298310E+01
   5.70500   1.86655784530213590954872E+01
   5.71000   1.86657200218953089887464E+01
   5.71500   1.86658605962347796669576E+01
   5.72000   1.86660002096500710067062E+01
   5.72500   1.86661388554367873027218E+01
   5.73000   1.86662765402983898965772E+01
   5.73500   1.86664132578972759013425E+01
   5.74000   1.86665490409210792499550E+01
   5.74500   1.86666838828515038173350E+01
   5.75000   1.86668177902059997386175E+01
   5.75500   1.86669507568214583237420E+01
   5.76000   1.86670828144910179169358E+01
   5.76500   1.86672139568723647329307E+01
   5.77000   1.86673441903069359248946E+01
   5.77500   1.86674735210921642902804E+01
   5.78000   1.86676019432738420356088E+01
   5.78500   1.86677294875592671985487E+01
   5.79000   1.86678561478240374604809E+01
   5.79500   1.86679819301925764563066E+01
   5.80000   1.86681068288755480644170E+01
   5.80500   1.86682308737371482898482E+01
   5.81000   1.86683540588211878130664E+01
   5.81500   1.86684763900840757777644E+01
   5.82000   1.86685978618961665453924E+01
   5.82500   1.86687185033019873436899E+01
   5.83000   1.86688383085103097869251E+01
   5.83500   1.86689572833135319918085E+01
   5.84000   1.86690754222357666591847E+01
   5.84500   1.86691927535267985227563E+01
   5.85000   1.86693092715523656366372E+01
   5.85500   1.86694249819468569562275E+01
   5.86000   1.86695398793854541175108E+01
   5.86500   1.86696539913426344803327E+01
   5.87000   1.86697673123393572680584E+01
   5.87500   1.86698798478549998769438E+01
   5.88000   1.86699915927113653246749E+01
   5.88500   1.86701025736295833645784E+01
   5.89000   1.86702127852793222650973E+01
   5.89500   1.86703222329929499068157E+01
   5.90000   1.86704309220618305253936E+01
   5.90500   1.86705388474847659985301E+01
   5.91000   1.86706460350693328464899E+01
   5.91500   1.86707524796697317270855E+01
   5.92000   1.86708581864343168277287E+01
   5.92500   1.86709631504983377681128E+01
   5.93000   1.86710673969604967759039E+01
   5.93500   1.86711709208164062800961E+01
   5.94000   1.86712737270744102424658E+01
   5.94500   1.86713758110034855342008E+01
   5.95000   1.86714771970129551625917E+01
   5.95500   1.86715778802380683032425E+01
   5.96000   1.86716778655461594915721E+01
   5.96500   1.86717771483384264996630E+01
   5.97000   1.86718757523548792853774E+01
   5.97500   1.86719736728628458166668E+01
   5.98000   1.86720709145986503152415E+01
   5.98500   1.86721674730884079629334E+01
   5.99000   1.86722633714204744315168E+01
   5.99500   1.86723586049918988116758E+01
   6.00000   1.86724531784110001630950E+01
   6.00500   1.86725470873247059166999E+01
   6.01000   1.86726403541889713899593E+01
   6.01500   1.86727329745284187367815E+01
   6.02000   1.86728249528223577691222E+01
   6.02500   1.86729162935200934114732E+01
   6.03000   1.86730069924196335762190E+01
   6.03500   1.86730970712096264740865E+01
   6.04000   1.86731865255649038815022E+01
   6.04500   1.86732753598147631635129E+01
   6.05000   1.86733635698727504781402E+01
   6.05500   1.86734511768297721800991E+01
   6.06000   1.86735381764838495044501E+01
   6.06500   1.86736245730412728782710E+01
   6.07000   1.86737103625296372300113E+01
   6.07500   1.86737955654621323731135E+01
   6.08000   1.86738801777494338729468E+01
   6.08500   1.86739642034868240649814E+01
   6.09000   1.86740476388066376500774E+01
   6.09500   1.86741305036620119928159E+01
   6.10000   1.86742127940759239379531E+01
   6.10500   1.86742945140286464855706E+01
   6.11000   1.86743756597621191062331E+01
   6.11500   1.86744562506807421087274E+01
   6.12000   1.86745362829156134054642E+01
   6.12500   1.86746157603400000368765E+01
   6.13000   1.86746946792974717332925E+01
   6.13500   1.86747730586596771829022E+01
   6.14000   1.86748508946658229312732E+01
   6.14500   1.86749281910811686380214E+01
   6.15000   1.86750049516459717402483E+01
   6.15500   1.86750811728291976621108E+01
   6.16000   1.86751568728568972943549E+01
   6.16500   1.86752320480974640659610E+01
   6.17000   1.86753067021881475895384E+01
   6.17500   1.86753808316937055522544E+01
   6.18000   1.86754544543432063896660E+01
   6.18500   1.86755275666022231284558E+01
   6.19000   1.86756001720079969352639E+01
   6.19500   1.86756722672216270986212E+01
   6.20000   1.86757438694841431114924E+01
   6.20500   1.86758149753588051922293E+01
   6.21000   1.86758855882858494368293E+01
   6.21500   1.86759557050184090698508E+01
   6.22000   1.86760253423231215030853E+01
   6.22500   1.86760944968595947734968E+01
   6.23000   1.86761631719720586630729E+01
   6.23500   1.86762313645035198383937E+01
   6.24000   1.86762990907605805901426E+01
   6.24500   1.86763663474939991537838E+01
   6.25000   1.86764331379579999747875E+01
   6.25500   1.86764994590804485063984E+01
   6.26000   1.86765653267219775557351E+01
   6.26500   1.86766307377204463513465E+01
   6.27000   1.86766956952430733807091E+01
   6.27500   1.86767602024310743757951E+01
   6.28000   1.86768242563197914840600E+01
   6.28500   1.86768878722243862888774E+01
   6.29000   1.86769510470946995539521E+01
   6.29500   1.86770137839869407869742E+01
   6.30000   1.86770760800155199987671E+01
   6.30500   1.86771379500782885862975E+01
   6.31000   1.86771993912063214438035E+01
   6.31500   1.86772604063738207891276E+01
   6.32000   1.86773209927736805191500E+01
   6.32500   1.86773811648956433728586E+01
   6.33000   1.86774409198514006469338E+01
   6.33500   1.86775002605331503779951E+01
   6.34000   1.86775591842118080521118E+01
   6.34500   1.86776177049789593453966E+01
   6.35000   1.86776758200264199061280E+01
   6.35500   1.86777335321673838564038E+01
   6.36000   1.86777908387464570694192E+01
   6.36500   1.86778477534687628036636E+01
   6.37000   1.86779042736048808137639E+01
   6.37500   1.86779604018879998861280E+01
   6.38000   1.86780161357371956576401E+01
   6.38500   1.86780714884825993493678E+01
   6.39000   1.86781264574673033784791E+01
   6.39500   1.86781810453514922620855E+01
   6.40000   1.86782352547763466077413E+01
   6.40500   1.86782890832500294564511E+01
   6.41000   1.86783425436452246160002E+01
   6.41500   1.86783956333973737429233E+01
   6.42000   1.86784483550746553959243E+01
   6.42500   1.86785007062536330124658E+01
   6.43000   1.86785526994531982936110E+01
   6.43500   1.86786043321791770388529E+01
   6.44000   1.86786556069307412286662E+01
   6.44500   1.86787065213500032001548E+01
   6.45000   1.86787570876137967168518E+01
   6.45500   1.86788073032944494933361E+01
   6.46000   1.86788571708231283530210E+01
   6.46500   1.86789066879067497950473E+01
   6.47000   1.86789558663876062993836E+01
   6.47500   1.86790047039057562905384E+01
   6.48000   1.86790532028253615237645E+01
   6.48500   1.86791013609164968656273E+01
   6.49000   1.86791491896952299711643E+01
   6.49500   1.86791966868676779789382E+01
   6.50000   1.86792438547319998853879E+01
   6.50500   1.86792906911208840270433E+01
   6.51000   1.86793372072342847012294E+01
   6.51500   1.86793834008398116353078E+01
   6.52000   1.86794292741746188468710E+01
   6.52500   1.86794748251285622764328E+01
   6.53000   1.86795200645954024842865E+01
   6.53500   1.86795649904047684763952E+01
   6.54000   1.86796096047318105348722E+01
   6.54500   1.86796539097356761871538E+01
   6.55000   1.86796979033782282186849E+01
   6.55500   1.86797415961801736017378E+01
   6.56000   1.86797849860481792738653E+01
   6.56500   1.86798280750793899152029E+01
   6.57000   1.86798708612944217577478E+01
   6.57500   1.86799133549246660912502E+01
   6.58000   1.86799555539333459464046E+01
   6.58500   1.86799974603606022682811E+01
   6.59000   1.86800390722816542776741E+01
   6.59500   1.86800803996469007017822E+01
   6.60000   1.86801214404739459595817E+01
   6.60500   1.86801621967499293930359E+01
   6.61000   1.86802026666006106836448E+01
   6.61500   1.86802428597035410362537E+01
   6.62000   1.86802827741326264998634E+01
   6.62500   1.86803224118190001057371E+01
   6.63000   1.86803617709389864209868E+01
   6.63500   1.86804008609072673685603E+01
   6.64000   1.86804396798480478736337E+01
   6.64500   1.86804782296404585650862E+01
   6.65000   1.86805165085114901479812E+01
   6.65500   1.86805545256167695455929E+01
   6.66000   1.86805922791318836928554E+01
   6.66500   1.86806297708839612603526E+01
   6.67000   1.86806670026891254998702E+01
   6.67500   1.86807039728337485051668E+01
   6.68000   1.86807406901598200832382E+01
   6.68500   1.86807771529081763084434E+01
   6.69000   1.86808133628409405169180E+01
   6.69500   1.86808493182949200139831E+01
   6.70000   1.86808850278695524060879E+01
   6.70500   1.86809204898497860369844E+01
   6.71000   1.86809557059547373114583E+01
   6.71500   1.86809906745640068592706E+01
   6.72000   1.86810254040407905939958E+01
   6.72500   1.86810598927184816631097E+01
   6.73000   1.86810941422681948687057E+01
   6.73500   1.86811281511137434740988E+01
   6.74000   1.86811619273902529414499E+01
   6.74500   1.86811954694759680961624E+01
   6.75000   1.86812287789950000060912E+01
   6.75500   1.86812618544158750566453E+01
   6.76000   1.86812947036496690422780E+01
   6.76500   1.86813273251199594149341E+01
   6.77000   1.86813597204068542190214E+01
   6.77500   1.86813918880191565108362E+01
   6.78000   1.86814238356517803296697E+01
   6.78500   1.86814555617721818059351E+01
   6.79000   1.86814870679154680921386E+01
   6.79500   1.86815183556057426983443E+01
   6.80000   1.86815494234073349311132E+01
   6.80500   1.86815802787483713487404E+01
   6.81000   1.86816109201485636148732E+01
   6.81500   1.86816413490930135488099E+01
   6.82000   1.86816715641810922043931E+01
   6.82500   1.86817015726402719799637E+01
   6.83000   1.86817313730308725006068E+01
   6.83500   1.86817609667949926510744E+01
   6.84000   1.86817903525728206126644E+01
   6.84500   1.86818195373916400292558E+01
   6.85000   1.86818485198521364587521E+01
   6.85500   1.86818773013574084274069E+01
   6.86000   1.86819058805832978187311E+01
   6.86500   1.86819342643662382741354E+01
   6.87000   1.86819624513441078228482E+01
   6.87500   1.86819904428809997476435E+01
   6.88000   1.86820182376913077604286E+01
   6.88500   1.86820458424218402981865E+01
   6.89000   1.86820732557475452928486E+01
   6.89500   1.86821004789975151361148E+01
   6.90000   1.86821275109196451857940E+01
   6.90500   1.86821543579772275656126E+01
   6.91000   1.86821810188852195366849E+01
   6.91500   1.86822074949317098457868E+01
   6.92000   1.86822337874007882163596E+01
   6.92500   1.86822598950821894270291E+01
   6.93000   1.86822858242199076883594E+01
   6.93500   1.86823115735713529694806E+01
   6.94000   1.86823371443826111715225E+01
   6.94500   1.86823625354775235685167E+01
   6.95000   1.86823877529303956634976E+01
   6.95500   1.86824127955292169644963E+01
   6.96000   1.86824376644880714160024E+01
   6.96500   1.86824623586640354844235E+01
   6.97000   1.86824868839624773642072E+01
   6.97500   1.86825112392060859178855E+01
   6.98000   1.86825354255759412680504E+01
   6.98500   1.86825594419585372385484E+01
   6.99000   1.86825832940979550400584E+01
   6.99500   1.86826069808517494230671E+01
   7.00000   1.86826305033649999742806E+01
   7.00500   1.86826538605568486239861E+01
   7.01000   1.86826770580136374277913E+01
   7.01500   1.86827000946230081801502E+01
   7.02000   1.86827229715000364684840E+01
   7.02500   1.86827456875927970791906E+01
   7.03000   1.86827682483343409103327E+01
   7.03500   1.86827906526426668065710E+01
   7.04000   1.86828129016028472442201E+01
   7.04500   1.86828349962919593174604E+01
   7.05000   1.86828569356928890776715E+01
   7.05500   1.86828787250545378384459E+01
   7.06000   1.86829003633312358267915E+01
   7.06500   1.86829218515700534730684E+01
   7.07000   1.86829431887841104220627E+01
   7.07500   1.86829643800764437777673E+01
   7.08000   1.86829854244300119781030E+01
   7.08500   1.86830063228648848294711E+01
   7.09000   1.86830270744188440268374E+01
   7.09500   1.86830476840552104356163E+01
   7.10000   1.86830681507869931223809E+01
   7.10500   1.86830884756042618910499E+01
   7.11000   1.86831086575719300668652E+01
   7.11500   1.86831287015176705779140E+01
   7.12000   1.86831486064800049717860E+01
   7.12500   1.86831683734229998528065E+01
   7.13000   1.86831880014372173626214E+01
   7.13500   1.86832074952176641069457E+01
   7.14000   1.86832268538298778004503E+01
   7.14500   1.86832460782099216700658E+01
   7.15000   1.86832651674745604530870E+01
   7.15500   1.86832841261900366447435E+01
   7.16000   1.86833029534454477804672E+01
   7.16500   1.86833216501548542431976E+01
   7.17000   1.86833402172203197899591E+01
   7.17500   1.86833586537916405134752E+01
   7.18000   1.86833769642755584960980E+01
   7.18500   1.86833951477946338393110E+01
   7.19000   1.86834132052309280780378E+01
   7.19500   1.86834311357523321639462E+01
   7.20000   1.86834489436470594370121E+01
   7.20500   1.86834666280631012114100E+01
   7.21000   1.86834841898555170658369E+01
   7.21500   1.86835016282169732448892E+01
   7.22000   1.86835189473178031605016E+01
   7.22500   1.86835361463281026672689E+01
   7.23000   1.86835532260809258353618E+01
   7.23500   1.86835701857904314948655E+01
   7.24000   1.86835870295126529327945E+01
   7.24500   1.86836037564404904287585E+01
   7.25000   1.86836203673840000050177E+01
   7.25500   1.86836368615785812785646E+01
   7.26000   1.86836532429694712753587E+01
   7.26500   1.86836695107721220132646E+01
   7.27000   1.86836856657725891572852E+01
   7.27500   1.86837017072292987940330E+01
   7.28000   1.86837176389791288499964E+01
   7.28500   1.86837334602568621022556E+01
   7.29000   1.86837491718295494180779E+01
   7.29500   1.86837647729744662505880E+01
   7.30000   1.86837802674235016198168E+01
   7.30500   1.86837956544335765940446E+01
   7.31000   1.86838109347487426603607E+01
   7.31500   1.86838261091090496179845E+01
   7.32000   1.86838411768174692539901E+01
   7.32500   1.86838561414781403335894E+01
   7.33000   1.86838710023720340203113E+01
   7.33500   1.86838857602202002006209E+01
   7.34000   1.86839004143429159299217E+01
   7.34500   1.86839149682464298329876E+01
   7.35000   1.86839294212322952759564E+01
   7.35500   1.86839437739985596564907E+01
   7.36000   1.86839580258887303365611E+01
   7.36500   1.86839721803083285145419E+01
   7.37000   1.86839862365804028065952E+01
   7.37500   1.86840001953859999872520E+01
   7.38000   1.86840140560818057657855E+01
   7.38500   1.86840278219827218286753E+01
   7.39000   1.86840414924312367972448E+01
   7.39500   1.86840550680863941579446E+01
   7.40000   1.86840685483250390497290E+01
   7.40500   1.86840819363725016977185E+01
   7.41000   1.86840952315856814180961E+01
   7.41500   1.86841084346076211630816E+01
   7.42000   1.86841215448333315407581E+01
   7.42500   1.86841345653965635875693E+01
   7.43000   1.86841474956736268708823E+01
   7.43500   1.86841603362915646968645E+01
   7.44000   1.86841730878704201934681E+01
   7.44500   1.86841857498248051783207E+01
   7.45000   1.86841983251829661938359E+01
   7.45500   1.86842108133421120896855E+01
   7.46000   1.86842232149072855484917E+01
   7.46500   1.86842355293071302746455E+01
   7.47000   1.86842477594875959745480E+01
   7.47500   1.86842599048631559099931E+01
   7.48000   1.86842719660198484099567E+01
   7.48500   1.86842839424054449892765E+01
   7.49000   1.86842958368834182181217E+01
   7.49500   1.86843076488825903247459E+01
   7.50000   1.86843193789759998146849E+01
   7.50500   1.86843310266246600548357E+01
   7.51000   1.86843425946133376847058E+01
   7.51500   1.86843540823873159872903E+01
   7.52000   1.86843654905036342661617E+01
   7.52500   1.86843768184376881613673E+01
   7.53000   1.86843880688992620697775E+01
   7.53500   1.86843992413472368419036E+01
   7.54000   1.86844103363246478721749E+01
   7.54500   1.86844213533194465348686E+01
   7.55000   1.86844322949681038714687E+01
   7.55500   1.86844431607452583499196E+01
   7.56000   1.86844539511779452745088E+01
   7.56500   1.86844646667872011924771E+01
   7.57000   1.86844753070817777285129E+01
   7.57500   1.86844858746052908671231E+01
   7.58000   1.86844963688524305922556E+01
   7.58500   1.86845067903302313183644E+01
   7.59000   1.86845171385602020208694E+01
   7.59500   1.86845274160162491128290E+01
   7.60000   1.86845376222080132855297E+01
   7.60500   1.86845477576265284191948E+01
   7.61000   1.86845578218082994936822E+01
   7.61500   1.86845678171600497741167E+01
   7.62000   1.86845777432016055819020E+01
   7.62500   1.86845876004139999082554E+01
   7.63000   1.86845973883439917528904E+01
   7.63500   1.86846071093336116852868E+01
   7.64000   1.86846167629151231892592E+01
   7.64500   1.86846263495565581003177E+01
   7.65000   1.86846358688182090368457E+01
   7.65500   1.86846453229758595604437E+01
   7.66000   1.86846547115764849422703E+01
   7.66500   1.86846640350741162173165E+01
   7.67000   1.86846732930408805373190E+01
   7.67500   1.86846824876907184886932E+01
   7.68000   1.86846916185836127155540E+01
   7.68500   1.86847006861605926530956E+01
   7.69000   1.86847096908606902232464E+01
   7.69500   1.86847186322701168670335E+01
   7.70000   1.86847275125274299156786E+01
   7.70500   1.86847363312079082220407E+01
   7.71000   1.86847450887375803318946E+01
   7.71500   1.86847537847139859579215E+01
   7.72000   1.86847624212158658352223E+01
   7.72500   1.86847709978319858059592E+01
   7.73000   1.86847795149743767240125E+01
   7.73500   1.86847879722542606906188E+01
   7.74000   1.86847963716918497034669E+01
   7.74500   1.86848047128867529309559E+01
   7.75000   1.86848129962419999827716E+01
   7.75500   1.86848212213758770872118E+01
   7.76000   1.86848293902573137081902E+01
   7.76500   1.86848375024931376842119E+01
   7.77000   1.86848455584763759596001E+01
   7.77500   1.86848535578377741295242E+01
   7.78000   1.86848615024901936187973E+01
   7.78500   1.86848693920510720012373E+01
   7.79000   1.86848772269054341776950E+01
   7.79500   1.86848850066898926058911E+01
   7.80000   1.86848927332684278113106E+01
   7.80500   1.86849004062674901582852E+01
   7.81000   1.86849080260601030367695E+01
   7.81500   1.86849155930162940109085E+01
   7.82000   1.86849231067859564703326E+01
   7.82500   1.86849305691683280628013E+01
   7.83000   1.86849379798033181643291E+01
   7.83500   1.86849453390519499862421E+01
   7.84000   1.86849526465747208803236E+01
   7.84500   1.86849599041195268966931E+01
   7.85000   1.86849671113390143339927E+01
   7.85500   1.86849742685812070241980E+01
   7.86000   1.86849813755176659135770E+01
   7.86500   1.86849884338490253021803E+01
   7.87000   1.86849954432351288424741E+01
   7.87500   1.86850024040169997441296E+01
   7.88000   1.86850093158727386111195E+01
   7.88500   1.86850161804577692414853E+01
   7.89000   1.86850229974416035538809E+01
   7.89500   1.86850297671542660005173E+01
   7.90000   1.86850364892848874731612E+01
   7.90500   1.86850431654417019622372E+01
   7.91000   1.86850497953043803711637E+01
   7.91500   1.86850563791929444867890E+01
   7.92000   1.86850629168060624607506E+01
   7.92500   1.86850694097067724364081E+01
   7.93000   1.86850758575834041685937E+01
   7.93500   1.86850822607489779336731E+01
   7.94000   1.86850886195125158728558E+01
   7.94500   1.86850949335839313647512E+01
   7.95000   1.86851012044706212833489E+01
   7.95500   1.86851074318733099133283E+01
   7.96000   1.86851136160930164642480E+01
   7.96500   1.86851197568471278920299E+01
   7.97000   1.86851258556019814704996E+01
   7.97500   1.86851319120658860839512E+01
   7.98000   1.86851379265338630730753E+01
   7.98500   1.86851438987273175129644E+01
   7.99000   1.86851498300744336411583E+01
   7.99500   1.86851557202936553458983E+01
   8.00000   1.86851615696670001476321E+01
   8.00500   1.86851673784794880539550E+01
   8.01000   1.86851731470111390720490E+01
   8.01500   1.86851788744541615905348E+01
   8.02000   1.86851845632697450838577E+01
   8.02500   1.86851902126374955770416E+01
   8.03000   1.86851958228304311226964E+01
   8.03500   1.86852013941215719938782E+01
   8.04000   1.86852069267779365979720E+01
   8.04500   1.86852124210705428097867E+01
   8.05000   1.86852178772634092140947E+01
   8.05500   1.86852232945916978401613E+01
   8.06000   1.86852286753842804500891E+01
   8.06500   1.86852340188641257157087E+01
   8.07000   1.86852393252912545307254E+01
   8.07500   1.86852445949216829923500E+01
   8.08000   1.86852498280114285300613E+01
   8.08500   1.86852550248125095500029E+01
   8.09000   1.86852601855779432149518E+01
   8.09500   1.86852653105557462431818E+01
   8.10000   1.86852703990285964330553E+01
   8.10500   1.86852754531838969320745E+01
   8.11000   1.86852804722925709413062E+01
   8.11500   1.86852854565956345567201E+01
   8.12000   1.86852904063371059173448E+01
   8.12500   1.86852953217549999642699E+01
   8.13000   1.86853002030883335038425E+01
   8.13500   1.86853050505721238749857E+01
   8.14000   1.86853098635274248451310E+01
   8.14500   1.86853146440225192925766E+01
   8.15000   1.86853193913680737381355E+01
   8.15500   1.86853241057941028557821E+01
   8.16000   1.86853287875286246944029E+01
   8.16500   1.86853334367986532171813E+01
   8.17000   1.86853380538292039858561E+01
   8.17500   1.86853426388432923843652E+01
   8.18000   1.86853471911985136166834E+01
   8.18500   1.86853517128507253808323E+01
   8.19000   1.86853562031494773165718E+01
   8.19500   1.86853606623097867611705E+01
   8.20000   1.86853650905496668777062E+01
   8.20500   1.86853694880821339374677E+01
   8.21000   1.86853738551202019912978E+01
   8.21500   1.86853781918758845570494E+01
   8.22000   1.86853824985591971952203E+01
   8.22500   1.86853867745662687305241E+01
   8.23000   1.86853910217345204891615E+01
   8.23500   1.86853952394504054801416E+01
   8.24000   1.86853994279199375760925E+01
   8.24500   1.86854035873451311822180E+01
   8.25000   1.86854077179279998155437E+01
   8.25500   1.86854118198675571704825E+01
   8.26000   1.86854158933628169414476E+01
   8.26500   1.86854199378419223442904E+01
   8.27000   1.86854239550439586992070E+01
   8.27500   1.86854279443897022261467E+01
   8.28000   1.86854319060711637767724E+01
   8.28500   1.86854358402813569561829E+01
   8.29000   1.86854397472112965239432E+01
   8.29500   1.86854436270479946635703E+01
   8.30000   1.86854474799804637363820E+01
   8.30500   1.86854513054684767681124E+01
   8.31000   1.86854551051565693775558E+01
   8.31500   1.86854588784964361636298E+01
   8.32000   1.86854626256700906417052E+01
   8.32500   1.86854663468595445507958E+01
   8.33000   1.86854700422448103402928E+01
   8.33500   1.86854737120059000154981E+01
   8.34000   1.86854773563188265583790E+01
   8.34500   1.86854809753606012634464E+01
   8.35000   1.86854845686231438861569E+01
   8.35500   1.86854881376523889180419E+01
   8.36000   1.86854916819324845533856E+01
   8.36500   1.86854952016354443067314E+01
   8.37000   1.86854986969312788502862E+01
   8.37500   1.86855021679899997444352E+01
   8.38000   1.86855056149786187269513E+01
   8.38500   1.86855090380651480685970E+01
   8.39000   1.86855124367674920726756E+01
   8.39500   1.86855158125493541199091E+01
   8.40000   1.86855191649211289650623E+01
   8.40500   1.86855224940468276351169E+01
   8.41000   1.86855258000874608903530E+01
   8.41500   1.86855290832020388691603E+01
   8.42000   1.86855323435505749074537E+01
   8.42500   1.86855355812910777224545E+01
   8.43000   1.86855387959684362542134E+01
   8.43500   1.86855419889651441778256E+01
   8.44000   1.86855451598198221141445E+01
   8.44500   1.86855483086874807341360E+01
   8.45000   1.86855514357191307972528E+01
   8.45500   1.86855545410667818195805E+01
   8.46000   1.86855576248814450046609E+01
   8.46500   1.86855606873111308452451E+01
   8.47000   1.86855637285048490348061E+01
   8.47500   1.86855667480365847943347E+01
   8.48000   1.86855697472023787319984E+01
   8.48500   1.86855727255722063873122E+01
   8.49000   1.86855756832880799400698E+01
   8.49500   1.86855786204940077510628E+01
   8.50000   1.86855815373319997796386E+01
   8.50500   1.86855844339440659851448E+01
   8.51000   1.86855873104692169484053E+01
   8.51500   1.86855901665055155191908E+01
   8.52000   1.86855930032796266893058E+01
   8.52500   1.86855958203818239837801E+01
   8.53000   1.86855986179491164733690E+01
   8.53500   1.86856013961175131399273E+01
   8.54000   1.86856041550210245638652E+01
   8.54500   1.86856068947926594603359E+01
   8.55000   1.86856096155664261893037E+01
   8.55500   1.86856123169597889699389E+01
   8.56000   1.86856150001334087029647E+01
   8.56500   1.86856176647011626990036E+01
   8.57000   1.86856203107920602057845E+01
   8.57500   1.86856229385341099380469E+01
   8.58000   1.86856255480533208768179E+01
   8.58500   1.86856281394777017368369E+01
   8.59000   1.86856307129322609661415E+01
   8.59500   1.86856332685420065686799E+01
   8.60000   1.86856358059465779142272E+01
   8.60500   1.86856383262390672861386E+01
   8.61000   1.86856408290547468808995E+01
   8.61500   1.86856433145146225704991E+01
   8.62000   1.86856457827397042237294E+01
   8.62500   1.86856482338489997552244E+01
   8.63000   1.86856506679605174348069E+01
   8.63500   1.86856530851942652660114E+01
   8.64000   1.86856554852089988827402E+01
   8.64500   1.86856578690373935636160E+01
   8.65000   1.86856602363350212669957E+01
   8.65500   1.86856625872178878644547E+01
   8.66000   1.86856649217980033128583E+01
   8.66500   1.86856672401893741941592E+01
   8.67000   1.86856695425040078006873E+01
   8.67500   1.86856718288539123129510E+01
   8.68000   1.86856740989165470701039E+01
   8.68500   1.86856763536710084316894E+01
   8.69000   1.86856785927887432130490E+01
   8.69500   1.86856808163797576405329E+01
   8.70000   1.86856830245520595390474E+01
   8.70500   1.86856852174116569997864E+01
   8.71000   1.86856873950645558934980E+01
   8.71500   1.86856895576177648443661E+01
   8.72000   1.86856917051742903446154E+01
   8.72500   1.86856938374337895325539E+01
   8.73000   1.86856959553127803808081E+01
   8.73500   1.86856980585050900245392E+01
   8.74000   1.86857001471127253111604E+01
   8.74500   1.86857022212376930880851E+01
   8.75000   1.86857042809800000249254E+01
   8.75500   1.86857063264386531464822E+01
   8.76000   1.86857083577136591223677E+01
   8.76500   1.86857103745196222455149E+01
   8.77000   1.86857123777240130557686E+01
   8.77500   1.86857143670367586985037E+01
   8.78000   1.86857163425548651325414E+01
   8.78500   1.86857183043733390270802E+01
   8.79000   1.86857202525891876732089E+01
   8.79500   1.86857221872944179175136E+01
   8.80000   1.86857241085830350080244E+01
   8.80500   1.86857260161874023651762E+01
   8.81000   1.86857279109253284765657E+01
   8.81500   1.86857297925246421677059E+01
   8.82000   1.86857316610763515285498E+01
   8.82500   1.86857335166704623397038E+01
   8.83000   1.86857353593969803817743E+01
   8.83500   1.86857371893459127676351E+01
   8.84000   1.86857390066042641230126E+01
   8.84500   1.86857408112620420048700E+01
   8.85000   1.86857426030636228908577E+01
   8.85500   1.86857443827816318560053E+01
   8.86000   1.86857461501590687014129E+01
   8.86500   1.86857479052799382301941E+01
   8.87000   1.86857496482302463114422E+01
   8.87500   1.86857513790939999687168E+01
   8.88000   1.86857530979552035610425E+01
   8.88500   1.86857548048968644671675E+01
   8.89000   1.86857564996798011236478E+01
   8.89500   1.86857581830336254569147E+01
   8.90000   1.86857598547129075683415E+01
   8.90500   1.86857615148006521721413E+01
   8.91000   1.86857631633768654921823E+01
   8.91500   1.86857648005215533082435E+01
   8.92000   1.86857664263127207782134E+01
   8.92500   1.86857680408303736818709E+01
   8.93000   1.86857696438477769440567E+01
   8.93500   1.86857712360535286322261E+01
   8.94000   1.86857728172187673720828E+01
   8.94500   1.86857743874194976996250E+01
   8.95000   1.86857759467307249501289E+01
   8.95500   1.86857774952304542814829E+01
   8.96000   1.86857790329916904070728E+01
   8.96500   1.86857805600894399944423E+01
   8.97000   1.86857820765967068687985E+01
   8.97500   1.86857835823032556454848E+01
   8.98000   1.86857850778535570235306E+01
   8.98500   1.86857865630333774831229E+01
   8.99000   1.86857880379147212046576E+01
   8.99500   1.86857895025685936118975E+01
   9.00000   1.86857909570660001286058E+01
   9.00500   1.86857924014769443132877E+01
   9.01000   1.86857938358724315897064E+01
   9.01500   1.86857952600497254636025E+01
   9.02000   1.86857966746221904053016E+01
   9.02500   1.86857980793851998768673E+01
   9.03000   1.86857994744067581471825E+01
   9.03500   1.86858008597558700181196E+01
   9.04000   1.86858022354975408241273E+01
   9.04500   1.86858036016987734129202E+01
   9.05000   1.86858049584265741849265E+01
   9.05500   1.86858063054908640765461E+01
   9.06000   1.86858076434685886901832E+01
   9.06500   1.86858089721698807927908E+01
   9.07000   1.86858102916567463402941E+01
   9.07500   1.86858116019931896900630E+01
   9.08000   1.86858129032432138671993E+01
   9.08500   1.86858141954708241172511E+01
   9.09000   1.86858154787370249749756E+01
   9.09500   1.86858167531048202647526E+01
   9.10000   1.86858180183946780417159E+01
   9.10500   1.86858192751503429107629E+01
   9.11000   1.86858205231926035594370E+01
   9.11500   1.86858217625794638117043E+01
   9.12000   1.86858229933719277582327E+01
   9.12500   1.86858242156299998448787E+01
   9.13000   1.86858254294116834515194E+01
   9.13500   1.86858266347769843562787E+01
   9.14000   1.86858278315563919314002E+01
   9.14500   1.86858290202635135557330E+01
   9.15000   1.86858302007282532919419E+01
   9.15500   1.86858313730076126546464E+01
   9.16000   1.86858325371575970663685E+01
   9.16500   1.86858336932342106173621E+01
   9.17000   1.86858348412944561545146E+01
   9.17500   1.86858359813933390114471E+01
   9.18000   1.86858371133716687495507E+01
   9.18500   1.86858382377153273701254E+01
   9.19000   1.86858393542626233241322E+01
   9.19500   1.86858404630665608792128E+01
   9.20000   1.86858415641821427044533E+01
   9.20500   1.86858426576623735115845E+01
   9.21000   1.86858437435592561470799E+01
   9.21500   1.86858448219257935463133E+01
   9.22000   1.86858458928149913091943E+01
   9.22500   1.86858469560767219697084E+01
   9.23000   1.86858480121666503670497E+01
   9.23500   1.86858490609332386078734E+01
   9.24000   1.86858501024274912261092E+01
   9.24500   1.86858511366994100022509E+01
   9.25000   1.86858521637989998254170E+01
   9.25500   1.86858531837762633642797E+01
   9.26000   1.86858541966812046197788E+01
   9.26500   1.86858552023706412370530E+01
   9.27000   1.86858562012772728699872E+01
   9.27500   1.86858571932565826756445E+01
   9.28000   1.86858581783575741219749E+01
   9.28500   1.86858591566282505880281E+01
   9.29000   1.86858601281146139427847E+01
   9.29500   1.86858610928636696968397E+01
   9.30000   1.86858620509234194528858E+01
   9.30500   1.86858630021580340851983E+01
   9.31000   1.86858639469774354679998E+01
   9.31500   1.86858648852455329070210E+01
   9.32000   1.86858658170073281823420E+01
   9.32500   1.86858667423068256496776E+01
   9.33000   1.86858676611910281550877E+01
   9.33500   1.86858685737029373008511E+01
   9.34000   1.86858694798865578867719E+01
   9.34500   1.86858703797868912488411E+01
   9.35000   1.86858712732770864128895E+01
   9.35500   1.86858721607410345200151E+01
   9.36000   1.86858730420506966574123E+01
   9.36500   1.86858739172500767367069E+01
   9.37000   1.86858747863791765375652E+01
   9.37500   1.86858756494819999716128E+01
   9.38000   1.86858765065995493515061E+01
   9.38500   1.86858773577738275228910E+01
   9.39000   1.86858782028841781119866E+01
   9.39500   1.86858790422950367116073E+01
   9.40000   1.86858798758856248234395E+01
   9.40500   1.86858807036949445823382E+01
   9.41000   1.86858815257650006103063E+01
   9.41500   1.86858823421337931769415E+01
   9.42000   1.86858831528413271705347E+01
   9.42500   1.86858839579276039266631E+01
   9.43000   1.86858847572786670454548E+01
   9.43500   1.86858855512384924857372E+01
   9.44000   1.86858863396930621192382E+01
   9.44500   1.86858871226793770148333E+01
   9.45000   1.86858879002374420608135E+01
   9.45500   1.86858886724022585923422E+01
   9.46000   1.86858894392138301654427E+01
   9.46500   1.86858902007071572271002E+01
   9.47000   1.86858909567765132386796E+01
   9.47500   1.86858917077463586586816E+01
   9.48000   1.86858924535089623297779E+01
   9.48500   1.86858931940993260312212E+01
   9.49000   1.86858939295554513648767E+01
   9.49500   1.86858946599103417085530E+01
   9.50000   1.86858953852019999963829E+01
   9.50500   1.86858961054634278298181E+01
   9.51000   1.86858968207296274322005E+01
   9.51500   1.86858975309015962196213E+01
   9.52000   1.86858982362832830581567E+01
   9.52500   1.86858989367747434506839E+01
   9.53000   1.86858996324079789097539E+01
   9.53500   1.86859003232169920138972E+01
   9.54000   1.86859010092357840093769E+01
   9.54500   1.86859016904973587180905E+01
   9.55000   1.86859023670357173863010E+01
   9.55500   1.86859030387541666939910E+01
   9.56000   1.86859037059419859083675E+01
   9.56500   1.86859043685035901560809E+01
   9.57000   1.86859050264709813937714E+01
   9.57500   1.86859056798761615780791E+01
   9.58000   1.86859063287491333760215E+01
   9.58500   1.86859069731228988331395E+01
   9.59000   1.86859076130294599060733E+01
   9.59500   1.86859082483760370330117E+01
   9.60000   1.86859088794390331145223E+01
   9.60500   1.86859095061248257074737E+01
   9.61000   1.86859101284654167685062E+01
   9.61500   1.86859107464908076323695E+01
   9.62000   1.86859113602300017653590E+01
   9.62500   1.86859119697140001470359E+01
   9.63000   1.86859125749708048225273E+01
   9.63500   1.86859131760304180147614E+01
   9.64000   1.86859137728093918084937E+01
   9.64500   1.86859143655624149182870E+01
   9.65000   1.86859149542062477067361E+01
   9.65500   1.86859155387668902648102E+01
   9.66000   1.86859161192753466806948E+01
   9.66500   1.86859166957566174005478E+01
   9.67000   1.86859172682417047361980E+01
   9.67500   1.86859178367566109990605E+01
   9.68000   1.86859184012210310932289E+01
   9.68500   1.86859189618793246623341E+01
   9.69000   1.86859195186494377871611E+01
   9.69500   1.86859200715593711805695E+01
   9.70000   1.86859206206341279532523E+01
   9.70500   1.86859211659017088180690E+01
   9.71000   1.86859217073881165305238E+01
   9.71500   1.86859222451203530468433E+01
   9.72000   1.86859227790219222242740E+01
   9.72500   1.86859233093215242327290E+01
   9.73000   1.86859238359449548738667E+01
   9.73500   1.86859243589162162813011E+01
   9.74000   1.86859248782613094341798E+01
   9.74500   1.86859253940042369102059E+01
   9.75000   1.86859259061719997774276E+01
   9.75500   1.86859264147876005246474E+01
   9.76000   1.86859269198760400421122E+01
   9.76500   1.86859274213659856123115E+01
   9.77000   1.86859279194747691654754E+01
   9.77500   1.86859284141293926495564E+01
   9.78000   1.86859289053528572210894E+01
   9.78500   1.86859293931711647474003E+01
   9.79000   1.86859298776063167402128E+01
   9.79500   1.86859303586813143560619E+01
   9.80000   1.86859308364211607056404E+01
   9.80500   1.86859313107576818779876E+01
   9.81000   1.86859317818958530210693E+01
   9.81500   1.86859322497658717487923E+01
   9.82000   1.86859327143927407277602E+01
   9.82500   1.86859331757964604037170E+01
   9.83000   1.86859336340010329102768E+01
   9.83500   1.86859340890284593150739E+01
   9.84000   1.86859345408997419291097E+01
   9.84500   1.86859349895535906682653E+01
   9.85000   1.86859354351801800753208E+01
   9.85500   1.86859358777176263188835E+01
   9.86000   1.86859363171859298446975E+01
   9.86500   1.86859367536060920755858E+01
   9.87000   1.86859371870011150562618E+01
   9.87500   1.86859376173900000317474E+01
   9.88000   1.86859380447947480696769E+01
   9.88500   1.86859384692353609480620E+01
   9.89000   1.86859388906527272844471E+01
   9.89500   1.86859393092286301119032E+01
   9.90000   1.86859397249003977847792E+01
   9.90500   1.86859401376910319036995E+01
   9.91000   1.86859405476185336247852E+01
   9.91500   1.86859409547039048149486E+01
   9.92000   1.86859413589661467192116E+01
   9.92500   1.86859417604242605825959E+01
   9.93000   1.86859421590234724419588E+01
   9.93500   1.86859425549348596717891E+01
   9.94000   1.86859429481001195760825E+01
   9.94500   1.86859433385392526005830E+01
   9.95000   1.86859437289783936186893E+01
   9.95500   1.86859441194175435185798E+01
   9.96000   1.86859445098567009679869E+01
   9.96500   1.86859449002958664109997E+01
   9.97000   1.86859452906605718602862E+01
   9.97500   1.86859456810997537345997E+01
   9.98000   1.86859460715389436025191E+01
   9.98500   1.86859464619781419081335E+01
   9.99000   1.86859468524173486514428E+01
   9.99500   1.86859472428565633883579E+01
  10.00000   1.86859476332957861188788E+01
