        0.0050000000    1.4378793680e+02
        0.0100000000    1.4183435096e+02
        0.0150000000    1.3990830639e+02
        0.0200000000    1.3800941479e+02
        0.0250000000    1.3613729339e+02
        0.0300000000    1.3429156477e+02
        0.0350000000    1.3247185686e+02
        0.0400000000    1.3067780283e+02
        0.0450000000    1.2890904100e+02
        0.0500000000    1.2716521482e+02
        0.0550000000    1.2544597275e+02
        0.0600000000    1.2375096820e+02
        0.0650000000    1.2207985948e+02
        0.0700000000    1.2043230972e+02
        0.0750000000    1.1880798678e+02
        0.0800000000    1.1720656321e+02
        0.0850000000    1.1562771619e+02
        0.0900000000    1.1407112743e+02
        0.0950000000    1.1253648314e+02
        0.1000000000    1.1102347396e+02
        0.1050000000    1.0953179487e+02
        0.1100000000    1.0806114518e+02
        0.1150000000    1.0661122840e+02
        0.1200000000    1.0518175226e+02
        0.1250000000    1.0377242858e+02
        0.1300000000    1.0238297326e+02
        0.1350000000    1.0101310620e+02
        0.1400000000    9.9662551250e+01
        0.1450000000    9.8331036148e+01
        0.1500000000    9.7018292475e+01
        0.1550000000    9.5724055597e+01
        0.1600000000    9.4448064607e+01
        0.1650000000    9.3190062279e+01
        0.1700000000    9.1949795013e+01
        0.1750000000    9.0727012784e+01
        0.1800000000    8.9521469090e+01
        0.1850000000    8.8332920906e+01
        0.1900000000    8.7161128634e+01
        0.1950000000    8.6005856051e+01
        0.2000000000    8.4866870267e+01
        0.2050000000    8.3743941673e+01
        0.2100000000    8.2636843899e+01
        0.2150000000    8.1545353764e+01
        0.2200000000    8.0469251236e+01
        0.2250000000    7.9408319383e+01
        0.2300000000    7.8362344332e+01
        0.2350000000    7.7331115225e+01
        0.2400000000    7.6314424177e+01
        0.2450000000    7.5312066233e+01
        0.2500000000    7.4323839328e+01
        0.2550000000    7.3349544245e+01
        0.2600000000    7.2388984576e+01
        0.2650000000    7.1441966683e+01
        0.2700000000    7.0508299656e+01
        0.2750000000    6.9587795278e+01
        0.2800000000    6.8680267983e+01
        0.2850000000    6.7785534824e+01
        0.2900000000    6.6903415432e+01
        0.2950000000    6.6033731979e+01
        0.3000000000    6.5176309148e+01
        0.3050000000    6.4330974090e+01
        0.3100000000    6.3497556393e+01
        0.3150000000    6.2675888051e+01
        0.3200000000    6.1865803422e+01
        0.3250000000    6.1067139201e+01
        0.3300000000    6.0279734387e+01
        0.3350000000    5.9503430246e+01
        0.3400000000    5.8738070284e+01
        0.3450000000    5.7983500211e+01
        0.3500000000    5.7239567913e+01
        0.3550000000    5.6506123423e+01
        0.3600000000    5.5783018883e+01
        0.3650000000    5.5070108525e+01
        0.3700000000    5.4367248633e+01
        0.3750000000    5.3674297517e+01
        0.3800000000    5.2991115485e+01
        0.3850000000    5.2317564814e+01
        0.3900000000    5.1653509724e+01
        0.3950000000    5.0998816349e+01
        0.4000000000    5.0353352707e+01
        0.4050000000    4.9716988681e+01
        0.4100000000    4.9089595986e+01
        0.4150000000    4.8471048146e+01
        0.4200000000    4.7861220468e+01
        0.4250000000    4.7259990016e+01
        0.4300000000    4.6667235590e+01
        0.4350000000    4.6082837695e+01
        0.4400000000    4.5506678523e+01
        0.4450000000    4.4938641927e+01
        0.4500000000    4.4378613395e+01
        0.4550000000    4.3826480031e+01
        0.4600000000    4.3282130532e+01
        0.4650000000    4.2745455162e+01
        0.4700000000    4.2216345732e+01
        0.4750000000    4.1694695579e+01
        0.4800000000    4.1180399544e+01
        0.4850000000    4.0673353951e+01
        0.4900000000    4.0173456583e+01
        0.4950000000    3.9680606667e+01
        0.5000000000    3.9194704850e+01
        0.5050000000    3.8715653177e+01
        0.5100000000    3.8243355078e+01
        0.5150000000    3.7777715341e+01
        0.5200000000    3.7318640099e+01
        0.5250000000    3.6866036807e+01
        0.5300000000    3.6419814224e+01
        0.5350000000    3.5979882396e+01
        0.5400000000    3.5546152639e+01
        0.5450000000    3.5118537515e+01
        0.5500000000    3.4696950822e+01
        0.5550000000    3.4281307573e+01
        0.5600000000    3.3871523979e+01
        0.5650000000    3.3467517430e+01
        0.5700000000    3.3069206484e+01
        0.5750000000    3.2676510844e+01
        0.5800000000    3.2289351348e+01
        0.5850000000    3.1907649948e+01
        0.5900000000    3.1531329697e+01
        0.5950000000    3.1160314733e+01
        0.6000000000    3.0794530262e+01
        0.6050000000    3.0433902546e+01
        0.6100000000    3.0078358887e+01
        0.6150000000    2.9727827610e+01
        0.6200000000    2.9382238052e+01
        0.6250000000    2.9041520545e+01
        0.6300000000    2.8705606405e+01
        0.6350000000    2.8374427914e+01
        0.6400000000    2.8047918310e+01
        0.6450000000    2.7726011773e+01
        0.6500000000    2.7408643408e+01
        0.6550000000    2.7095749239e+01
        0.6600000000    2.6787266187e+01
        0.6650000000    2.6483132068e+01
        0.6700000000    2.6183285569e+01
        0.6750000000    2.5887666245e+01
        0.6800000000    2.5596214503e+01
        0.6850000000    2.5308871588e+01
        0.6900000000    2.5025579576e+01
        0.6950000000    2.4746281356e+01
        0.7000000000    2.4470920627e+01
        0.7050000000    2.4199441877e+01
        0.7100000000    2.3931790379e+01
        0.7150000000    2.3667912178e+01
        0.7200000000    2.3407754078e+01
        0.7250000000    2.3151263634e+01
        0.7300000000    2.2898389141e+01
        0.7350000000    2.2649079621e+01
        0.7400000000    2.2403284815e+01
        0.7450000000    2.2160955176e+01
        0.7500000000    2.1922041850e+01
        0.7550000000    2.1686496676e+01
        0.7600000000    2.1454272170e+01
        0.7650000000    2.1225321517e+01
        0.7700000000    2.0999598565e+01
        0.7750000000    2.0777057809e+01
        0.7800000000    2.0557654388e+01
        0.7850000000    2.0341344071e+01
        0.7900000000    2.0128083253e+01
        0.7950000000    1.9917828944e+01
        0.8000000000    1.9710538756e+01
        0.8050000000    1.9506170904e+01
        0.8100000000    1.9304684188e+01
        0.8150000000    1.9106037991e+01
        0.8200000000    1.8910192268e+01
        0.8250000000    1.8717107538e+01
        0.8300000000    1.8526744878e+01
        0.8350000000    1.8339065911e+01
        0.8400000000    1.8154032805e+01
        0.8450000000    1.7971608258e+01
        0.8500000000    1.7791755495e+01
        0.8550000000    1.7614438260e+01
        0.8600000000    1.7439620807e+01
        0.8650000000    1.7267267895e+01
        0.8700000000    1.7097344780e+01
        0.8750000000    1.6929817206e+01
        0.8800000000    1.6764651402e+01
        0.8850000000    1.6601814072e+01
        0.8900000000    1.6441272389e+01
        0.8950000000    1.6282993991e+01
        0.9000000000    1.6126946969e+01
        0.9050000000    1.5973099867e+01
        0.9100000000    1.5821421670e+01
        0.9150000000    1.5671881801e+01
        0.9200000000    1.5524450115e+01
        0.9250000000    1.5379096891e+01
        0.9300000000    1.5235792828e+01
        0.9350000000    1.5094509035e+01
        0.9400000000    1.4955217034e+01
        0.9450000000    1.4817888742e+01
        0.9500000000    1.4682496477e+01
        0.9550000000    1.4549012945e+01
        0.9600000000    1.4417411236e+01
        0.9650000000    1.4287664821e+01
        0.9700000000    1.4159747546e+01
        0.9750000000    1.4033633622e+01
        0.9800000000    1.3909297626e+01
        0.9850000000    1.3786714494e+01
        0.9900000000    1.3665859514e+01
        0.9950000000    1.3546708324e+01
        1.0000000000    1.3429236902e+01
        1.0050000000    1.3313421569e+01
        1.0100000000    1.3199238977e+01
        1.0150000000    1.3086666108e+01
        1.0200000000    1.2975680268e+01
        1.0250000000    1.2866259084e+01
        1.0300000000    1.2758380498e+01
        1.0350000000    1.2652022762e+01
        1.0400000000    1.2547164436e+01
        1.0450000000    1.2443784382e+01
        1.0500000000    1.2341861758e+01
        1.0550000000    1.2241376019e+01
        1.0600000000    1.2142306908e+01
        1.0650000000    1.2044634452e+01
        1.0700000000    1.1948338964e+01
        1.0750000000    1.1853401029e+01
        1.0800000000    1.1759801510e+01
        1.0850000000    1.1667521539e+01
        1.0900000000    1.1576542511e+01
        1.0950000000    1.1486846087e+01
        1.1000000000    1.1398414186e+01
        1.1050000000    1.1311228979e+01
        1.1100000000    1.1225272892e+01
        1.1150000000    1.1140528596e+01
        1.1200000000    1.1056979008e+01
        1.1250000000    1.0974607286e+01
        1.1300000000    1.0893396823e+01
        1.1350000000    1.0813331248e+01
        1.1400000000    1.0734394422e+01
        1.1450000000    1.0656570432e+01
        1.1500000000    1.0579843588e+01
        1.1550000000    1.0504198423e+01
        1.1600000000    1.0429619689e+01
        1.1650000000    1.0356092351e+01
        1.1700000000    1.0283601586e+01
        1.1750000000    1.0212132781e+01
        1.1800000000    1.0141671529e+01
        1.1850000000    1.0072203625e+01
        1.1900000000    1.0003715066e+01
        1.1950000000    9.9361920449e+00
        1.2000000000    9.8696209493e+00
        1.2050000000    9.8039883596e+00
        1.2100000000    9.7392810448e+00
        1.2150000000    9.6754859606e+00
        1.2200000000    9.6125902465e+00
        1.2250000000    9.5505812235e+00
        1.2300000000    9.4894463910e+00
        1.2350000000    9.4291734251e+00
        1.2400000000    9.3697501752e+00
        1.2450000000    9.3111646622e+00
        1.2500000000    9.2534050758e+00
        1.2550000000    9.1964597725e+00
        1.2600000000    9.1403172724e+00
        1.2650000000    9.0849662579e+00
        1.2700000000    9.0303955708e+00
        1.2750000000    8.9765942102e+00
        1.2800000000    8.9235513302e+00
        1.2850000000    8.8712562380e+00
        1.2900000000    8.8196983914e+00
        1.2950000000    8.7688673968e+00
        1.3000000000    8.7187530073e+00
        1.3050000000    8.6693451203e+00
        1.3100000000    8.6206337757e+00
        1.3150000000    8.5726091537e+00
        1.3200000000    8.5252615731e+00
        1.3250000000    8.4785814890e+00
        1.3300000000    8.4325594914e+00
        1.3350000000    8.3871863025e+00
        1.3400000000    8.3424527756e+00
        1.3450000000    8.2983498929e+00
        1.3500000000    8.2548687637e+00
        1.3550000000    8.2120006226e+00
        1.3600000000    8.1697368279e+00
        1.3650000000    8.1280688596e+00
        1.3700000000    8.0869883179e+00
        1.3750000000    8.0464869213e+00
        1.3800000000    8.0065565052e+00
        1.3850000000    7.9671890199e+00
        1.3900000000    7.9283765295e+00
        1.3950000000    7.8901112097e+00
        1.4000000000    7.8523853467e+00
        1.4050000000    7.8151913352e+00
        1.4100000000    7.7785216773e+00
        1.4150000000    7.7423689808e+00
        1.4200000000    7.7067259577e+00
        1.4250000000    7.6715854227e+00
        1.4300000000    7.6369402918e+00
        1.4350000000    7.6027835810e+00
        1.4400000000    7.5691084045e+00
        1.4450000000    7.5359079738e+00
        1.4500000000    7.5031755961e+00
        1.4550000000    7.4709046728e+00
        1.4600000000    7.4390886984e+00
        1.4650000000    7.4077212592e+00
        1.4700000000    7.3767960318e+00
        1.4750000000    7.3463067819e+00
        1.4800000000    7.3162473633e+00
        1.4850000000    7.2866117163e+00
        1.4900000000    7.2573938667e+00
        1.4950000000    7.2285879243e+00
        1.5000000000    7.2001880823e+00
        1.5050000000    7.1721886155e+00
        1.5100000000    7.1445838795e+00
        1.5150000000    7.1173683094e+00
        1.5200000000    7.0905364190e+00
        1.5250000000    7.0640827991e+00
        1.5300000000    7.0380021169e+00
        1.5350000000    7.0122891150e+00
        1.5400000000    6.9869386097e+00
        1.5450000000    6.9619454906e+00
        1.5500000000    6.9373047196e+00
        1.5550000000    6.9130113291e+00
        1.5600000000    6.8890604218e+00
        1.5650000000    6.8654471697e+00
        1.5700000000    6.8421668123e+00
        1.5750000000    6.8192146567e+00
        1.5800000000    6.7965860760e+00
        1.5850000000    6.7742765084e+00
        1.5900000000    6.7522814565e+00
        1.5950000000    6.7305964864e+00
        1.6000000000    6.7092172267e+00
        1.6050000000    6.6881393674e+00
        1.6100000000    6.6673586594e+00
        1.6150000000    6.6468709137e+00
        1.6200000000    6.6266720001e+00
        1.6250000000    6.6067578466e+00
        1.6300000000    6.5871244389e+00
        1.6350000000    6.5677678189e+00
        1.6400000000    6.5486840847e+00
        1.6450000000    6.5298693890e+00
        1.6500000000    6.5113199392e+00
        1.6550000000    6.4930319957e+00
        1.6600000000    6.4750018719e+00
        1.6650000000    6.4572259331e+00
        1.6700000000    6.4397005959e+00
        1.6750000000    6.4224223274e+00
        1.6800000000    6.4053876444e+00
        1.6850000000    6.3885931129e+00
        1.6900000000    6.3720353473e+00
        1.6950000000    6.3557110097e+00
        1.7000000000    6.3396168093e+00
        1.7050000000    6.3237495017e+00
        1.7100000000    6.3081058882e+00
        1.7150000000    6.2926828152e+00
        1.7200000000    6.2774771735e+00
        1.7250000000    6.2624858978e+00
        1.7300000000    6.2477059662e+00
        1.7350000000    6.2331343990e+00
        1.7400000000    6.2187682588e+00
        1.7450000000    6.2046046495e+00
        1.7500000000    6.1906407159e+00
        1.7550000000    6.1768736431e+00
        1.7600000000    6.1633006556e+00
        1.7650000000    6.1499190173e+00
        1.7700000000    6.1367260307e+00
        1.7750000000    6.1237190361e+00
        1.7800000000    6.1108954115e+00
        1.7850000000    6.0982525718e+00
        1.7900000000    6.0857879682e+00
        1.7950000000    6.0734990881e+00
        1.8000000000    6.0613834541e+00
        1.8050000000    6.0494386239e+00
        1.8100000000    6.0376621895e+00
        1.8150000000    6.0260517768e+00
        1.8200000000    6.0146050454e+00
        1.8250000000    6.0033196877e+00
        1.8300000000    5.9921934287e+00
        1.8350000000    5.9812240254e+00
        1.8400000000    5.9704092665e+00
        1.8450000000    5.9597469719e+00
        1.8500000000    5.9492349922e+00
        1.8550000000    5.9388712083e+00
        1.8600000000    5.9286535308e+00
        1.8650000000    5.9185799001e+00
        1.8700000000    5.9086482854e+00
        1.8750000000    5.8988566846e+00
        1.8800000000    5.8892031238e+00
        1.8850000000    5.8796856570e+00
        1.8900000000    5.8703023654e+00
        1.8950000000    5.8610513576e+00
        1.9000000000    5.8519307686e+00
        1.9050000000    5.8429387599e+00
        1.9100000000    5.8340735186e+00
        1.9150000000    5.8253332578e+00
        1.9200000000    5.8167162153e+00
        1.9250000000    5.8082206542e+00
        1.9300000000    5.7998448617e+00
        1.9350000000    5.7915871495e+00
        1.9400000000    5.7834458529e+00
        1.9450000000    5.7754193305e+00
        1.9500000000    5.7675059645e+00
        1.9550000000    5.7597041595e+00
        1.9600000000    5.7520123428e+00
        1.9650000000    5.7444289637e+00
        1.9700000000    5.7369524936e+00
        1.9750000000    5.7295814252e+00
        1.9800000000    5.7223142727e+00
        1.9850000000    5.7151495710e+00
        1.9900000000    5.7080858758e+00
        1.9950000000    5.7011217631e+00
        2.0000000000    5.6942558291e+00
        2.0050000000    5.6874866897e+00
        2.0100000000    5.6808129802e+00
        2.0150000000    5.6742333553e+00
        2.0200000000    5.6677464886e+00
        2.0250000000    5.6613510724e+00
        2.0300000000    5.6550458176e+00
        2.0350000000    5.6488294529e+00
        2.0400000000    5.6427007253e+00
        2.0450000000    5.6366583992e+00
        2.0500000000    5.6307012566e+00
        2.0550000000    5.6248280966e+00
        2.0600000000    5.6190377353e+00
        2.0650000000    5.6133290052e+00
        2.0700000000    5.6077007557e+00
        2.0750000000    5.6021518521e+00
        2.0800000000    5.5966811759e+00
        2.0850000000    5.5912876241e+00
        2.0900000000    5.5859701095e+00
        2.0950000000    5.5807275601e+00
        2.1000000000    5.5755589192e+00
        2.1050000000    5.5704631447e+00
        2.1100000000    5.5654392094e+00
        2.1150000000    5.5604861005e+00
        2.1200000000    5.5556028195e+00
        2.1250000000    5.5507883821e+00
        2.1300000000    5.5460418176e+00
        2.1350000000    5.5413621692e+00
        2.1400000000    5.5367484935e+00
        2.1450000000    5.5321998605e+00
        2.1500000000    5.5277153532e+00
        2.1550000000    5.5232940676e+00
        2.1600000000    5.5189351124e+00
        2.1650000000    5.5146376088e+00
        2.1700000000    5.5104006906e+00
        2.1750000000    5.5062235036e+00
        2.1800000000    5.5021052057e+00
        2.1850000000    5.4980449667e+00
        2.1900000000    5.4940419682e+00
        2.1950000000    5.4900954031e+00
        2.2000000000    5.4862044759e+00
        2.2050000000    5.4823684022e+00
        2.2100000000    5.4785864087e+00
        2.2150000000    5.4748577330e+00
        2.2200000000    5.4711816234e+00
        2.2250000000    5.4675573388e+00
        2.2300000000    5.4639841487e+00
        2.2350000000    5.4604613327e+00
        2.2400000000    5.4569881806e+00
        2.2450000000    5.4535639923e+00
        2.2500000000    5.4501880775e+00
        2.2550000000    5.4468597557e+00
        2.2600000000    5.4435783559e+00
        2.2650000000    5.4403432166e+00
        2.2700000000    5.4371536856e+00
        2.2750000000    5.4340091200e+00
        2.2800000000    5.4309088859e+00
        2.2850000000    5.4278523582e+00
        2.2900000000    5.4248389208e+00
        2.2950000000    5.4218679663e+00
        2.3000000000    5.4189388956e+00
        2.3050000000    5.4160511184e+00
        2.3100000000    5.4132040526e+00
        2.3150000000    5.4103971240e+00
        2.3200000000    5.4076297670e+00
        2.3250000000    5.4049014236e+00
        2.3300000000    5.4022115438e+00
        2.3350000000    5.3995595855e+00
        2.3400000000    5.3969450139e+00
        2.3450000000    5.3943673020e+00
        2.3500000000    5.3918259301e+00
        2.3550000000    5.3893203860e+00
        2.3600000000    5.3868501646e+00
        2.3650000000    5.3844147678e+00
        2.3700000000    5.3820137047e+00
        2.3750000000    5.3796464914e+00
        2.3800000000    5.3773126506e+00
        2.3850000000    5.3750117117e+00
        2.3900000000    5.3727432111e+00
        2.3950000000    5.3705066913e+00
        2.4000000000    5.3683017015e+00
        2.4050000000    5.3661277972e+00
        2.4100000000    5.3639845401e+00
        2.4150000000    5.3618714983e+00
        2.4200000000    5.3597882457e+00
        2.4250000000    5.3577343624e+00
        2.4300000000    5.3557094343e+00
        2.4350000000    5.3537130532e+00
        2.4400000000    5.3517448167e+00
        2.4450000000    5.3498043280e+00
        2.4500000000    5.3478911959e+00
        2.4550000000    5.3460050348e+00
        2.4600000000    5.3441454644e+00
        2.4650000000    5.3423121098e+00
        2.4700000000    5.3405046015e+00
        2.4750000000    5.3387225751e+00
        2.4800000000    5.3369656713e+00
        2.4850000000    5.3352335360e+00
        2.4900000000    5.3335258200e+00
        2.4950000000    5.3318421790e+00
        2.5000000000    5.3301822736e+00
        2.5050000000    5.3285457693e+00
        2.5100000000    5.3269323361e+00
        2.5150000000    5.3253416487e+00
        2.5200000000    5.3237733865e+00
        2.5250000000    5.3222272333e+00
        2.5300000000    5.3207028775e+00
        2.5350000000    5.3192000118e+00
        2.5400000000    5.3177183332e+00
        2.5450000000    5.3162575429e+00
        2.5500000000    5.3148173466e+00
        2.5550000000    5.3133974539e+00
        2.5600000000    5.3119975785e+00
        2.5650000000    5.3106174383e+00
        2.5700000000    5.3092567551e+00
        2.5750000000    5.3079152545e+00
        2.5800000000    5.3065926660e+00
        2.5850000000    5.3052887232e+00
        2.5900000000    5.3040031631e+00
        2.5950000000    5.3027357265e+00
        2.6000000000    5.3014861580e+00
        2.6050000000    5.3002542057e+00
        2.6100000000    5.2990396212e+00
        2.6150000000    5.2978421597e+00
        2.6200000000    5.2966615797e+00
        2.6250000000    5.2954976433e+00
        2.6300000000    5.2943501158e+00
        2.6350000000    5.2932187660e+00
        2.6400000000    5.2921033657e+00
        2.6450000000    5.2910036900e+00
        2.6500000000    5.2899195174e+00
        2.6550000000    5.2888506292e+00
        2.6600000000    5.2877968100e+00
        2.6650000000    5.2867578474e+00
        2.6700000000    5.2857335318e+00
        2.6750000000    5.2847236568e+00
        2.6800000000    5.2837280188e+00
        2.6850000000    5.2827464171e+00
        2.6900000000    5.2817786539e+00
        2.6950000000    5.2808245339e+00
        2.7000000000    5.2798838650e+00
        2.7050000000    5.2789564574e+00
        2.7100000000    5.2780421242e+00
        2.7150000000    5.2771406811e+00
        2.7200000000    5.2762519464e+00
        2.7250000000    5.2753757409e+00
        2.7300000000    5.2745118879e+00
        2.7350000000    5.2736602134e+00
        2.7400000000    5.2728205456e+00
        2.7450000000    5.2719927152e+00
        2.7500000000    5.2711765555e+00
        2.7550000000    5.2703719018e+00
        2.7600000000    5.2695785919e+00
        2.7650000000    5.2687964660e+00
        2.7700000000    5.2680253663e+00
        2.7750000000    5.2672651374e+00
        2.7800000000    5.2665156261e+00
        2.7850000000    5.2657766813e+00
        2.7900000000    5.2650481539e+00
        2.7950000000    5.2643298972e+00
        2.8000000000    5.2636217663e+00
        2.8050000000    5.2629236184e+00
        2.8100000000    5.2622353130e+00
        2.8150000000    5.2615567111e+00
        2.8200000000    5.2608876760e+00
        2.8250000000    5.2602280729e+00
        2.8300000000    5.2595777686e+00
        2.8350000000    5.2589366323e+00
        2.8400000000    5.2583045345e+00
        2.8450000000    5.2576813480e+00
        2.8500000000    5.2570669470e+00
        2.8550000000    5.2564612077e+00
        2.8600000000    5.2558640080e+00
        2.8650000000    5.2552752275e+00
        2.8700000000    5.2546947475e+00
        2.8750000000    5.2541224509e+00
        2.8800000000    5.2535582225e+00
        2.8850000000    5.2530019485e+00
        2.8900000000    5.2524535168e+00
        2.8950000000    5.2519128167e+00
        2.9000000000    5.2513797392e+00
        2.9050000000    5.2508541770e+00
        2.9100000000    5.2503360241e+00
        2.9150000000    5.2498251760e+00
        2.9200000000    5.2493215297e+00
        2.9250000000    5.2488249837e+00
        2.9300000000    5.2483354380e+00
        2.9350000000    5.2478527937e+00
        2.9400000000    5.2473769537e+00
        2.9450000000    5.2469078219e+00
        2.9500000000    5.2464453039e+00
        2.9550000000    5.2459893064e+00
        2.9600000000    5.2455397374e+00
        2.9650000000    5.2450965064e+00
        2.9700000000    5.2446595239e+00
        2.9750000000    5.2442287019e+00
        2.9800000000    5.2438039536e+00
        2.9850000000    5.2433851933e+00
        2.9900000000    5.2429723366e+00
        2.9950000000    5.2425653002e+00
        3.0000000000    5.2421640022e+00
        3.0050000000    5.2417683616e+00
        3.0100000000    5.2413782987e+00
        3.0150000000    5.2409937347e+00
        3.0200000000    5.2406145923e+00
        3.0250000000    5.2402407950e+00
        3.0300000000    5.2398722674e+00
        3.0350000000    5.2395089352e+00
        3.0400000000    5.2391507252e+00
        3.0450000000    5.2387975651e+00
        3.0500000000    5.2384493838e+00
        3.0550000000    5.2381061112e+00
        3.0600000000    5.2377676779e+00
        3.0650000000    5.2374340158e+00
        3.0700000000    5.2371050575e+00
        3.0750000000    5.2367807369e+00
        3.0800000000    5.2364609885e+00
        3.0850000000    5.2361457478e+00
        3.0900000000    5.2358349513e+00
        3.0950000000    5.2355285364e+00
        3.1000000000    5.2352264412e+00
        3.1050000000    5.2349286050e+00
        3.1100000000    5.2346349675e+00
        3.1150000000    5.2343454697e+00
        3.1200000000    5.2340600532e+00
        3.1250000000    5.2337786604e+00
        3.1300000000    5.2335012346e+00
        3.1350000000    5.2332277200e+00
        3.1400000000    5.2329580613e+00
        3.1450000000    5.2326922041e+00
        3.1500000000    5.2324300950e+00
        3.1550000000    5.2321716811e+00
        3.1600000000    5.2319169102e+00
        3.1650000000    5.2316657310e+00
        3.1700000000    5.2314180929e+00
        3.1750000000    5.2311739459e+00
        3.1800000000    5.2309332409e+00
        3.1850000000    5.2306959293e+00
        3.1900000000    5.2304619632e+00
        3.1950000000    5.2302312956e+00
        3.2000000000    5.2300038799e+00
        3.2050000000    5.2297796702e+00
        3.2100000000    5.2295586214e+00
        3.2150000000    5.2293406889e+00
        3.2200000000    5.2291258287e+00
        3.2250000000    5.2289139976e+00
        3.2300000000    5.2287051529e+00
        3.2350000000    5.2284992524e+00
        3.2400000000    5.2282962547e+00
        3.2450000000    5.2280961188e+00
        3.2500000000    5.2278988043e+00
        3.2550000000    5.2277042716e+00
        3.2600000000    5.2275124813e+00
        3.2650000000    5.2273233949e+00
        3.2700000000    5.2271369741e+00
        3.2750000000    5.2269531815e+00
        3.2800000000    5.2267719800e+00
        3.2850000000    5.2265933330e+00
        3.2900000000    5.2264172045e+00
        3.2950000000    5.2262435591e+00
        3.3000000000    5.2260723616e+00
        3.3050000000    5.2259035777e+00
        3.3100000000    5.2257371733e+00
        3.3150000000    5.2255731147e+00
        3.3200000000    5.2254113691e+00
        3.3250000000    5.2252519037e+00
        3.3300000000    5.2250946864e+00
        3.3350000000    5.2249396856e+00
        3.3400000000    5.2247868699e+00
        3.3450000000    5.2246362086e+00
        3.3500000000    5.2244876712e+00
        3.3550000000    5.2243412280e+00
        3.3600000000    5.2241968492e+00
        3.3650000000    5.2240545059e+00
        3.3700000000    5.2239141693e+00
        3.3750000000    5.2237758111e+00
        3.3800000000    5.2236394035e+00
        3.3850000000    5.2235049189e+00
        3.3900000000    5.2233723303e+00
        3.3950000000    5.2232416108e+00
        3.4000000000    5.2231127343e+00
        3.4050000000    5.2229856746e+00
        3.4100000000    5.2228604061e+00
        3.4150000000    5.2227369037e+00
        3.4200000000    5.2226151424e+00
        3.4250000000    5.2224950976e+00
        3.4300000000    5.2223767452e+00
        3.4350000000    5.2222600614e+00
        3.4400000000    5.2221450225e+00
        3.4450000000    5.2220316054e+00
        3.4500000000    5.2219197872e+00
        3.4550000000    5.2218095455e+00
        3.4600000000    5.2217008578e+00
        3.4650000000    5.2215937025e+00
        3.4700000000    5.2214880578e+00
        3.4750000000    5.2213839025e+00
        3.4800000000    5.2212812155e+00
        3.4850000000    5.2211799762e+00
        3.4900000000    5.2210801641e+00
        3.4950000000    5.2209817592e+00
        3.5000000000    5.2208847415e+00
        3.5050000000    5.2207890916e+00
        3.5100000000    5.2206947901e+00
        3.5150000000    5.2206018181e+00
        3.5200000000    5.2205101568e+00
        3.5250000000    5.2204197877e+00
        3.5300000000    5.2203306926e+00
        3.5350000000    5.2202428536e+00
        3.5400000000    5.2201562529e+00
        3.5450000000    5.2200708731e+00
        3.5500000000    5.2199866969e+00
        3.5550000000    5.2199037075e+00
        3.5600000000    5.2198218880e+00
        3.5650000000    5.2197412220e+00
        3.5700000000    5.2196616931e+00
        3.5750000000    5.2195832855e+00
        3.5800000000    5.2195059833e+00
        3.5850000000    5.2194297708e+00
        3.5900000000    5.2193546328e+00
        3.5950000000    5.2192805541e+00
        3.6000000000    5.2192075197e+00
        3.6050000000    5.2191355149e+00
        3.6100000000    5.2190645252e+00
        3.6150000000    5.2189945363e+00
        3.6200000000    5.2189255342e+00
        3.6250000000    5.2188575048e+00
        3.6300000000    5.2187904344e+00
        3.6350000000    5.2187243096e+00
        3.6400000000    5.2186591170e+00
        3.6450000000    5.2185948435e+00
        3.6500000000    5.2185314761e+00
        3.6550000000    5.2184690021e+00
        3.6600000000    5.2184074088e+00
        3.6650000000    5.2183466838e+00
        3.6700000000    5.2182868149e+00
        3.6750000000    5.2182277901e+00
        3.6800000000    5.2181695973e+00
        3.6850000000    5.2181122250e+00
        3.6900000000    5.2180556614e+00
        3.6950000000    5.2179998953e+00
        3.7000000000    5.2179449154e+00
        3.7050000000    5.2178907105e+00
        3.7100000000    5.2178372699e+00
        3.7150000000    5.2177845826e+00
        3.7200000000    5.2177326381e+00
        3.7250000000    5.2176814259e+00
        3.7300000000    5.2176309357e+00
        3.7350000000    5.2175811573e+00
        3.7400000000    5.2175320806e+00
        3.7450000000    5.2174836959e+00
        3.7500000000    5.2174359932e+00
        3.7550000000    5.2173889630e+00
        3.7600000000    5.2173425959e+00
        3.7650000000    5.2172968824e+00
        3.7700000000    5.2172518134e+00
        3.7750000000    5.2172073798e+00
        3.7800000000    5.2171635726e+00
        3.7850000000    5.2171203830e+00
        3.7900000000    5.2170778022e+00
        3.7950000000    5.2170358218e+00
        3.8000000000    5.2169944332e+00
        3.8050000000    5.2169536280e+00
        3.8100000000    5.2169133982e+00
        3.8150000000    5.2168737355e+00
        3.8200000000    5.2168346319e+00
        3.8250000000    5.2167960796e+00
        3.8300000000    5.2167580708e+00
        3.8350000000    5.2167205979e+00
        3.8400000000    5.2166836532e+00
        3.8450000000    5.2166472294e+00
        3.8500000000    5.2166113191e+00
        3.8550000000    5.2165759150e+00
        3.8600000000    5.2165410101e+00
        3.8650000000    5.2165065972e+00
        3.8700000000    5.2164726695e+00
        3.8750000000    5.2164392201e+00
        3.8800000000    5.2164062422e+00
        3.8850000000    5.2163737293e+00
        3.8900000000    5.2163416747e+00
        3.8950000000    5.2163100720e+00
        3.9000000000    5.2162789149e+00
        3.9050000000    5.2162481970e+00
        3.9100000000    5.2162179121e+00
        3.9150000000    5.2161880542e+00
        3.9200000000    5.2161586173e+00
        3.9250000000    5.2161295953e+00
        3.9300000000    5.2161009825e+00
        3.9350000000    5.2160727730e+00
        3.9400000000    5.2160449613e+00
        3.9450000000    5.2160175416e+00
        3.9500000000    5.2159905085e+00
        3.9550000000    5.2159638565e+00
        3.9600000000    5.2159375802e+00
        3.9650000000    5.2159116744e+00
        3.9700000000    5.2158861338e+00
        3.9750000000    5.2158609532e+00
        3.9800000000    5.2158361277e+00
        3.9850000000    5.2158116521e+00
        3.9900000000    5.2157875216e+00
        3.9950000000    5.2157637312e+00
        4.0000000000    5.2157402763e+00
        4.0050000000    5.2157171520e+00
        4.0100000000    5.2156943537e+00
        4.0150000000    5.2156718768e+00
        4.0200000000    5.2156497168e+00
        4.0250000000    5.2156278693e+00
        4.0300000000    5.2156063297e+00
        4.0350000000    5.2155850937e+00
        4.0400000000    5.2155641572e+00
        4.0450000000    5.2155435158e+00
        4.0500000000    5.2155231654e+00
        4.0550000000    5.2155031019e+00
        4.0600000000    5.2154833213e+00
        4.0650000000    5.2154638195e+00
        4.0700000000    5.2154445926e+00
        4.0750000000    5.2154256368e+00
        4.0800000000    5.2154069483e+00
        4.0850000000    5.2153885232e+00
        4.0900000000    5.2153703578e+00
        4.0950000000    5.2153524486e+00
        4.1000000000    5.2153347918e+00
        4.1050000000    5.2153173840e+00
        4.1100000000    5.2153002216e+00
        4.1150000000    5.2152833011e+00
        4.1200000000    5.2152666191e+00
        4.1250000000    5.2152501724e+00
        4.1300000000    5.2152339575e+00
        4.1350000000    5.2152179712e+00
        4.1400000000    5.2152022102e+00
        4.1450000000    5.2151866715e+00
        4.1500000000    5.2151713518e+00
        4.1550000000    5.2151562481e+00
        4.1600000000    5.2151413574e+00
        4.1650000000    5.2151266765e+00
        4.1700000000    5.2151122026e+00
        4.1750000000    5.2150979328e+00
        4.1800000000    5.2150838642e+00
        4.1850000000    5.2150699938e+00
        4.1900000000    5.2150563191e+00
        4.1950000000    5.2150428371e+00
        4.2000000000    5.2150295451e+00
        4.2050000000    5.2150164406e+00
        4.2100000000    5.2150035208e+00
        4.2150000000    5.2149907832e+00
        4.2200000000    5.2149782251e+00
        4.2250000000    5.2149658440e+00
        4.2300000000    5.2149536375e+00
        4.2350000000    5.2149416031e+00
        4.2400000000    5.2149297384e+00
        4.2450000000    5.2149180409e+00
        4.2500000000    5.2149065083e+00
        4.2550000000    5.2148951383e+00
        4.2600000000    5.2148839286e+00
        4.2650000000    5.2148728770e+00
        4.2700000000    5.2148619811e+00
        4.2750000000    5.2148512389e+00
        4.2800000000    5.2148406480e+00
        4.2850000000    5.2148302065e+00
        4.2900000000    5.2148199122e+00
        4.2950000000    5.2148097631e+00
        4.3000000000    5.2147997570e+00
        4.3050000000    5.2147898919e+00
        4.3100000000    5.2147801660e+00
        4.3150000000    5.2147705771e+00
        4.3200000000    5.2147611235e+00
        4.3250000000    5.2147518031e+00
        4.3300000000    5.2147426141e+00
        4.3350000000    5.2147335547e+00
        4.3400000000    5.2147246229e+00
        4.3450000000    5.2147158171e+00
        4.3500000000    5.2147071355e+00
        4.3550000000    5.2146985762e+00
        4.3600000000    5.2146901376e+00
        4.3650000000    5.2146818179e+00
        4.3700000000    5.2146736156e+00
        4.3750000000    5.2146655289e+00
        4.3800000000    5.2146575562e+00
        4.3850000000    5.2146496958e+00
        4.3900000000    5.2146419463e+00
        4.3950000000    5.2146343061e+00
        4.4000000000    5.2146267736e+00
        4.4050000000    5.2146193472e+00
        4.4100000000    5.2146120256e+00
        4.4150000000    5.2146048071e+00
        4.4200000000    5.2145976905e+00
        4.4250000000    5.2145906741e+00
        4.4300000000    5.2145837567e+00
        4.4350000000    5.2145769368e+00
        4.4400000000    5.2145702130e+00
        4.4450000000    5.2145635841e+00
        4.4500000000    5.2145570486e+00
        4.4550000000    5.2145506052e+00
        4.4600000000    5.2145442526e+00
        4.4650000000    5.2145379896e+00
        4.4700000000    5.2145318150e+00
        4.4750000000    5.2145257273e+00
        4.4800000000    5.2145197255e+00
        4.4850000000    5.2145138083e+00
        4.4900000000    5.2145079745e+00
        4.4950000000    5.2145022230e+00
        4.5000000000    5.2144965525e+00
        4.5050000000    5.2144909620e+00
        4.5100000000    5.2144854503e+00
        4.5150000000    5.2144800163e+00
        4.5200000000    5.2144746589e+00
        4.5250000000    5.2144693770e+00
        4.5300000000    5.2144641696e+00
        4.5350000000    5.2144590356e+00
        4.5400000000    5.2144539740e+00
        4.5450000000    5.2144489838e+00
        4.5500000000    5.2144440639e+00
        4.5550000000    5.2144392133e+00
        4.5600000000    5.2144344312e+00
        4.5650000000    5.2144297164e+00
        4.5700000000    5.2144250682e+00
        4.5750000000    5.2144204854e+00
        4.5800000000    5.2144159673e+00
        4.5850000000    5.2144115128e+00
        4.5900000000    5.2144071212e+00
        4.5950000000    5.2144027915e+00
        4.6000000000    5.2143985228e+00
        4.6050000000    5.2143943142e+00
        4.6100000000    5.2143901651e+00
        4.6150000000    5.2143860744e+00
        4.6200000000    5.2143820414e+00
        4.6250000000    5.2143780652e+00
        4.6300000000    5.2143741451e+00
        4.6350000000    5.2143702802e+00
        4.6400000000    5.2143664699e+00
        4.6450000000    5.2143627133e+00
        4.6500000000    5.2143590096e+00
        4.6550000000    5.2143553581e+00
        4.6600000000    5.2143517581e+00
        4.6650000000    5.2143482089e+00
        4.6700000000    5.2143447097e+00
        4.6750000000    5.2143412598e+00
        4.6800000000    5.2143378586e+00
        4.6850000000    5.2143345053e+00
        4.6900000000    5.2143311993e+00
        4.6950000000    5.2143279399e+00
        4.7000000000    5.2143247264e+00
        4.7050000000    5.2143215583e+00
        4.7100000000    5.2143184348e+00
        4.7150000000    5.2143153554e+00
        4.7200000000    5.2143123193e+00
        4.7250000000    5.2143093261e+00
        4.7300000000    5.2143063751e+00
        4.7350000000    5.2143034656e+00
        4.7400000000    5.2143005972e+00
        4.7450000000    5.2142977692e+00
        4.7500000000    5.2142949811e+00
        4.7550000000    5.2142922323e+00
        4.7600000000    5.2142895223e+00
        4.7650000000    5.2142868504e+00
        4.7700000000    5.2142842162e+00
        4.7750000000    5.2142816192e+00
        4.7800000000    5.2142790588e+00
        4.7850000000    5.2142765344e+00
        4.7900000000    5.2142740457e+00
        4.7950000000    5.2142715920e+00
        4.8000000000    5.2142691730e+00
        4.8050000000    5.2142667880e+00
        4.8100000000    5.2142644366e+00
        4.8150000000    5.2142621184e+00
        4.8200000000    5.2142598329e+00
        4.8250000000    5.2142575796e+00
        4.8300000000    5.2142553581e+00
        4.8350000000    5.2142531679e+00
        4.8400000000    5.2142510086e+00
        4.8450000000    5.2142488797e+00
        4.8500000000    5.2142467808e+00
        4.8550000000    5.2142447115e+00
        4.8600000000    5.2142426714e+00
        4.8650000000    5.2142406601e+00
        4.8700000000    5.2142386771e+00
        4.8750000000    5.2142367220e+00
        4.8800000000    5.2142347945e+00
        4.8850000000    5.2142328942e+00
        4.8900000000    5.2142310207e+00
        4.8950000000    5.2142291736e+00
        4.9000000000    5.2142273526e+00
        4.9050000000    5.2142255572e+00
        4.9100000000    5.2142237871e+00
        4.9150000000    5.2142220420e+00
        4.9200000000    5.2142203214e+00
        4.9250000000    5.2142186252e+00
        4.9300000000    5.2142169528e+00
        4.9350000000    5.2142153040e+00
        4.9400000000    5.2142136785e+00
        4.9450000000    5.2142120759e+00
        4.9500000000    5.2142104959e+00
        4.9550000000    5.2142089381e+00
        4.9600000000    5.2142074023e+00
        4.9650000000    5.2142058882e+00
        4.9700000000    5.2142043954e+00
        4.9750000000    5.2142029237e+00
        4.9800000000    5.2142014727e+00
        4.9850000000    5.2142000421e+00
        4.9900000000    5.2141986317e+00
        4.9950000000    5.2141972413e+00
        5.0000000000    5.2141958704e+00
        5.0050000000    5.2141945188e+00
        5.0100000000    5.2141931863e+00
        5.0150000000    5.2141918726e+00
        5.0200000000    5.2141905774e+00
        5.0250000000    5.2141893004e+00
        5.0300000000    5.2141880415e+00
        5.0350000000    5.2141868003e+00
        5.0400000000    5.2141855766e+00
        5.0450000000    5.2141843702e+00
        5.0500000000    5.2141831807e+00
        5.0550000000    5.2141820081e+00
        5.0600000000    5.2141808519e+00
        5.0650000000    5.2141797121e+00
        5.0700000000    5.2141785883e+00
        5.0750000000    5.2141774804e+00
        5.0800000000    5.2141763881e+00
        5.0850000000    5.2141753112e+00
        5.0900000000    5.2141742495e+00
        5.0950000000    5.2141732027e+00
        5.1000000000    5.2141721707e+00
        5.1050000000    5.2141711533e+00
        5.1100000000    5.2141701502e+00
        5.1150000000    5.2141691612e+00
        5.1200000000    5.2141681862e+00
        5.1250000000    5.2141672249e+00
        5.1300000000    5.2141662772e+00
        5.1350000000    5.2141653428e+00
        5.1400000000    5.2141644216e+00
        5.1450000000    5.2141635134e+00
        5.1500000000    5.2141626180e+00
        5.1550000000    5.2141617353e+00
        5.1600000000    5.2141608649e+00
        5.1650000000    5.2141600069e+00
        5.1700000000    5.2141591609e+00
        5.1750000000    5.2141583269e+00
        5.1800000000    5.2141575046e+00
        5.1850000000    5.2141566939e+00
        5.1900000000    5.2141558946e+00
        5.1950000000    5.2141551067e+00
        5.2000000000    5.2141543298e+00
        5.2050000000    5.2141535638e+00
        5.2100000000    5.2141528087e+00
        5.2150000000    5.2141520642e+00
        5.2200000000    5.2141513302e+00
        5.2250000000    5.2141506066e+00
        5.2300000000    5.2141498931e+00
        5.2350000000    5.2141491898e+00
        5.2400000000    5.2141484963e+00
        5.2450000000    5.2141478126e+00
        5.2500000000    5.2141471386e+00
        5.2550000000    5.2141464740e+00
        5.2600000000    5.2141458188e+00
        5.2650000000    5.2141451729e+00
        5.2700000000    5.2141445360e+00
        5.2750000000    5.2141439082e+00
        5.2800000000    5.2141432892e+00
        5.2850000000    5.2141426789e+00
        5.2900000000    5.2141420772e+00
        5.2950000000    5.2141414840e+00
        5.3000000000    5.2141408992e+00
        5.3050000000    5.2141403226e+00
        5.3100000000    5.2141397541e+00
        5.3150000000    5.2141391937e+00
        5.3200000000    5.2141386411e+00
        5.3250000000    5.2141380964e+00
        5.3300000000    5.2141375593e+00
        5.3350000000    5.2141370298e+00
        5.3400000000    5.2141365078e+00
        5.3450000000    5.2141359931e+00
        5.3500000000    5.2141354857e+00
        5.3550000000    5.2141349854e+00
        5.3600000000    5.2141344922e+00
        5.3650000000    5.2141340059e+00
        5.3700000000    5.2141335265e+00
        5.3750000000    5.2141330539e+00
        5.3800000000    5.2141325879e+00
        5.3850000000    5.2141321285e+00
        5.3900000000    5.2141316755e+00
        5.3950000000    5.2141312290e+00
        5.4000000000    5.2141307887e+00
        5.4050000000    5.2141303546e+00
        5.4100000000    5.2141299267e+00
        5.4150000000    5.2141295048e+00
        5.4200000000    5.2141290889e+00
        5.4250000000    5.2141286788e+00
        5.4300000000    5.2141282745e+00
        5.4350000000    5.2141278759e+00
        5.4400000000    5.2141274829e+00
        5.4450000000    5.2141270954e+00
        5.4500000000    5.2141267134e+00
        5.4550000000    5.2141263368e+00
        5.4600000000    5.2141259655e+00
        5.4650000000    5.2141255995e+00
        5.4700000000    5.2141252386e+00
        5.4750000000    5.2141248828e+00
        5.4800000000    5.2141245320e+00
        5.4850000000    5.2141241861e+00
        5.4900000000    5.2141238452e+00
        5.4950000000    5.2141235090e+00
        5.5000000000    5.2141231776e+00
        5.5050000000    5.2141228508e+00
        5.5100000000    5.2141225287e+00
        5.5150000000    5.2141222111e+00
        5.5200000000    5.2141218979e+00
        5.5250000000    5.2141215892e+00
        5.5300000000    5.2141212849e+00
        5.5350000000    5.2141209848e+00
        5.5400000000    5.2141206890e+00
        5.5450000000    5.2141203973e+00
        5.5500000000    5.2141201097e+00
        5.5550000000    5.2141198262e+00
        5.5600000000    5.2141195467e+00
        5.5650000000    5.2141192712e+00
        5.5700000000    5.2141189995e+00
        5.5750000000    5.2141187316e+00
        5.5800000000    5.2141184676e+00
        5.5850000000    5.2141182072e+00
        5.5900000000    5.2141179505e+00
        5.5950000000    5.2141176975e+00
        5.6000000000    5.2141174480e+00
        5.6050000000    5.2141172020e+00
        5.6100000000    5.2141169595e+00
        5.6150000000    5.2141167204e+00
        5.6200000000    5.2141164847e+00
        5.6250000000    5.2141162523e+00
        5.6300000000    5.2141160231e+00
        5.6350000000    5.2141157973e+00
        5.6400000000    5.2141155746e+00
        5.6450000000    5.2141153550e+00
        5.6500000000    5.2141151385e+00
        5.6550000000    5.2141149251e+00
        5.6600000000    5.2141147147e+00
        5.6650000000    5.2141145072e+00
        5.6700000000    5.2141143027e+00
        5.6750000000    5.2141141011e+00
        5.6800000000    5.2141139023e+00
        5.6850000000    5.2141137063e+00
        5.6900000000    5.2141135131e+00
        5.6950000000    5.2141133226e+00
        5.7000000000    5.2141131347e+00
        5.7050000000    5.2141129496e+00
        5.7100000000    5.2141127670e+00
        5.7150000000    5.2141125870e+00
        5.7200000000    5.2141124096e+00
        5.7250000000    5.2141122346e+00
        5.7300000000    5.2141120621e+00
        5.7350000000    5.2141118921e+00
        5.7400000000    5.2141117244e+00
        5.7450000000    5.2141115592e+00
        5.7500000000    5.2141113962e+00
        5.7550000000    5.2141112355e+00
        5.7600000000    5.2141110771e+00
        5.7650000000    5.2141109210e+00
        5.7700000000    5.2141107670e+00
        5.7750000000    5.2141106152e+00
        5.7800000000    5.2141104656e+00
        5.7850000000    5.2141103180e+00
        5.7900000000    5.2141101726e+00
        5.7950000000    5.2141100292e+00
        5.8000000000    5.2141098878e+00
        5.8050000000    5.2141097484e+00
        5.8100000000    5.2141096109e+00
        5.8150000000    5.2141094754e+00
        5.8200000000    5.2141093419e+00
        5.8250000000    5.2141092102e+00
        5.8300000000    5.2141090803e+00
        5.8350000000    5.2141089523e+00
        5.8400000000    5.2141088261e+00
        5.8450000000    5.2141087017e+00
        5.8500000000    5.2141085790e+00
        5.8550000000    5.2141084581e+00
        5.8600000000    5.2141083388e+00
        5.8650000000    5.2141082213e+00
        5.8700000000    5.2141081054e+00
        5.8750000000    5.2141079911e+00
        5.8800000000    5.2141078784e+00
        5.8850000000    5.2141077674e+00
        5.8900000000    5.2141076579e+00
        5.8950000000    5.2141075499e+00
        5.9000000000    5.2141074435e+00
        5.9050000000    5.2141073385e+00
        5.9100000000    5.2141072351e+00
        5.9150000000    5.2141071331e+00
        5.9200000000    5.2141070325e+00
        5.9250000000    5.2141069334e+00
        5.9300000000    5.2141068356e+00
        5.9350000000    5.2141067393e+00
        5.9400000000    5.2141066442e+00
        5.9450000000    5.2141065506e+00
        5.9500000000    5.2141064582e+00
        5.9550000000    5.2141063672e+00
        5.9600000000    5.2141062774e+00
        5.9650000000    5.2141061889e+00
        5.9700000000    5.2141061017e+00
        5.9750000000    5.2141060157e+00
        5.9800000000    5.2141059308e+00
        5.9850000000    5.2141058472e+00
        5.9900000000    5.2141057648e+00
        5.9950000000    5.2141056835e+00
        6.0000000000    5.2141056034e+00
        6.0050000000    5.2141055244e+00
        6.0100000000    5.2141054465e+00
        6.0150000000    5.2141053697e+00
        6.0200000000    5.2141052940e+00
        6.0250000000    5.2141052194e+00
        6.0300000000    5.2141051458e+00
        6.0350000000    5.2141050733e+00
        6.0400000000    5.2141050018e+00
        6.0450000000    5.2141049312e+00
        6.0500000000    5.2141048617e+00
        6.0550000000    5.2141047932e+00
        6.0600000000    5.2141047256e+00
        6.0650000000    5.2141046590e+00
        6.0700000000    5.2141045933e+00
        6.0750000000    5.2141045286e+00
        6.0800000000    5.2141044647e+00
        6.0850000000    5.2141044018e+00
        6.0900000000    5.2141043397e+00
        6.0950000000    5.2141042785e+00
        6.1000000000    5.2141042182e+00
        6.1050000000    5.2141041587e+00
        6.1100000000    5.2141041001e+00
        6.1150000000    5.2141040423e+00
        6.1200000000    5.2141039853e+00
        6.1250000000    5.2141039291e+00
        6.1300000000    5.2141038737e+00
        6.1350000000    5.2141038191e+00
        6.1400000000    5.2141037653e+00
        6.1450000000    5.2141037122e+00
        6.1500000000    5.2141036599e+00
        6.1550000000    5.2141036083e+00
        6.1600000000    5.2141035574e+00
        6.1650000000    5.2141035073e+00
        6.1700000000    5.2141034578e+00
        6.1750000000    5.2141034091e+00
        6.1800000000    5.2141033610e+00
        6.1850000000    5.2141033136e+00
        6.1900000000    5.2141032669e+00
        6.1950000000    5.2141032209e+00
        6.2000000000    5.2141031755e+00
        6.2050000000    5.2141031307e+00
        6.2100000000    5.2141030865e+00
        6.2150000000    5.2141030430e+00
        6.2200000000    5.2141030001e+00
        6.2250000000    5.2141029578e+00
        6.2300000000    5.2141029161e+00
        6.2350000000    5.2141028750e+00
        6.2400000000    5.2141028345e+00
        6.2450000000    5.2141027945e+00
        6.2500000000    5.2141027551e+00
        6.2550000000    5.2141027163e+00
        6.2600000000    5.2141026780e+00
        6.2650000000    5.2141026403e+00
        6.2700000000    5.2141026030e+00
        6.2750000000    5.2141025663e+00
        6.2800000000    5.2141025302e+00
        6.2850000000    5.2141024945e+00
        6.2900000000    5.2141024593e+00
        6.2950000000    5.2141024246e+00
        6.3000000000    5.2141023905e+00
        6.3050000000    5.2141023568e+00
        6.3100000000    5.2141023235e+00
        6.3150000000    5.2141022908e+00
        6.3200000000    5.2141022585e+00
        6.3250000000    5.2141022266e+00
        6.3300000000    5.2141021953e+00
        6.3350000000    5.2141021643e+00
        6.3400000000    5.2141021338e+00
        6.3450000000    5.2141021037e+00
        6.3500000000    5.2141020741e+00
        6.3550000000    5.2141020448e+00
        6.3600000000    5.2141020160e+00
        6.3650000000    5.2141019876e+00
        6.3700000000    5.2141019595e+00
        6.3750000000    5.2141019319e+00
        6.3800000000    5.2141019047e+00
        6.3850000000    5.2141018778e+00
        6.3900000000    5.2141018514e+00
        6.3950000000    5.2141018253e+00
        6.4000000000    5.2141017995e+00
        6.4050000000    5.2141017742e+00
        6.4100000000    5.2141017491e+00
        6.4150000000    5.2141017245e+00
        6.4200000000    5.2141017002e+00
        6.4250000000    5.2141016762e+00
        6.4300000000    5.2141016526e+00
        6.4350000000    5.2141016293e+00
        6.4400000000    5.2141016063e+00
        6.4450000000    5.2141015837e+00
        6.4500000000    5.2141015613e+00
        6.4550000000    5.2141015393e+00
        6.4600000000    5.2141015176e+00
        6.4650000000    5.2141014962e+00
        6.4700000000    5.2141014751e+00
        6.4750000000    5.2141014543e+00
        6.4800000000    5.2141014338e+00
        6.4850000000    5.2141014136e+00
        6.4900000000    5.2141013937e+00
        6.4950000000    5.2141013740e+00
        6.5000000000    5.2141013547e+00
        6.5050000000    5.2141013356e+00
        6.5100000000    5.2141013167e+00
        6.5150000000    5.2141012982e+00
        6.5200000000    5.2141012799e+00
        6.5250000000    5.2141012618e+00
        6.5300000000    5.2141012441e+00
        6.5350000000    5.2141012265e+00
        6.5400000000    5.2141012092e+00
        6.5450000000    5.2141011922e+00
        6.5500000000    5.2141011754e+00
        6.5550000000    5.2141011588e+00
        6.5600000000    5.2141011425e+00
        6.5650000000    5.2141011264e+00
        6.5700000000    5.2141011105e+00
        6.5750000000    5.2141010948e+00
        6.5800000000    5.2141010794e+00
        6.5850000000    5.2141010642e+00
        6.5900000000    5.2141010492e+00
        6.5950000000    5.2141010344e+00
        6.6000000000    5.2141010198e+00
        6.6050000000    5.2141010054e+00
        6.6100000000    5.2141009912e+00
        6.6150000000    5.2141009773e+00
        6.6200000000    5.2141009635e+00
        6.6250000000    5.2141009499e+00
        6.6300000000    5.2141009365e+00
        6.6350000000    5.2141009233e+00
        6.6400000000    5.2141009103e+00
        6.6450000000    5.2141008975e+00
        6.6500000000    5.2141008848e+00
        6.6550000000    5.2141008723e+00
        6.6600000000    5.2141008600e+00
        6.6650000000    5.2141008479e+00
        6.6700000000    5.2141008360e+00
        6.6750000000    5.2141008242e+00
        6.6800000000    5.2141008126e+00
        6.6850000000    5.2141008011e+00
        6.6900000000    5.2141007898e+00
        6.6950000000    5.2141007787e+00
        6.7000000000    5.2141007677e+00
        6.7050000000    5.2141007569e+00
        6.7100000000    5.2141007462e+00
        6.7150000000    5.2141007357e+00
        6.7200000000    5.2141007253e+00
        6.7250000000    5.2141007151e+00
        6.7300000000    5.2141007050e+00
        6.7350000000    5.2141006951e+00
        6.7400000000    5.2141006853e+00
        6.7450000000    5.2141006756e+00
        6.7500000000    5.2141006661e+00
        6.7550000000    5.2141006567e+00
        6.7600000000    5.2141006474e+00
        6.7650000000    5.2141006383e+00
        6.7700000000    5.2141006293e+00
        6.7750000000    5.2141006204e+00
        6.7800000000    5.2141006117e+00
        6.7850000000    5.2141006031e+00
        6.7900000000    5.2141005946e+00
        6.7950000000    5.2141005862e+00
        6.8000000000    5.2141005779e+00
        6.8050000000    5.2141005698e+00
        6.8100000000    5.2141005617e+00
        6.8150000000    5.2141005538e+00
        6.8200000000    5.2141005460e+00
        6.8250000000    5.2141005383e+00
        6.8300000000    5.2141005307e+00
        6.8350000000    5.2141005232e+00
        6.8400000000    5.2141005159e+00
        6.8450000000    5.2141005086e+00
        6.8500000000    5.2141005014e+00
        6.8550000000    5.2141004944e+00
        6.8600000000    5.2141004874e+00
        6.8650000000    5.2141004805e+00
        6.8700000000    5.2141004737e+00
        6.8750000000    5.2141004671e+00
        6.8800000000    5.2141004605e+00
        6.8850000000    5.2141004540e+00
        6.8900000000    5.2141004476e+00
        6.8950000000    5.2141004413e+00
        6.9000000000    5.2141004351e+00
        6.9050000000    5.2141004289e+00
        6.9100000000    5.2141004229e+00
        6.9150000000    5.2141004169e+00
        6.9200000000    5.2141004110e+00
        6.9250000000    5.2141004052e+00
        6.9300000000    5.2141003995e+00
        6.9350000000    5.2141003939e+00
        6.9400000000    5.2141003883e+00
        6.9450000000    5.2141003829e+00
        6.9500000000    5.2141003775e+00
        6.9550000000    5.2141003721e+00
        6.9600000000    5.2141003669e+00
        6.9650000000    5.2141003617e+00
        6.9700000000    5.2141003566e+00
        6.9750000000    5.2141003516e+00
        6.9800000000    5.2141003466e+00
        6.9850000000    5.2141003418e+00
        6.9900000000    5.2141003369e+00
        6.9950000000    5.2141003322e+00
        7.0000000000    5.2141003275e+00
        7.0050000000    5.2141003229e+00
        7.0100000000    5.2141003183e+00
        7.0150000000    5.2141003138e+00
        7.0200000000    5.2141003094e+00
        7.0250000000    5.2141003051e+00
        7.0300000000    5.2141003008e+00
        7.0350000000    5.2141002965e+00
        7.0400000000    5.2141002923e+00
        7.0450000000    5.2141002882e+00
        7.0500000000    5.2141002842e+00
        7.0550000000    5.2141002802e+00
        7.0600000000    5.2141002762e+00
        7.0650000000    5.2141002723e+00
        7.0700000000    5.2141002685e+00
        7.0750000000    5.2141002647e+00
        7.0800000000    5.2141002610e+00
        7.0850000000    5.2141002573e+00
        7.0900000000    5.2141002536e+00
        7.0950000000    5.2141002501e+00
        7.1000000000    5.2141002465e+00
        7.1050000000    5.2141002431e+00
        7.1100000000    5.2141002396e+00
        7.1150000000    5.2141002363e+00
        7.1200000000    5.2141002329e+00
        7.1250000000    5.2141002296e+00
        7.1300000000    5.2141002264e+00
        7.1350000000    5.2141002232e+00
        7.1400000000    5.2141002201e+00
        7.1450000000    5.2141002170e+00
        7.1500000000    5.2141002139e+00
        7.1550000000    5.2141002109e+00
        7.1600000000    5.2141002079e+00
        7.1650000000    5.2141002050e+00
        7.1700000000    5.2141002021e+00
        7.1750000000    5.2141001993e+00
        7.1800000000    5.2141001964e+00
        7.1850000000    5.2141001937e+00
        7.1900000000    5.2141001909e+00
        7.1950000000    5.2141001883e+00
        7.2000000000    5.2141001856e+00
        7.2050000000    5.2141001830e+00
        7.2100000000    5.2141001804e+00
        7.2150000000    5.2141001779e+00
        7.2200000000    5.2141001754e+00
        7.2250000000    5.2141001729e+00
        7.2300000000    5.2141001704e+00
        7.2350000000    5.2141001680e+00
        7.2400000000    5.2141001657e+00
        7.2450000000    5.2141001633e+00
        7.2500000000    5.2141001610e+00
        7.2550000000    5.2141001588e+00
        7.2600000000    5.2141001565e+00
        7.2650000000    5.2141001543e+00
        7.2700000000    5.2141001521e+00
        7.2750000000    5.2141001500e+00
        7.2800000000    5.2141001479e+00
        7.2850000000    5.2141001458e+00
        7.2900000000    5.2141001437e+00
        7.2950000000    5.2141001417e+00
        7.3000000000    5.2141001397e+00
        7.3050000000    5.2141001377e+00
        7.3100000000    5.2141001358e+00
        7.3150000000    5.2141001339e+00
        7.3200000000    5.2141001320e+00
        7.3250000000    5.2141001301e+00
        7.3300000000    5.2141001283e+00
        7.3350000000    5.2141001265e+00
        7.3400000000    5.2141001247e+00
        7.3450000000    5.2141001230e+00
        7.3500000000    5.2141001212e+00
        7.3550000000    5.2141001195e+00
        7.3600000000    5.2141001178e+00
        7.3650000000    5.2141001162e+00
        7.3700000000    5.2141001145e+00
        7.3750000000    5.2141001129e+00
        7.3800000000    5.2141001113e+00
        7.3850000000    5.2141001098e+00
        7.3900000000    5.2141001082e+00
        7.3950000000    5.2141001067e+00
        7.4000000000    5.2141001052e+00
        7.4050000000    5.2141001037e+00
        7.4100000000    5.2141001022e+00
        7.4150000000    5.2141001008e+00
        7.4200000000    5.2141000994e+00
        7.4250000000    5.2141000980e+00
        7.4300000000    5.2141000966e+00
        7.4350000000    5.2141000952e+00
        7.4400000000    5.2141000939e+00
        7.4450000000    5.2141000926e+00
        7.4500000000    5.2141000913e+00
        7.4550000000    5.2141000900e+00
        7.4600000000    5.2141000887e+00
        7.4650000000    5.2141000875e+00
        7.4700000000    5.2141000862e+00
        7.4750000000    5.2141000850e+00
        7.4800000000    5.2141000838e+00
        7.4850000000    5.2141000826e+00
        7.4900000000    5.2141000815e+00
        7.4950000000    5.2141000803e+00
        7.5000000000    5.2141000792e+00
        7.5050000000    5.2141000781e+00
        7.5100000000    5.2141000770e+00
        7.5150000000    5.2141000759e+00
        7.5200000000    5.2141000748e+00
        7.5250000000    5.2141000738e+00
        7.5300000000    5.2141000727e+00
        7.5350000000    5.2141000717e+00
        7.5400000000    5.2141000707e+00
        7.5450000000    5.2141000697e+00
        7.5500000000    5.2141000687e+00
        7.5550000000    5.2141000677e+00
        7.5600000000    5.2141000668e+00
        7.5650000000    5.2141000658e+00
        7.5700000000    5.2141000649e+00
        7.5750000000    5.2141000640e+00
        7.5800000000    5.2141000631e+00
        7.5850000000    5.2141000622e+00
        7.5900000000    5.2141000613e+00
        7.5950000000    5.2141000605e+00
        7.6000000000    5.2141000596e+00
        7.6050000000    5.2141000588e+00
        7.6100000000    5.2141000579e+00
        7.6150000000    5.2141000571e+00
        7.6200000000    5.2141000563e+00
        7.6250000000    5.2141000555e+00
        7.6300000000    5.2141000547e+00
        7.6350000000    5.2141000540e+00
        7.6400000000    5.2141000532e+00
        7.6450000000    5.2141000525e+00
        7.6500000000    5.2141000517e+00
        7.6550000000    5.2141000510e+00
        7.6600000000    5.2141000503e+00
        7.6650000000    5.2141000496e+00
        7.6700000000    5.2141000489e+00
        7.6750000000    5.2141000482e+00
        7.6800000000    5.2141000475e+00
        7.6850000000    5.2141000468e+00
        7.6900000000    5.2141000462e+00
        7.6950000000    5.2141000455e+00
        7.7000000000    5.2141000449e+00
        7.7050000000    5.2141000442e+00
        7.7100000000    5.2141000436e+00
        7.7150000000    5.2141000430e+00
        7.7200000000    5.2141000424e+00
        7.7250000000    5.2141000418e+00
        7.7300000000    5.2141000412e+00
        7.7350000000    5.2141000406e+00
        7.7400000000    5.2141000401e+00
        7.7450000000    5.2141000395e+00
        7.7500000000    5.2141000389e+00
        7.7550000000    5.2141000384e+00
        7.7600000000    5.2141000378e+00
        7.7650000000    5.2141000373e+00
        7.7700000000    5.2141000368e+00
        7.7750000000    5.2141000363e+00
        7.7800000000    5.2141000358e+00
        7.7850000000    5.2141000352e+00
        7.7900000000    5.2141000348e+00
        7.7950000000    5.2141000343e+00
        7.8000000000    5.2141000338e+00
        7.8050000000    5.2141000333e+00
        7.8100000000    5.2141000328e+00
        7.8150000000    5.2141000324e+00
        7.8200000000    5.2141000319e+00
        7.8250000000    5.2141000315e+00
        7.8300000000    5.2141000310e+00
        7.8350000000    5.2141000306e+00
        7.8400000000    5.2141000302e+00
        7.8450000000    5.2141000297e+00
        7.8500000000    5.2141000293e+00
        7.8550000000    5.2141000289e+00
        7.8600000000    5.2141000285e+00
        7.8650000000    5.2141000281e+00
        7.8700000000    5.2141000277e+00
        7.8750000000    5.2141000273e+00
        7.8800000000    5.2141000269e+00
        7.8850000000    5.2141000265e+00
        7.8900000000    5.2141000262e+00
        7.8950000000    5.2141000258e+00
        7.9000000000    5.2141000254e+00
        7.9050000000    5.2141000251e+00
        7.9100000000    5.2141000247e+00
        7.9150000000    5.2141000244e+00
        7.9200000000    5.2141000240e+00
        7.9250000000    5.2141000237e+00
        7.9300000000    5.2141000234e+00
        7.9350000000    5.2141000230e+00
        7.9400000000    5.2141000227e+00
        7.9450000000    5.2141000224e+00
        7.9500000000    5.2141000221e+00
        7.9550000000    5.2141000218e+00
        7.9600000000    5.2141000214e+00
        7.9650000000    5.2141000211e+00
        7.9700000000    5.2141000208e+00
        7.9750000000    5.2141000206e+00
        7.9800000000    5.2141000203e+00
        7.9850000000    5.2141000200e+00
        7.9900000000    5.2141000197e+00
        7.9950000000    5.2141000194e+00
        8.0000000000    5.2141000191e+00
        8.0050000000    5.2141000189e+00
        8.0100000000    5.2141000186e+00
        8.0150000000    5.2141000183e+00
        8.0200000000    5.2141000181e+00
        8.0250000000    5.2141000178e+00
        8.0300000000    5.2141000176e+00
        8.0350000000    5.2141000173e+00
        8.0400000000    5.2141000171e+00
        8.0450000000    5.2141000168e+00
        8.0500000000    5.2141000166e+00
        8.0550000000    5.2141000164e+00
        8.0600000000    5.2141000161e+00
        8.0650000000    5.2141000159e+00
        8.0700000000    5.2141000157e+00
        8.0750000000    5.2141000155e+00
        8.0800000000    5.2141000153e+00
        8.0850000000    5.2141000150e+00
        8.0900000000    5.2141000148e+00
        8.0950000000    5.2141000146e+00
        8.1000000000    5.2141000144e+00
        8.1050000000    5.2141000142e+00
        8.1100000000    5.2141000140e+00
        8.1150000000    5.2141000138e+00
        8.1200000000    5.2141000136e+00
        8.1250000000    5.2141000134e+00
        8.1300000000    5.2141000132e+00
        8.1350000000    5.2141000130e+00
        8.1400000000    5.2141000129e+00
        8.1450000000    5.2141000127e+00
        8.1500000000    5.2141000125e+00
        8.1550000000    5.2141000123e+00
        8.1600000000    5.2141000122e+00
        8.1650000000    5.2141000120e+00
        8.1700000000    5.2141000118e+00
        8.1750000000    5.2141000116e+00
        8.1800000000    5.2141000115e+00
        8.1850000000    5.2141000113e+00
        8.1900000000    5.2141000112e+00
        8.1950000000    5.2141000110e+00
        8.2000000000    5.2141000108e+00
        8.2050000000    5.2141000107e+00
        8.2100000000    5.2141000105e+00
        8.2150000000    5.2141000104e+00
        8.2200000000    5.2141000102e+00
        8.2250000000    5.2141000101e+00
        8.2300000000    5.2141000100e+00
        8.2350000000    5.2141000098e+00
        8.2400000000    5.2141000097e+00
        8.2450000000    5.2141000095e+00
        8.2500000000    5.2141000094e+00
        8.2550000000    5.2141000093e+00
        8.2600000000    5.2141000091e+00
        8.2650000000    5.2141000090e+00
        8.2700000000    5.2141000089e+00
        8.2750000000    5.2141000088e+00
        8.2800000000    5.2141000086e+00
        8.2850000000    5.2141000085e+00
        8.2900000000    5.2141000084e+00
        8.2950000000    5.2141000083e+00
        8.3000000000    5.2141000082e+00
        8.3050000000    5.2141000081e+00
        8.3100000000    5.2141000079e+00
        8.3150000000    5.2141000078e+00
        8.3200000000    5.2141000077e+00
        8.3250000000    5.2141000076e+00
        8.3300000000    5.2141000075e+00
        8.3350000000    5.2141000074e+00
        8.3400000000    5.2141000073e+00
        8.3450000000    5.2141000072e+00
        8.3500000000    5.2141000071e+00
        8.3550000000    5.2141000070e+00
        8.3600000000    5.2141000069e+00
        8.3650000000    5.2141000068e+00
        8.3700000000    5.2141000067e+00
        8.3750000000    5.2141000066e+00
        8.3800000000    5.2141000065e+00
        8.3850000000    5.2141000064e+00
        8.3900000000    5.2141000063e+00
        8.3950000000    5.2141000062e+00
        8.4000000000    5.2141000061e+00
        8.4050000000    5.2141000061e+00
        8.4100000000    5.2141000060e+00
        8.4150000000    5.2141000059e+00
        8.4200000000    5.2141000058e+00
        8.4250000000    5.2141000057e+00
        8.4300000000    5.2141000056e+00
        8.4350000000    5.2141000056e+00
        8.4400000000    5.2141000055e+00
        8.4450000000    5.2141000054e+00
        8.4500000000    5.2141000053e+00
        8.4550000000    5.2141000053e+00
        8.4600000000    5.2141000052e+00
        8.4650000000    5.2141000051e+00
        8.4700000000    5.2141000050e+00
        8.4750000000    5.2141000050e+00
        8.4800000000    5.2141000049e+00
        8.4850000000    5.2141000048e+00
        8.4900000000    5.2141000048e+00
        8.4950000000    5.2141000047e+00
        8.5000000000    5.2141000046e+00
        8.5050000000    5.2141000046e+00
        8.5100000000    5.2141000045e+00
        8.5150000000    5.2141000044e+00
        8.5200000000    5.2141000044e+00
        8.5250000000    5.2141000043e+00
        8.5300000000    5.2141000042e+00
        8.5350000000    5.2141000042e+00
        8.5400000000    5.2141000041e+00
        8.5450000000    5.2141000041e+00
        8.5500000000    5.2141000040e+00
        8.5550000000    5.2141000040e+00
        8.5600000000    5.2141000039e+00
        8.5650000000    5.2141000038e+00
        8.5700000000    5.2141000038e+00
        8.5750000000    5.2141000037e+00
        8.5800000000    5.2141000037e+00
        8.5850000000    5.2141000036e+00
        8.5900000000    5.2141000036e+00
        8.5950000000    5.2141000035e+00
        8.6000000000    5.2141000035e+00
        8.6050000000    5.2141000034e+00
        8.6100000000    5.2141000034e+00
        8.6150000000    5.2141000033e+00
        8.6200000000    5.2141000033e+00
        8.6250000000    5.2141000032e+00
        8.6300000000    5.2141000032e+00
        8.6350000000    5.2141000032e+00
        8.6400000000    5.2141000031e+00
        8.6450000000    5.2141000031e+00
        8.6500000000    5.2141000030e+00
        8.6550000000    5.2141000030e+00
        8.6600000000    5.2141000029e+00
        8.6650000000    5.2141000029e+00
        8.6700000000    5.2141000029e+00
        8.6750000000    5.2141000028e+00
        8.6800000000    5.2141000028e+00
        8.6850000000    5.2141000027e+00
        8.6900000000    5.2141000027e+00
        8.6950000000    5.2141000027e+00
        8.7000000000    5.2141000026e+00
        8.7050000000    5.2141000026e+00
        8.7100000000    5.2141000025e+00
        8.7150000000    5.2141000025e+00
        8.7200000000    5.2141000025e+00
        8.7250000000    5.2141000024e+00
        8.7300000000    5.2141000024e+00
        8.7350000000    5.2141000024e+00
        8.7400000000    5.2141000023e+00
        8.7450000000    5.2141000023e+00
        8.7500000000    5.2141000023e+00
        8.7550000000    5.2141000022e+00
        8.7600000000    5.2141000022e+00
        8.7650000000    5.2141000022e+00
        8.7700000000    5.2141000021e+00
        8.7750000000    5.2141000021e+00
        8.7800000000    5.2141000021e+00
        8.7850000000    5.2141000021e+00
        8.7900000000    5.2141000020e+00
        8.7950000000    5.2141000020e+00
        8.8000000000    5.2141000020e+00
        8.8050000000    5.2141000019e+00
        8.8100000000    5.2141000019e+00
        8.8150000000    5.2141000019e+00
        8.8200000000    5.2141000019e+00
        8.8250000000    5.2141000018e+00
        8.8300000000    5.2141000018e+00
        8.8350000000    5.2141000018e+00
        8.8400000000    5.2141000018e+00
        8.8450000000    5.2141000017e+00
        8.8500000000    5.2141000017e+00
        8.8550000000    5.2141000017e+00
        8.8600000000    5.2141000017e+00
        8.8650000000    5.2141000016e+00
        8.8700000000    5.2141000016e+00
        8.8750000000    5.2141000016e+00
        8.8800000000    5.2141000016e+00
        8.8850000000    5.2141000016e+00
        8.8900000000    5.2141000015e+00
        8.8950000000    5.2141000015e+00
        8.9000000000    5.2141000015e+00
        8.9050000000    5.2141000015e+00
        8.9100000000    5.2141000014e+00
        8.9150000000    5.2141000014e+00
        8.9200000000    5.2141000014e+00
        8.9250000000    5.2141000014e+00
        8.9300000000    5.2141000014e+00
        8.9350000000    5.2141000013e+00
        8.9400000000    5.2141000013e+00
        8.9450000000    5.2141000013e+00
        8.9500000000    5.2141000013e+00
        8.9550000000    5.2141000013e+00
        8.9600000000    5.2141000013e+00
        8.9650000000    5.2141000012e+00
        8.9700000000    5.2141000012e+00
        8.9750000000    5.2141000012e+00
        8.9800000000    5.2141000012e+00
        8.9850000000    5.2141000012e+00
        8.9900000000    5.2141000012e+00
        8.9950000000    5.2141000011e+00
        9.0000000000    5.2141000011e+00
        9.0050000000    5.2141000011e+00
        9.0100000000    5.2141000011e+00
        9.0150000000    5.2141000011e+00
        9.0200000000    5.2141000011e+00
        9.0250000000    5.2141000010e+00
        9.0300000000    5.2141000010e+00
        9.0350000000    5.2141000010e+00
        9.0400000000    5.2141000010e+00
        9.0450000000    5.2141000010e+00
        9.0500000000    5.2141000010e+00
        9.0550000000    5.2141000010e+00
        9.0600000000    5.2141000009e+00
        9.0650000000    5.2141000009e+00
        9.0700000000    5.2141000009e+00
        9.0750000000    5.2141000009e+00
        9.0800000000    5.2141000009e+00
        9.0850000000    5.2141000009e+00
        9.0900000000    5.2141000009e+00
        9.0950000000    5.2141000009e+00
        9.1000000000    5.2141000008e+00
        9.1050000000    5.2141000008e+00
        9.1100000000    5.2141000008e+00
        9.1150000000    5.2141000008e+00
        9.1200000000    5.2141000008e+00
        9.1250000000    5.2141000008e+00
        9.1300000000    5.2141000008e+00
        9.1350000000    5.2141000008e+00
        9.1400000000    5.2141000008e+00
        9.1450000000    5.2141000007e+00
        9.1500000000    5.2141000007e+00
        9.1550000000    5.2141000007e+00
        9.1600000000    5.2141000007e+00
        9.1650000000    5.2141000007e+00
        9.1700000000    5.2141000007e+00
        9.1750000000    5.2141000007e+00
        9.1800000000    5.2141000007e+00
        9.1850000000    5.2141000007e+00
        9.1900000000    5.2141000007e+00
        9.1950000000    5.2141000006e+00
        9.2000000000    5.2141000006e+00
        9.2050000000    5.2141000006e+00
        9.2100000000    5.2141000006e+00
        9.2150000000    5.2141000006e+00
        9.2200000000    5.2141000006e+00
        9.2250000000    5.2141000006e+00
        9.2300000000    5.2141000006e+00
        9.2350000000    5.2141000006e+00
        9.2400000000    5.2141000006e+00
        9.2450000000    5.2141000006e+00
        9.2500000000    5.2141000006e+00
        9.2550000000    5.2141000005e+00
        9.2600000000    5.2141000005e+00
        9.2650000000    5.2141000005e+00
        9.2700000000    5.2141000005e+00
        9.2750000000    5.2141000005e+00
        9.2800000000    5.2141000005e+00
        9.2850000000    5.2141000005e+00
        9.2900000000    5.2141000005e+00
        9.2950000000    5.2141000005e+00
        9.3000000000    5.2141000005e+00
        9.3050000000    5.2141000005e+00
        9.3100000000    5.2141000005e+00
        9.3150000000    5.2141000005e+00
        9.3200000000    5.2141000005e+00
        9.3250000000    5.2141000004e+00
        9.3300000000    5.2141000004e+00
        9.3350000000    5.2141000004e+00
        9.3400000000    5.2141000004e+00
        9.3450000000    5.2141000004e+00
        9.3500000000    5.2141000004e+00
        9.3550000000    5.2141000004e+00
        9.3600000000    5.2141000004e+00
        9.3650000000    5.2141000004e+00
        9.3700000000    5.2141000004e+00
        9.3750000000    5.2141000004e+00
        9.3800000000    5.2141000004e+00
        9.3850000000    5.2141000004e+00
        9.3900000000    5.2141000004e+00
        9.3950000000    5.2141000004e+00
        9.4000000000    5.2141000004e+00
        9.4050000000    5.2141000004e+00
        9.4100000000    5.2141000003e+00
        9.4150000000    5.2141000003e+00
        9.4200000000    5.2141000003e+00
        9.4250000000    5.2141000003e+00
        9.4300000000    5.2141000003e+00
        9.4350000000    5.2141000003e+00
        9.4400000000    5.2141000003e+00
        9.4450000000    5.2141000003e+00
        9.4500000000    5.2141000003e+00
        9.4550000000    5.2141000003e+00
        9.4600000000    5.2141000003e+00
        9.4650000000    5.2141000003e+00
        9.4700000000    5.2141000003e+00
        9.4750000000    5.2141000003e+00
        9.4800000000    5.2141000003e+00
        9.4850000000    5.2141000003e+00
        9.4900000000    5.2141000003e+00
        9.4950000000    5.2141000003e+00
        9.5000000000    5.2141000003e+00
        9.5050000000    5.2141000003e+00
        9.5100000000    5.2141000003e+00
        9.5150000000    5.2141000003e+00
        9.5200000000    5.2141000003e+00
        9.5250000000    5.2141000003e+00
        9.5300000000    5.2141000002e+00
        9.5350000000    5.2141000002e+00
        9.5400000000    5.2141000002e+00
        9.5450000000    5.2141000002e+00
        9.5500000000    5.2141000002e+00
        9.5550000000    5.2141000002e+00
        9.5600000000    5.2141000002e+00
        9.5650000000    5.2141000002e+00
        9.5700000000    5.2141000002e+00
        9.5750000000    5.2141000002e+00
        9.5800000000    5.2141000002e+00
        9.5850000000    5.2141000002e+00
        9.5900000000    5.2141000002e+00
        9.5950000000    5.2141000002e+00
        9.6000000000    5.2141000002e+00
        9.6050000000    5.2141000002e+00
        9.6100000000    5.2141000002e+00
        9.6150000000    5.2141000002e+00
        9.6200000000    5.2141000002e+00
        9.6250000000    5.2141000002e+00
        9.6300000000    5.2141000002e+00
        9.6350000000    5.2141000002e+00
        9.6400000000    5.2141000002e+00
        9.6450000000    5.2141000002e+00
        9.6500000000    5.2141000002e+00
        9.6550000000    5.2141000002e+00
        9.6600000000    5.2141000002e+00
        9.6650000000    5.2141000002e+00
        9.6700000000    5.2141000002e+00
        9.6750000000    5.2141000002e+00
        9.6800000000    5.2141000002e+00
        9.6850000000    5.2141000002e+00
        9.6900000000    5.2141000002e+00
        9.6950000000    5.2141000002e+00
        9.7000000000    5.2141000002e+00
        9.7050000000    5.2141000002e+00
        9.7100000000    5.2141000001e+00
        9.7150000000    5.2141000001e+00
        9.7200000000    5.2141000001e+00
        9.7250000000    5.2141000001e+00
        9.7300000000    5.2141000001e+00
        9.7350000000    5.2141000001e+00
        9.7400000000    5.2141000001e+00
        9.7450000000    5.2141000001e+00
        9.7500000000    5.2141000001e+00
        9.7550000000    5.2141000001e+00
        9.7600000000    5.2141000001e+00
        9.7650000000    5.2141000001e+00
        9.7700000000    5.2141000001e+00
        9.7750000000    5.2141000001e+00
        9.7800000000    5.2141000001e+00
        9.7850000000    5.2141000001e+00
        9.7900000000    5.2141000001e+00
        9.7950000000    5.2141000001e+00
        9.8000000000    5.2141000001e+00
        9.8050000000    5.2141000001e+00
        9.8100000000    5.2141000001e+00
        9.8150000000    5.2141000001e+00
        9.8200000000    5.2141000001e+00
        9.8250000000    5.2141000001e+00
        9.8300000000    5.2141000001e+00
        9.8350000000    5.2141000001e+00
        9.8400000000    5.2141000001e+00
        9.8450000000    5.2141000001e+00
        9.8500000000    5.2141000001e+00
        9.8550000000    5.2141000001e+00
        9.8600000000    5.2141000001e+00
        9.8650000000    5.2141000001e+00
        9.8700000000    5.2141000001e+00
        9.8750000000    5.2141000001e+00
        9.8800000000    5.2141000001e+00
        9.8850000000    5.2141000001e+00
        9.8900000000    5.2141000001e+00
        9.8950000000    5.2141000001e+00
        9.9000000000    5.2141000001e+00
        9.9050000000    5.2141000001e+00
        9.9100000000    5.2141000001e+00
        9.9150000000    5.2141000001e+00
        9.9200000000    5.2141000001e+00
        9.9250000000    5.2141000001e+00
        9.9300000000    5.2141000001e+00
        9.9350000000    5.2141000001e+00
        9.9400000000    5.2141000001e+00
        9.9450000000    5.2141000001e+00
        9.9500000000    5.2141000001e+00
        9.9550000000    5.2141000001e+00
        9.9600000000    5.2141000001e+00
        9.9650000000    5.2141000001e+00
        9.9700000000    5.2141000001e+00
        9.9750000000    5.2141000001e+00
        9.9800000000    5.2141000001e+00
        9.9850000000    5.2141000001e+00
        9.9900000000    5.2141000001e+00
        9.9950000000    5.2141000001e+00
