        0.0050000000    6.3222211524e+03
        0.0100000000    6.1378673910e+03
        0.0150000000    5.9588937581e+03
        0.0200000000    5.7851432414e+03
        0.0250000000    5.6164634111e+03
        0.0300000000    5.4527062856e+03
        0.0350000000    5.2937282021e+03
        0.0400000000    5.1393896904e+03
        0.0450000000    4.9895553505e+03
        0.0500000000    4.8440937339e+03
        0.0550000000    4.7028772284e+03
        0.0600000000    4.5657819457e+03
        0.0650000000    4.4326876133e+03
        0.0700000000    4.3034774685e+03
        0.0750000000    4.1780381564e+03
        0.0800000000    4.0562596299e+03
        0.0850000000    3.9380350538e+03
        0.0900000000    3.8232607106e+03
        0.0950000000    3.7118359095e+03
        0.1000000000    3.6036628986e+03
        0.1050000000    3.4986467786e+03
        0.1100000000    3.3966954194e+03
        0.1150000000    3.2977193802e+03
        0.1200000000    3.2016318299e+03
        0.1250000000    3.1083484717e+03
        0.1300000000    3.0177874689e+03
        0.1350000000    2.9298693730e+03
        0.1400000000    2.8445170541e+03
        0.1450000000    2.7616556333e+03
        0.1500000000    2.6812124170e+03
        0.1550000000    2.6031168329e+03
        0.1600000000    2.5273003685e+03
        0.1650000000    2.4536965105e+03
        0.1700000000    2.3822406868e+03
        0.1750000000    2.3128702098e+03
        0.1800000000    2.2455242214e+03
        0.1850000000    2.1801436394e+03
        0.1900000000    2.1166711060e+03
        0.1950000000    2.0550509371e+03
        0.2000000000    1.9952290740e+03
        0.2050000000    1.9371530354e+03
        0.2100000000    1.8807718715e+03
        0.2150000000    1.8260361198e+03
        0.2200000000    1.7728977608e+03
        0.2250000000    1.7213101768e+03
        0.2300000000    1.6712281104e+03
        0.2350000000    1.6226076250e+03
        0.2400000000    1.5754060662e+03
        0.2450000000    1.5295820244e+03
        0.2500000000    1.4850952986e+03
        0.2550000000    1.4419068609e+03
        0.2600000000    1.3999788225e+03
        0.2650000000    1.3592744002e+03
        0.2700000000    1.3197578843e+03
        0.2750000000    1.2813946073e+03
        0.2800000000    1.2441509135e+03
        0.2850000000    1.2079941291e+03
        0.2900000000    1.1728925342e+03
        0.2950000000    1.1388153344e+03
        0.3000000000    1.1057326341e+03
        0.3050000000    1.0736154099e+03
        0.3100000000    1.0424354859e+03
        0.3150000000    1.0121655080e+03
        0.3200000000    9.8277892062e+02
        0.3250000000    9.5424994318e+02
        0.3300000000    9.2655354741e+02
        0.3350000000    8.9966543549e+02
        0.3400000000    8.7356201868e+02
        0.3450000000    8.4822039666e+02
        0.3500000000    8.2361833743e+02
        0.3550000000    7.9973425779e+02
        0.3600000000    7.7654720443e+02
        0.3650000000    7.5403683553e+02
        0.3700000000    7.3218340292e+02
        0.3750000000    7.1096773475e+02
        0.3800000000    6.9037121870e+02
        0.3850000000    6.7037578558e+02
        0.3900000000    6.5096389358e+02
        0.3950000000    6.3211851279e+02
        0.4000000000    6.1382311030e+02
        0.4050000000    5.9606163571e+02
        0.4100000000    5.7881850701e+02
        0.4150000000    5.6207859693e+02
        0.4200000000    5.4582721970e+02
        0.4250000000    5.3005011810e+02
        0.4300000000    5.1473345100e+02
        0.4350000000    4.9986378122e+02
        0.4400000000    4.8542806371e+02
        0.4450000000    4.7141363414e+02
        0.4500000000    4.5780819774e+02
        0.4550000000    4.4459981858e+02
        0.4600000000    4.3177690905e+02
        0.4650000000    4.1932821971e+02
        0.4700000000    4.0724282943e+02
        0.4750000000    3.9551013580e+02
        0.4800000000    3.8411984580e+02
        0.4850000000    3.7306196682e+02
        0.4900000000    3.6232679789e+02
        0.4950000000    3.5190492111e+02
        0.5000000000    3.4178719346e+02
        0.5050000000    3.3196473874e+02
        0.5100000000    3.2242893977e+02
        0.5150000000    3.1317143089e+02
        0.5200000000    3.0418409056e+02
        0.5250000000    2.9545903424e+02
        0.5300000000    2.8698860751e+02
        0.5350000000    2.7876537934e+02
        0.5400000000    2.7078213556e+02
        0.5450000000    2.6303187252e+02
        0.5500000000    2.5550779099e+02
        0.5550000000    2.4820329014e+02
        0.5600000000    2.4111196179e+02
        0.5650000000    2.3422758478e+02
        0.5700000000    2.2754411950e+02
        0.5750000000    2.2105570259e+02
        0.5800000000    2.1475664182e+02
        0.5850000000    2.0864141107e+02
        0.5900000000    2.0270464550e+02
        0.5950000000    1.9694113683e+02
        0.6000000000    1.9134582879e+02
        0.6050000000    1.8591381264e+02
        0.6100000000    1.8064032292e+02
        0.6150000000    1.7552073325e+02
        0.6200000000    1.7055055225e+02
        0.6250000000    1.6572541962e+02
        0.6300000000    1.6104110231e+02
        0.6350000000    1.5649349079e+02
        0.6400000000    1.5207859550e+02
        0.6450000000    1.4779254327e+02
        0.6500000000    1.4363157398e+02
        0.6550000000    1.3959203726e+02
        0.6600000000    1.3567038924e+02
        0.6650000000    1.3186318950e+02
        0.6700000000    1.2816709801e+02
        0.6750000000    1.2457887221e+02
        0.6800000000    1.2109536419e+02
        0.6850000000    1.1771351789e+02
        0.6900000000    1.1443036644e+02
        0.6950000000    1.1124302957e+02
        0.7000000000    1.0814871104e+02
        0.7050000000    1.0514469623e+02
        0.7100000000    1.0222834975e+02
        0.7150000000    9.9397113102e+01
        0.7200000000    9.6648502474e+01
        0.7250000000    9.3980106526e+01
        0.7300000000    9.1389584298e+01
        0.7350000000    8.8874663143e+01
        0.7400000000    8.6433136742e+01
        0.7450000000    8.4062863162e+01
        0.7500000000    8.1761762981e+01
        0.7550000000    7.9527817462e+01
        0.7600000000    7.7359066782e+01
        0.7650000000    7.5253608314e+01
        0.7700000000    7.3209594955e+01
        0.7750000000    7.1225233508e+01
        0.7800000000    6.9298783109e+01
        0.7850000000    6.7428553698e+01
        0.7900000000    6.5612904538e+01
        0.7950000000    6.3850242773e+01
        0.8000000000    6.2139022034e+01
        0.8050000000    6.0477741081e+01
        0.8100000000    5.8864942486e+01
        0.8150000000    5.7299211352e+01
        0.8200000000    5.5779174076e+01
        0.8250000000    5.4303497142e+01
        0.8300000000    5.2870885949e+01
        0.8350000000    5.1480083679e+01
        0.8400000000    5.0129870193e+01
        0.8450000000    4.8819060958e+01
        0.8500000000    4.7546506012e+01
        0.8550000000    4.6311088952e+01
        0.8600000000    4.5111725958e+01
        0.8650000000    4.3947364836e+01
        0.8700000000    4.2816984103e+01
        0.8750000000    4.1719592084e+01
        0.8800000000    4.0654226046e+01
        0.8850000000    3.9619951351e+01
        0.8900000000    3.8615860638e+01
        0.8950000000    3.7641073028e+01
        0.9000000000    3.6694733345e+01
        0.9050000000    3.5776011375e+01
        0.9100000000    3.4884101128e+01
        0.9150000000    3.4018220140e+01
        0.9200000000    3.3177608779e+01
        0.9250000000    3.2361529585e+01
        0.9300000000    3.1569266617e+01
        0.9350000000    3.0800124829e+01
        0.9400000000    3.0053429460e+01
        0.9450000000    2.9328525438e+01
        0.9500000000    2.8624776812e+01
        0.9550000000    2.7941566188e+01
        0.9600000000    2.7278294192e+01
        0.9650000000    2.6634378939e+01
        0.9700000000    2.6009255529e+01
        0.9750000000    2.5402375545e+01
        0.9800000000    2.4813206576e+01
        0.9850000000    2.4241231748e+01
        0.9900000000    2.3685949274e+01
        0.9950000000    2.3146872008e+01
        1.0000000000    2.2623527021e+01
        1.0050000000    2.2115455187e+01
        1.0100000000    2.1622210780e+01
        1.0150000000    2.1143361079e+01
        1.0200000000    2.0678485993e+01
        1.0250000000    2.0227177691e+01
        1.0300000000    1.9789040244e+01
        1.0350000000    1.9363689277e+01
        1.0400000000    1.8950751634e+01
        1.0450000000    1.8549865047e+01
        1.0500000000    1.8160677821e+01
        1.0550000000    1.7782848527e+01
        1.0600000000    1.7416045696e+01
        1.0650000000    1.7059947537e+01
        1.0700000000    1.6714241646e+01
        1.0750000000    1.6378624739e+01
        1.0800000000    1.6052802381e+01
        1.0850000000    1.5736488732e+01
        1.0900000000    1.5429406292e+01
        1.0950000000    1.5131285659e+01
        1.1000000000    1.4841865295e+01
        1.1050000000    1.4560891294e+01
        1.1100000000    1.4288117160e+01
        1.1150000000    1.4023303589e+01
        1.1200000000    1.3766218263e+01
        1.1250000000    1.3516635643e+01
        1.1300000000    1.3274336772e+01
        1.1350000000    1.3039109084e+01
        1.1400000000    1.2810746214e+01
        1.1450000000    1.2589047823e+01
        1.1500000000    1.2373819415e+01
        1.1550000000    1.2164872172e+01
        1.1600000000    1.1962022787e+01
        1.1650000000    1.1765093302e+01
        1.1700000000    1.1573910952e+01
        1.1750000000    1.1388308013e+01
        1.1800000000    1.1208121659e+01
        1.1850000000    1.1033193813e+01
        1.1900000000    1.0863371011e+01
        1.1950000000    1.0698504271e+01
        1.2000000000    1.0538448956e+01
        1.2050000000    1.0383064650e+01
        1.2100000000    1.0232215036e+01
        1.2150000000    1.0085767775e+01
        1.2200000000    9.9435943892e+00
        1.2250000000    9.8055701519e+00
        1.2300000000    9.6715739753e+00
        1.2350000000    9.5414883054e+00
        1.2400000000    9.4151990193e+00
        1.2450000000    9.2925953243e+00
        1.2500000000    9.1735696610e+00
        1.2550000000    9.0580176094e+00
        1.2600000000    8.9458377964e+00
        1.2650000000    8.8369318076e+00
        1.2700000000    8.7312041006e+00
        1.2750000000    8.6285619214e+00
        1.2800000000    8.5289152227e+00
        1.2850000000    8.4321765853e+00
        1.2900000000    8.3382611411e+00
        1.2950000000    8.2470864990e+00
        1.3000000000    8.1585726720e+00
        1.3050000000    8.0726420077e+00
        1.3100000000    7.9892191198e+00
        1.3150000000    7.9082308220e+00
        1.3200000000    7.8296060640e+00
        1.3250000000    7.7532758689e+00
        1.3300000000    7.6791732728e+00
        1.3350000000    7.6072332660e+00
        1.3400000000    7.5373927363e+00
        1.3450000000    7.4695904129e+00
        1.3500000000    7.4037668135e+00
        1.3550000000    7.3398641916e+00
        1.3600000000    7.2778264859e+00
        1.3650000000    7.2175992712e+00
        1.3700000000    7.1591297106e+00
        1.3750000000    7.1023665092e+00
        1.3800000000    7.0472598692e+00
        1.3850000000    6.9937614460e+00
        1.3900000000    6.9418243057e+00
        1.3950000000    6.8914028843e+00
        1.4000000000    6.8424529475e+00
        1.4050000000    6.7949315520e+00
        1.4100000000    6.7487970075e+00
        1.4150000000    6.7040088407e+00
        1.4200000000    6.6605277591e+00
        1.4250000000    6.6183156172e+00
        1.4300000000    6.5773353826e+00
        1.4350000000    6.5375511037e+00
        1.4400000000    6.4989278780e+00
        1.4450000000    6.4614318217e+00
        1.4500000000    6.4250300398e+00
        1.4550000000    6.3896905973e+00
        1.4600000000    6.3553824912e+00
        1.4650000000    6.3220756232e+00
        1.4700000000    6.2897407734e+00
        1.4750000000    6.2583495749e+00
        1.4800000000    6.2278744883e+00
        1.4850000000    6.1982887781e+00
        1.4900000000    6.1695664889e+00
        1.4950000000    6.1416824230e+00
        1.5000000000    6.1146121178e+00
        1.5050000000    6.0883318248e+00
        1.5100000000    6.0628184886e+00
        1.5150000000    6.0380497263e+00
        1.5200000000    6.0140038087e+00
        1.5250000000    5.9906596404e+00
        1.5300000000    5.9679967417e+00
        1.5350000000    5.9459952307e+00
        1.5400000000    5.9246358057e+00
        1.5450000000    5.9038997281e+00
        1.5500000000    5.8837688064e+00
        1.5550000000    5.8642253798e+00
        1.5600000000    5.8452523031e+00
        1.5650000000    5.8268329314e+00
        1.5700000000    5.8089511055e+00
        1.5750000000    5.7915911377e+00
        1.5800000000    5.7747377984e+00
        1.5850000000    5.7583763022e+00
        1.5900000000    5.7424922953e+00
        1.5950000000    5.7270718428e+00
        1.6000000000    5.7121014165e+00
        1.6050000000    5.6975678828e+00
        1.6100000000    5.6834584918e+00
        1.6150000000    5.6697608653e+00
        1.6200000000    5.6564629864e+00
        1.6250000000    5.6435531891e+00
        1.6300000000    5.6310201478e+00
        1.6350000000    5.6188528672e+00
        1.6400000000    5.6070406730e+00
        1.6450000000    5.5955732027e+00
        1.6500000000    5.5844403958e+00
        1.6550000000    5.5736324856e+00
        1.6600000000    5.5631399904e+00
        1.6650000000    5.5529537053e+00
        1.6700000000    5.5430646938e+00
        1.6750000000    5.5334642805e+00
        1.6800000000    5.5241440429e+00
        1.6850000000    5.5150958046e+00
        1.6900000000    5.5063116274e+00
        1.6950000000    5.4977838053e+00
        1.7000000000    5.4895048567e+00
        1.7050000000    5.4814675187e+00
        1.7100000000    5.4736647400e+00
        1.7150000000    5.4660896755e+00
        1.7200000000    5.4587356795e+00
        1.7250000000    5.4515963005e+00
        1.7300000000    5.4446652751e+00
        1.7350000000    5.4379365228e+00
        1.7400000000    5.4314041405e+00
        1.7450000000    5.4250623974e+00
        1.7500000000    5.4189057300e+00
        1.7550000000    5.4129287370e+00
        1.7600000000    5.4071261750e+00
        1.7650000000    5.4014929532e+00
        1.7700000000    5.3960241299e+00
        1.7750000000    5.3907149071e+00
        1.7800000000    5.3855606272e+00
        1.7850000000    5.3805567684e+00
        1.7900000000    5.3756989408e+00
        1.7950000000    5.3709828826e+00
        1.8000000000    5.3664044566e+00
        1.8050000000    5.3619596460e+00
        1.8100000000    5.3576445516e+00
        1.8150000000    5.3534553877e+00
        1.8200000000    5.3493884792e+00
        1.8250000000    5.3454402582e+00
        1.8300000000    5.3416072609e+00
        1.8350000000    5.3378861248e+00
        1.8400000000    5.3342735853e+00
        1.8450000000    5.3307664731e+00
        1.8500000000    5.3273617114e+00
        1.8550000000    5.3240563134e+00
        1.8600000000    5.3208473792e+00
        1.8650000000    5.3177320937e+00
        1.8700000000    5.3147077237e+00
        1.8750000000    5.3117716161e+00
        1.8800000000    5.3089211951e+00
        1.8850000000    5.3061539599e+00
        1.8900000000    5.3034674830e+00
        1.8950000000    5.3008594075e+00
        1.9000000000    5.2983274453e+00
        1.9050000000    5.2958693751e+00
        1.9100000000    5.2934830406e+00
        1.9150000000    5.2911663482e+00
        1.9200000000    5.2889172656e+00
        1.9250000000    5.2867338195e+00
        1.9300000000    5.2846140945e+00
        1.9350000000    5.2825562309e+00
        1.9400000000    5.2805584235e+00
        1.9450000000    5.2786189195e+00
        1.9500000000    5.2767360175e+00
        1.9550000000    5.2749080655e+00
        1.9600000000    5.2731334600e+00
        1.9650000000    5.2714106440e+00
        1.9700000000    5.2697381063e+00
        1.9750000000    5.2681143794e+00
        1.9800000000    5.2665380389e+00
        1.9850000000    5.2650077019e+00
        1.9900000000    5.2635220258e+00
        1.9950000000    5.2620797073e+00
        2.0000000000    5.2606794810e+00
        2.0050000000    5.2593201185e+00
        2.0100000000    5.2580004272e+00
        2.0150000000    5.2567192495e+00
        2.0200000000    5.2554754612e+00
        2.0250000000    5.2542679714e+00
        2.0300000000    5.2530957206e+00
        2.0350000000    5.2519576804e+00
        2.0400000000    5.2508528525e+00
        2.0450000000    5.2497802676e+00
        2.0500000000    5.2487389846e+00
        2.0550000000    5.2477280902e+00
        2.0600000000    5.2467466975e+00
        2.0650000000    5.2457939454e+00
        2.0700000000    5.2448689982e+00
        2.0750000000    5.2439710444e+00
        2.0800000000    5.2430992962e+00
        2.0850000000    5.2422529889e+00
        2.0900000000    5.2414313800e+00
        2.0950000000    5.2406337486e+00
        2.1000000000    5.2398593952e+00
        2.1050000000    5.2391076402e+00
        2.1100000000    5.2383778242e+00
        2.1150000000    5.2376693070e+00
        2.1200000000    5.2369814670e+00
        2.1250000000    5.2363137007e+00
        2.1300000000    5.2356654223e+00
        2.1350000000    5.2350360630e+00
        2.1400000000    5.2344250709e+00
        2.1450000000    5.2338319097e+00
        2.1500000000    5.2332560592e+00
        2.1550000000    5.2326970141e+00
        2.1600000000    5.2321542841e+00
        2.1650000000    5.2316273929e+00
        2.1700000000    5.2311158784e+00
        2.1750000000    5.2306192918e+00
        2.1800000000    5.2301371974e+00
        2.1850000000    5.2296691723e+00
        2.1900000000    5.2292148060e+00
        2.1950000000    5.2287736997e+00
        2.2000000000    5.2283454666e+00
        2.2050000000    5.2279297309e+00
        2.2100000000    5.2275261279e+00
        2.2150000000    5.2271343035e+00
        2.2200000000    5.2267539141e+00
        2.2250000000    5.2263846258e+00
        2.2300000000    5.2260261147e+00
        2.2350000000    5.2256780663e+00
        2.2400000000    5.2253401753e+00
        2.2450000000    5.2250121452e+00
        2.2500000000    5.2246936882e+00
        2.2550000000    5.2243845250e+00
        2.2600000000    5.2240843843e+00
        2.2650000000    5.2237930028e+00
        2.2700000000    5.2235101249e+00
        2.2750000000    5.2232355025e+00
        2.2800000000    5.2229688946e+00
        2.2850000000    5.2227100672e+00
        2.2900000000    5.2224587934e+00
        2.2950000000    5.2222148528e+00
        2.3000000000    5.2219780312e+00
        2.3050000000    5.2217481209e+00
        2.3100000000    5.2215249203e+00
        2.3150000000    5.2213082335e+00
        2.3200000000    5.2210978704e+00
        2.3250000000    5.2208936466e+00
        2.3300000000    5.2206953827e+00
        2.3350000000    5.2205029049e+00
        2.3400000000    5.2203160443e+00
        2.3450000000    5.2201346370e+00
        2.3500000000    5.2199585239e+00
        2.3550000000    5.2197875503e+00
        2.3600000000    5.2196215665e+00
        2.3650000000    5.2194604266e+00
        2.3700000000    5.2193039894e+00
        2.3750000000    5.2191521177e+00
        2.3800000000    5.2190046781e+00
        2.3850000000    5.2188615413e+00
        2.3900000000    5.2187225819e+00
        2.3950000000    5.2185876777e+00
        2.4000000000    5.2184567106e+00
        2.4050000000    5.2183295656e+00
        2.4100000000    5.2182061311e+00
        2.4150000000    5.2180862989e+00
        2.4200000000    5.2179699639e+00
        2.4250000000    5.2178570240e+00
        2.4300000000    5.2177473800e+00
        2.4350000000    5.2176409359e+00
        2.4400000000    5.2175375982e+00
        2.4450000000    5.2174372763e+00
        2.4500000000    5.2173398822e+00
        2.4550000000    5.2172453304e+00
        2.4600000000    5.2171535379e+00
        2.4650000000    5.2170644244e+00
        2.4700000000    5.2169779114e+00
        2.4750000000    5.2168939233e+00
        2.4800000000    5.2168123862e+00
        2.4850000000    5.2167332287e+00
        2.4900000000    5.2166563813e+00
        2.4950000000    5.2165817766e+00
        2.5000000000    5.2165093491e+00
        2.5050000000    5.2164390353e+00
        2.5100000000    5.2163707736e+00
        2.5150000000    5.2163045039e+00
        2.5200000000    5.2162401683e+00
        2.5250000000    5.2161777103e+00
        2.5300000000    5.2161170749e+00
        2.5350000000    5.2160582092e+00
        2.5400000000    5.2160010614e+00
        2.5450000000    5.2159455813e+00
        2.5500000000    5.2158917204e+00
        2.5550000000    5.2158394313e+00
        2.5600000000    5.2157886683e+00
        2.5650000000    5.2157393866e+00
        2.5700000000    5.2156915432e+00
        2.5750000000    5.2156450961e+00
        2.5800000000    5.2156000044e+00
        2.5850000000    5.2155562287e+00
        2.5900000000    5.2155137306e+00
        2.5950000000    5.2154724726e+00
        2.6000000000    5.2154324188e+00
        2.6050000000    5.2153935338e+00
        2.6100000000    5.2153557837e+00
        2.6150000000    5.2153191353e+00
        2.6200000000    5.2152835564e+00
        2.6250000000    5.2152490158e+00
        2.6300000000    5.2152154832e+00
        2.6350000000    5.2151829293e+00
        2.6400000000    5.2151513254e+00
        2.6450000000    5.2151206438e+00
        2.6500000000    5.2150908576e+00
        2.6550000000    5.2150619407e+00
        2.6600000000    5.2150338677e+00
        2.6650000000    5.2150066140e+00
        2.6700000000    5.2149801556e+00
        2.6750000000    5.2149544694e+00
        2.6800000000    5.2149295328e+00
        2.6850000000    5.2149053239e+00
        2.6900000000    5.2148818216e+00
        2.6950000000    5.2148590051e+00
        2.7000000000    5.2148368545e+00
        2.7050000000    5.2148153504e+00
        2.7100000000    5.2147944738e+00
        2.7150000000    5.2147742065e+00
        2.7200000000    5.2147545306e+00
        2.7250000000    5.2147354290e+00
        2.7300000000    5.2147168848e+00
        2.7350000000    5.2146988818e+00
        2.7400000000    5.2146814042e+00
        2.7450000000    5.2146644367e+00
        2.7500000000    5.2146479643e+00
        2.7550000000    5.2146319727e+00
        2.7600000000    5.2146164477e+00
        2.7650000000    5.2146013759e+00
        2.7700000000    5.2145867439e+00
        2.7750000000    5.2145725389e+00
        2.7800000000    5.2145587484e+00
        2.7850000000    5.2145453604e+00
        2.7900000000    5.2145323632e+00
        2.7950000000    5.2145197452e+00
        2.8000000000    5.2145074955e+00
        2.8050000000    5.2144956032e+00
        2.8100000000    5.2144840581e+00
        2.8150000000    5.2144728498e+00
        2.8200000000    5.2144619687e+00
        2.8250000000    5.2144514051e+00
        2.8300000000    5.2144411498e+00
        2.8350000000    5.2144311938e+00
        2.8400000000    5.2144215283e+00
        2.8450000000    5.2144121449e+00
        2.8500000000    5.2144030353e+00
        2.8550000000    5.2143941916e+00
        2.8600000000    5.2143856060e+00
        2.8650000000    5.2143772710e+00
        2.8700000000    5.2143691792e+00
        2.8750000000    5.2143613235e+00
        2.8800000000    5.2143536972e+00
        2.8850000000    5.2143462933e+00
        2.8900000000    5.2143391056e+00
        2.8950000000    5.2143321276e+00
        2.9000000000    5.2143253532e+00
        2.9050000000    5.2143187766e+00
        2.9100000000    5.2143123919e+00
        2.9150000000    5.2143061935e+00
        2.9200000000    5.2143001760e+00
        2.9250000000    5.2142943341e+00
        2.9300000000    5.2142886627e+00
        2.9350000000    5.2142831568e+00
        2.9400000000    5.2142778116e+00
        2.9450000000    5.2142726224e+00
        2.9500000000    5.2142675847e+00
        2.9550000000    5.2142626939e+00
        2.9600000000    5.2142579459e+00
        2.9650000000    5.2142533365e+00
        2.9700000000    5.2142488615e+00
        2.9750000000    5.2142445172e+00
        2.9800000000    5.2142402997e+00
        2.9850000000    5.2142362052e+00
        2.9900000000    5.2142322302e+00
        2.9950000000    5.2142283712e+00
        3.0000000000    5.2142246249e+00
        3.0050000000    5.2142209879e+00
        3.0100000000    5.2142174570e+00
        3.0150000000    5.2142140292e+00
        3.0200000000    5.2142107014e+00
        3.0250000000    5.2142074707e+00
        3.0300000000    5.2142043343e+00
        3.0350000000    5.2142012894e+00
        3.0400000000    5.2141983334e+00
        3.0450000000    5.2141954637e+00
        3.0500000000    5.2141926777e+00
        3.0550000000    5.2141899730e+00
        3.0600000000    5.2141873473e+00
        3.0650000000    5.2141847982e+00
        3.0700000000    5.2141823234e+00
        3.0750000000    5.2141799209e+00
        3.0800000000    5.2141775885e+00
        3.0850000000    5.2141753242e+00
        3.0900000000    5.2141731260e+00
        3.0950000000    5.2141709919e+00
        3.1000000000    5.2141689201e+00
        3.1050000000    5.2141669087e+00
        3.1100000000    5.2141649561e+00
        3.1150000000    5.2141630604e+00
        3.1200000000    5.2141612201e+00
        3.1250000000    5.2141594335e+00
        3.1300000000    5.2141576990e+00
        3.1350000000    5.2141560151e+00
        3.1400000000    5.2141543804e+00
        3.1450000000    5.2141527934e+00
        3.1500000000    5.2141512527e+00
        3.1550000000    5.2141497569e+00
        3.1600000000    5.2141483048e+00
        3.1650000000    5.2141468951e+00
        3.1700000000    5.2141455265e+00
        3.1750000000    5.2141441979e+00
        3.1800000000    5.2141429080e+00
        3.1850000000    5.2141416558e+00
        3.1900000000    5.2141404401e+00
        3.1950000000    5.2141392600e+00
        3.2000000000    5.2141381142e+00
        3.2050000000    5.2141370019e+00
        3.2100000000    5.2141359220e+00
        3.2150000000    5.2141348737e+00
        3.2200000000    5.2141338560e+00
        3.2250000000    5.2141328679e+00
        3.2300000000    5.2141319087e+00
        3.2350000000    5.2141309775e+00
        3.2400000000    5.2141300734e+00
        3.2450000000    5.2141291958e+00
        3.2500000000    5.2141283438e+00
        3.2550000000    5.2141275166e+00
        3.2600000000    5.2141267135e+00
        3.2650000000    5.2141259339e+00
        3.2700000000    5.2141251771e+00
        3.2750000000    5.2141244423e+00
        3.2800000000    5.2141237290e+00
        3.2850000000    5.2141230365e+00
        3.2900000000    5.2141223642e+00
        3.2950000000    5.2141217115e+00
        3.3000000000    5.2141210779e+00
        3.3050000000    5.2141204628e+00
        3.3100000000    5.2141198656e+00
        3.3150000000    5.2141192859e+00
        3.3200000000    5.2141187230e+00
        3.3250000000    5.2141181766e+00
        3.3300000000    5.2141176462e+00
        3.3350000000    5.2141171312e+00
        3.3400000000    5.2141166312e+00
        3.3450000000    5.2141161459e+00
        3.3500000000    5.2141156747e+00
        3.3550000000    5.2141152172e+00
        3.3600000000    5.2141147731e+00
        3.3650000000    5.2141143420e+00
        3.3700000000    5.2141139234e+00
        3.3750000000    5.2141135171e+00
        3.3800000000    5.2141131226e+00
        3.3850000000    5.2141127397e+00
        3.3900000000    5.2141123679e+00
        3.3950000000    5.2141120069e+00
        3.4000000000    5.2141116565e+00
        3.4050000000    5.2141113163e+00
        3.4100000000    5.2141109861e+00
        3.4150000000    5.2141106655e+00
        3.4200000000    5.2141103542e+00
        3.4250000000    5.2141100520e+00
        3.4300000000    5.2141097587e+00
        3.4350000000    5.2141094739e+00
        3.4400000000    5.2141091974e+00
        3.4450000000    5.2141089290e+00
        3.4500000000    5.2141086684e+00
        3.4550000000    5.2141084154e+00
        3.4600000000    5.2141081698e+00
        3.4650000000    5.2141079314e+00
        3.4700000000    5.2141076999e+00
        3.4750000000    5.2141074752e+00
        3.4800000000    5.2141072571e+00
        3.4850000000    5.2141070453e+00
        3.4900000000    5.2141068397e+00
        3.4950000000    5.2141066401e+00
        3.5000000000    5.2141064463e+00
        3.5050000000    5.2141062582e+00
        3.5100000000    5.2141060755e+00
        3.5150000000    5.2141058982e+00
        3.5200000000    5.2141057261e+00
        3.5250000000    5.2141055590e+00
        3.5300000000    5.2141053967e+00
        3.5350000000    5.2141052393e+00
        3.5400000000    5.2141050864e+00
        3.5450000000    5.2141049379e+00
        3.5500000000    5.2141047938e+00
        3.5550000000    5.2141046539e+00
        3.5600000000    5.2141045181e+00
        3.5650000000    5.2141043862e+00
        3.5700000000    5.2141042582e+00
        3.5750000000    5.2141041340e+00
        3.5800000000    5.2141040133e+00
        3.5850000000    5.2141038962e+00
        3.5900000000    5.2141037825e+00
        3.5950000000    5.2141036721e+00
        3.6000000000    5.2141035649e+00
        3.6050000000    5.2141034609e+00
        3.6100000000    5.2141033599e+00
        3.6150000000    5.2141032618e+00
        3.6200000000    5.2141031666e+00
        3.6250000000    5.2141030742e+00
        3.6300000000    5.2141029845e+00
        3.6350000000    5.2141028974e+00
        3.6400000000    5.2141028129e+00
        3.6450000000    5.2141027308e+00
        3.6500000000    5.2141026511e+00
        3.6550000000    5.2141025737e+00
        3.6600000000    5.2141024986e+00
        3.6650000000    5.2141024257e+00
        3.6700000000    5.2141023549e+00
        3.6750000000    5.2141022862e+00
        3.6800000000    5.2141022194e+00
        3.6850000000    5.2141021547e+00
        3.6900000000    5.2141020918e+00
        3.6950000000    5.2141020307e+00
        3.7000000000    5.2141019715e+00
        3.7050000000    5.2141019139e+00
        3.7100000000    5.2141018581e+00
        3.7150000000    5.2141018039e+00
        3.7200000000    5.2141017512e+00
        3.7250000000    5.2141017001e+00
        3.7300000000    5.2141016505e+00
        3.7350000000    5.2141016023e+00
        3.7400000000    5.2141015556e+00
        3.7450000000    5.2141015102e+00
        3.7500000000    5.2141014661e+00
        3.7550000000    5.2141014233e+00
        3.7600000000    5.2141013818e+00
        3.7650000000    5.2141013414e+00
        3.7700000000    5.2141013023e+00
        3.7750000000    5.2141012643e+00
        3.7800000000    5.2141012274e+00
        3.7850000000    5.2141011916e+00
        3.7900000000    5.2141011568e+00
        3.7950000000    5.2141011230e+00
        3.8000000000    5.2141010903e+00
        3.8050000000    5.2141010584e+00
        3.8100000000    5.2141010276e+00
        3.8150000000    5.2141009976e+00
        3.8200000000    5.2141009685e+00
        3.8250000000    5.2141009402e+00
        3.8300000000    5.2141009128e+00
        3.8350000000    5.2141008861e+00
        3.8400000000    5.2141008603e+00
        3.8450000000    5.2141008352e+00
        3.8500000000    5.2141008108e+00
        3.8550000000    5.2141007871e+00
        3.8600000000    5.2141007641e+00
        3.8650000000    5.2141007418e+00
        3.8700000000    5.2141007202e+00
        3.8750000000    5.2141006992e+00
        3.8800000000    5.2141006788e+00
        3.8850000000    5.2141006590e+00
        3.8900000000    5.2141006397e+00
        3.8950000000    5.2141006211e+00
        3.9000000000    5.2141006029e+00
        3.9050000000    5.2141005853e+00
        3.9100000000    5.2141005683e+00
        3.9150000000    5.2141005517e+00
        3.9200000000    5.2141005356e+00
        3.9250000000    5.2141005199e+00
        3.9300000000    5.2141005048e+00
        3.9350000000    5.2141004900e+00
        3.9400000000    5.2141004757e+00
        3.9450000000    5.2141004619e+00
        3.9500000000    5.2141004484e+00
        3.9550000000    5.2141004353e+00
        3.9600000000    5.2141004226e+00
        3.9650000000    5.2141004103e+00
        3.9700000000    5.2141003983e+00
        3.9750000000    5.2141003867e+00
        3.9800000000    5.2141003754e+00
        3.9850000000    5.2141003644e+00
        3.9900000000    5.2141003538e+00
        3.9950000000    5.2141003435e+00
        4.0000000000    5.2141003334e+00
        4.0050000000    5.2141003237e+00
        4.0100000000    5.2141003143e+00
        4.0150000000    5.2141003051e+00
        4.0200000000    5.2141002962e+00
        4.0250000000    5.2141002875e+00
        4.0300000000    5.2141002791e+00
        4.0350000000    5.2141002710e+00
        4.0400000000    5.2141002631e+00
        4.0450000000    5.2141002554e+00
        4.0500000000    5.2141002480e+00
        4.0550000000    5.2141002407e+00
        4.0600000000    5.2141002337e+00
        4.0650000000    5.2141002269e+00
        4.0700000000    5.2141002203e+00
        4.0750000000    5.2141002138e+00
        4.0800000000    5.2141002076e+00
        4.0850000000    5.2141002015e+00
        4.0900000000    5.2141001957e+00
        4.0950000000    5.2141001899e+00
        4.1000000000    5.2141001844e+00
        4.1050000000    5.2141001790e+00
        4.1100000000    5.2141001738e+00
        4.1150000000    5.2141001687e+00
        4.1200000000    5.2141001638e+00
        4.1250000000    5.2141001590e+00
        4.1300000000    5.2141001544e+00
        4.1350000000    5.2141001499e+00
        4.1400000000    5.2141001455e+00
        4.1450000000    5.2141001413e+00
        4.1500000000    5.2141001371e+00
        4.1550000000    5.2141001331e+00
        4.1600000000    5.2141001292e+00
        4.1650000000    5.2141001255e+00
        4.1700000000    5.2141001218e+00
        4.1750000000    5.2141001183e+00
        4.1800000000    5.2141001148e+00
        4.1850000000    5.2141001115e+00
        4.1900000000    5.2141001082e+00
        4.1950000000    5.2141001050e+00
        4.2000000000    5.2141001020e+00
        4.2050000000    5.2141000990e+00
        4.2100000000    5.2141000961e+00
        4.2150000000    5.2141000933e+00
        4.2200000000    5.2141000906e+00
        4.2250000000    5.2141000879e+00
        4.2300000000    5.2141000854e+00
        4.2350000000    5.2141000829e+00
        4.2400000000    5.2141000805e+00
        4.2450000000    5.2141000781e+00
        4.2500000000    5.2141000758e+00
        4.2550000000    5.2141000736e+00
        4.2600000000    5.2141000715e+00
        4.2650000000    5.2141000694e+00
        4.2700000000    5.2141000674e+00
        4.2750000000    5.2141000654e+00
        4.2800000000    5.2141000635e+00
        4.2850000000    5.2141000616e+00
        4.2900000000    5.2141000598e+00
        4.2950000000    5.2141000581e+00
        4.3000000000    5.2141000564e+00
        4.3050000000    5.2141000547e+00
        4.3100000000    5.2141000532e+00
        4.3150000000    5.2141000516e+00
        4.3200000000    5.2141000501e+00
        4.3250000000    5.2141000486e+00
        4.3300000000    5.2141000472e+00
        4.3350000000    5.2141000458e+00
        4.3400000000    5.2141000445e+00
        4.3450000000    5.2141000432e+00
        4.3500000000    5.2141000419e+00
        4.3550000000    5.2141000407e+00
        4.3600000000    5.2141000395e+00
        4.3650000000    5.2141000384e+00
        4.3700000000    5.2141000373e+00
        4.3750000000    5.2141000362e+00
        4.3800000000    5.2141000351e+00
        4.3850000000    5.2141000341e+00
        4.3900000000    5.2141000331e+00
        4.3950000000    5.2141000321e+00
        4.4000000000    5.2141000312e+00
        4.4050000000    5.2141000303e+00
        4.4100000000    5.2141000294e+00
        4.4150000000    5.2141000285e+00
        4.4200000000    5.2141000277e+00
        4.4250000000    5.2141000269e+00
        4.4300000000    5.2141000261e+00
        4.4350000000    5.2141000253e+00
        4.4400000000    5.2141000246e+00
        4.4450000000    5.2141000239e+00
        4.4500000000    5.2141000232e+00
        4.4550000000    5.2141000225e+00
        4.4600000000    5.2141000219e+00
        4.4650000000    5.2141000212e+00
        4.4700000000    5.2141000206e+00
        4.4750000000    5.2141000200e+00
        4.4800000000    5.2141000194e+00
        4.4850000000    5.2141000188e+00
        4.4900000000    5.2141000183e+00
        4.4950000000    5.2141000178e+00
        4.5000000000    5.2141000172e+00
        4.5050000000    5.2141000167e+00
        4.5100000000    5.2141000163e+00
        4.5150000000    5.2141000158e+00
        4.5200000000    5.2141000153e+00
        4.5250000000    5.2141000149e+00
        4.5300000000    5.2141000144e+00
        4.5350000000    5.2141000140e+00
        4.5400000000    5.2141000136e+00
        4.5450000000    5.2141000132e+00
        4.5500000000    5.2141000128e+00
        4.5550000000    5.2141000125e+00
        4.5600000000    5.2141000121e+00
        4.5650000000    5.2141000117e+00
        4.5700000000    5.2141000114e+00
        4.5750000000    5.2141000111e+00
        4.5800000000    5.2141000107e+00
        4.5850000000    5.2141000104e+00
        4.5900000000    5.2141000101e+00
        4.5950000000    5.2141000098e+00
        4.6000000000    5.2141000095e+00
        4.6050000000    5.2141000093e+00
        4.6100000000    5.2141000090e+00
        4.6150000000    5.2141000087e+00
        4.6200000000    5.2141000085e+00
        4.6250000000    5.2141000082e+00
        4.6300000000    5.2141000080e+00
        4.6350000000    5.2141000078e+00
        4.6400000000    5.2141000075e+00
        4.6450000000    5.2141000073e+00
        4.6500000000    5.2141000071e+00
        4.6550000000    5.2141000069e+00
        4.6600000000    5.2141000067e+00
        4.6650000000    5.2141000065e+00
        4.6700000000    5.2141000063e+00
        4.6750000000    5.2141000061e+00
        4.6800000000    5.2141000059e+00
        4.6850000000    5.2141000058e+00
        4.6900000000    5.2141000056e+00
        4.6950000000    5.2141000054e+00
        4.7000000000    5.2141000053e+00
        4.7050000000    5.2141000051e+00
        4.7100000000    5.2141000050e+00
        4.7150000000    5.2141000048e+00
        4.7200000000    5.2141000047e+00
        4.7250000000    5.2141000045e+00
        4.7300000000    5.2141000044e+00
        4.7350000000    5.2141000043e+00
        4.7400000000    5.2141000042e+00
        4.7450000000    5.2141000040e+00
        4.7500000000    5.2141000039e+00
        4.7550000000    5.2141000038e+00
        4.7600000000    5.2141000037e+00
        4.7650000000    5.2141000036e+00
        4.7700000000    5.2141000035e+00
        4.7750000000    5.2141000034e+00
        4.7800000000    5.2141000033e+00
        4.7850000000    5.2141000032e+00
        4.7900000000    5.2141000031e+00
        4.7950000000    5.2141000030e+00
        4.8000000000    5.2141000029e+00
        4.8050000000    5.2141000028e+00
        4.8100000000    5.2141000027e+00
        4.8150000000    5.2141000027e+00
        4.8200000000    5.2141000026e+00
        4.8250000000    5.2141000025e+00
        4.8300000000    5.2141000024e+00
        4.8350000000    5.2141000024e+00
        4.8400000000    5.2141000023e+00
        4.8450000000    5.2141000022e+00
        4.8500000000    5.2141000022e+00
        4.8550000000    5.2141000021e+00
        4.8600000000    5.2141000020e+00
        4.8650000000    5.2141000020e+00
        4.8700000000    5.2141000019e+00
        4.8750000000    5.2141000019e+00
        4.8800000000    5.2141000018e+00
        4.8850000000    5.2141000018e+00
        4.8900000000    5.2141000017e+00
        4.8950000000    5.2141000017e+00
        4.9000000000    5.2141000016e+00
        4.9050000000    5.2141000016e+00
        4.9100000000    5.2141000015e+00
        4.9150000000    5.2141000015e+00
        4.9200000000    5.2141000014e+00
        4.9250000000    5.2141000014e+00
        4.9300000000    5.2141000014e+00
        4.9350000000    5.2141000013e+00
        4.9400000000    5.2141000013e+00
        4.9450000000    5.2141000012e+00
        4.9500000000    5.2141000012e+00
        4.9550000000    5.2141000012e+00
        4.9600000000    5.2141000011e+00
        4.9650000000    5.2141000011e+00
        4.9700000000    5.2141000011e+00
        4.9750000000    5.2141000010e+00
        4.9800000000    5.2141000010e+00
        4.9850000000    5.2141000010e+00
        4.9900000000    5.2141000009e+00
        4.9950000000    5.2141000009e+00
        5.0000000000    5.2141000009e+00
        5.0050000000    5.2141000009e+00
        5.0100000000    5.2141000008e+00
        5.0150000000    5.2141000008e+00
        5.0200000000    5.2141000008e+00
        5.0250000000    5.2141000008e+00
        5.0300000000    5.2141000007e+00
        5.0350000000    5.2141000007e+00
        5.0400000000    5.2141000007e+00
        5.0450000000    5.2141000007e+00
        5.0500000000    5.2141000007e+00
        5.0550000000    5.2141000006e+00
        5.0600000000    5.2141000006e+00
        5.0650000000    5.2141000006e+00
        5.0700000000    5.2141000006e+00
        5.0750000000    5.2141000006e+00
        5.0800000000    5.2141000006e+00
        5.0850000000    5.2141000005e+00
        5.0900000000    5.2141000005e+00
        5.0950000000    5.2141000005e+00
        5.1000000000    5.2141000005e+00
        5.1050000000    5.2141000005e+00
        5.1100000000    5.2141000005e+00
        5.1150000000    5.2141000005e+00
        5.1200000000    5.2141000004e+00
        5.1250000000    5.2141000004e+00
        5.1300000000    5.2141000004e+00
        5.1350000000    5.2141000004e+00
        5.1400000000    5.2141000004e+00
        5.1450000000    5.2141000004e+00
        5.1500000000    5.2141000004e+00
        5.1550000000    5.2141000004e+00
        5.1600000000    5.2141000003e+00
        5.1650000000    5.2141000003e+00
        5.1700000000    5.2141000003e+00
        5.1750000000    5.2141000003e+00
        5.1800000000    5.2141000003e+00
        5.1850000000    5.2141000003e+00
        5.1900000000    5.2141000003e+00
        5.1950000000    5.2141000003e+00
        5.2000000000    5.2141000003e+00
        5.2050000000    5.2141000003e+00
        5.2100000000    5.2141000003e+00
        5.2150000000    5.2141000002e+00
        5.2200000000    5.2141000002e+00
        5.2250000000    5.2141000002e+00
        5.2300000000    5.2141000002e+00
        5.2350000000    5.2141000002e+00
        5.2400000000    5.2141000002e+00
        5.2450000000    5.2141000002e+00
        5.2500000000    5.2141000002e+00
        5.2550000000    5.2141000002e+00
        5.2600000000    5.2141000002e+00
        5.2650000000    5.2141000002e+00
        5.2700000000    5.2141000002e+00
        5.2750000000    5.2141000002e+00
        5.2800000000    5.2141000002e+00
        5.2850000000    5.2141000002e+00
        5.2900000000    5.2141000002e+00
        5.2950000000    5.2141000002e+00
        5.3000000000    5.2141000002e+00
        5.3050000000    5.2141000001e+00
        5.3100000000    5.2141000001e+00
        5.3150000000    5.2141000001e+00
        5.3200000000    5.2141000001e+00
        5.3250000000    5.2141000001e+00
        5.3300000000    5.2141000001e+00
        5.3350000000    5.2141000001e+00
        5.3400000000    5.2141000001e+00
        5.3450000000    5.2141000001e+00
        5.3500000000    5.2141000001e+00
        5.3550000000    5.2141000001e+00
        5.3600000000    5.2141000001e+00
        5.3650000000    5.2141000001e+00
        5.3700000000    5.2141000001e+00
        5.3750000000    5.2141000001e+00
        5.3800000000    5.2141000001e+00
        5.3850000000    5.2141000001e+00
        5.3900000000    5.2141000001e+00
        5.3950000000    5.2141000001e+00
        5.4000000000    5.2141000001e+00
        5.4050000000    5.2141000001e+00
        5.4100000000    5.2141000001e+00
        5.4150000000    5.2141000001e+00
        5.4200000000    5.2141000001e+00
        5.4250000000    5.2141000001e+00
        5.4300000000    5.2141000001e+00
        5.4350000000    5.2141000001e+00
        5.4400000000    5.2141000001e+00
        5.4450000000    5.2141000001e+00
        5.4500000000    5.2141000001e+00
        5.4550000000    5.2141000001e+00
        5.4600000000    5.2141000001e+00
        5.4650000000    5.2141000001e+00
        5.4700000000    5.2141000001e+00
        5.4750000000    5.2141000001e+00
        5.4800000000    5.2141000001e+00
        5.4850000000    5.2141000001e+00
        5.4900000000    5.2141000000e+00
        5.4950000000    5.2141000000e+00
        5.5000000000    5.2141000000e+00
        5.5050000000    5.2141000000e+00
        5.5100000000    5.2141000000e+00
        5.5150000000    5.2141000000e+00
        5.5200000000    5.2141000000e+00
        5.5250000000    5.2141000000e+00
        5.5300000000    5.2141000000e+00
        5.5350000000    5.2141000000e+00
        5.5400000000    5.2141000000e+00
        5.5450000000    5.2141000000e+00
        5.5500000000    5.2141000000e+00
        5.5550000000    5.2141000000e+00
        5.5600000000    5.2141000000e+00
        5.5650000000    5.2141000000e+00
        5.5700000000    5.2141000000e+00
        5.5750000000    5.2141000000e+00
        5.5800000000    5.2141000000e+00
        5.5850000000    5.2141000000e+00
        5.5900000000    5.2141000000e+00
        5.5950000000    5.2141000000e+00
        5.6000000000    5.2141000000e+00
        5.6050000000    5.2141000000e+00
        5.6100000000    5.2141000000e+00
        5.6150000000    5.2141000000e+00
        5.6200000000    5.2141000000e+00
        5.6250000000    5.2141000000e+00
        5.6300000000    5.2141000000e+00
        5.6350000000    5.2141000000e+00
        5.6400000000    5.2141000000e+00
        5.6450000000    5.2141000000e+00
        5.6500000000    5.2141000000e+00
        5.6550000000    5.2141000000e+00
        5.6600000000    5.2141000000e+00
        5.6650000000    5.2141000000e+00
        5.6700000000    5.2141000000e+00
        5.6750000000    5.2141000000e+00
        5.6800000000    5.2141000000e+00
        5.6850000000    5.2141000000e+00
        5.6900000000    5.2141000000e+00
        5.6950000000    5.2141000000e+00
        5.7000000000    5.2141000000e+00
        5.7050000000    5.2141000000e+00
        5.7100000000    5.2141000000e+00
        5.7150000000    5.2141000000e+00
        5.7200000000    5.2141000000e+00
        5.7250000000    5.2141000000e+00
        5.7300000000    5.2141000000e+00
        5.7350000000    5.2141000000e+00
        5.7400000000    5.2141000000e+00
        5.7450000000    5.2141000000e+00
        5.7500000000    5.2141000000e+00
        5.7550000000    5.2141000000e+00
        5.7600000000    5.2141000000e+00
        5.7650000000    5.2141000000e+00
        5.7700000000    5.2141000000e+00
        5.7750000000    5.2141000000e+00
        5.7800000000    5.2141000000e+00
        5.7850000000    5.2141000000e+00
        5.7900000000    5.2141000000e+00
        5.7950000000    5.2141000000e+00
        5.8000000000    5.2141000000e+00
        5.8050000000    5.2141000000e+00
        5.8100000000    5.2141000000e+00
        5.8150000000    5.2141000000e+00
        5.8200000000    5.2141000000e+00
        5.8250000000    5.2141000000e+00
        5.8300000000    5.2141000000e+00
        5.8350000000    5.2141000000e+00
        5.8400000000    5.2141000000e+00
        5.8450000000    5.2141000000e+00
        5.8500000000    5.2141000000e+00
        5.8550000000    5.2141000000e+00
        5.8600000000    5.2141000000e+00
        5.8650000000    5.2141000000e+00
        5.8700000000    5.2141000000e+00
        5.8750000000    5.2141000000e+00
        5.8800000000    5.2141000000e+00
        5.8850000000    5.2141000000e+00
        5.8900000000    5.2141000000e+00
        5.8950000000    5.2141000000e+00
        5.9000000000    5.2141000000e+00
        5.9050000000    5.2141000000e+00
        5.9100000000    5.2141000000e+00
        5.9150000000    5.2141000000e+00
        5.9200000000    5.2141000000e+00
        5.9250000000    5.2141000000e+00
        5.9300000000    5.2141000000e+00
        5.9350000000    5.2141000000e+00
        5.9400000000    5.2141000000e+00
        5.9450000000    5.2141000000e+00
        5.9500000000    5.2141000000e+00
        5.9550000000    5.2141000000e+00
        5.9600000000    5.2141000000e+00
        5.9650000000    5.2141000000e+00
        5.9700000000    5.2141000000e+00
        5.9750000000    5.2141000000e+00
        5.9800000000    5.2141000000e+00
        5.9850000000    5.2141000000e+00
        5.9900000000    5.2141000000e+00
        5.9950000000    5.2141000000e+00
        6.0000000000    5.2141000000e+00
        6.0050000000    5.2141000000e+00
        6.0100000000    5.2141000000e+00
        6.0150000000    5.2141000000e+00
        6.0200000000    5.2141000000e+00
        6.0250000000    5.2141000000e+00
        6.0300000000    5.2141000000e+00
        6.0350000000    5.2141000000e+00
        6.0400000000    5.2141000000e+00
        6.0450000000    5.2141000000e+00
        6.0500000000    5.2141000000e+00
        6.0550000000    5.2141000000e+00
        6.0600000000    5.2141000000e+00
        6.0650000000    5.2141000000e+00
        6.0700000000    5.2141000000e+00
        6.0750000000    5.2141000000e+00
        6.0800000000    5.2141000000e+00
        6.0850000000    5.2141000000e+00
        6.0900000000    5.2141000000e+00
        6.0950000000    5.2141000000e+00
        6.1000000000    5.2141000000e+00
        6.1050000000    5.2141000000e+00
        6.1100000000    5.2141000000e+00
        6.1150000000    5.2141000000e+00
        6.1200000000    5.2141000000e+00
        6.1250000000    5.2141000000e+00
        6.1300000000    5.2141000000e+00
        6.1350000000    5.2141000000e+00
        6.1400000000    5.2141000000e+00
        6.1450000000    5.2141000000e+00
        6.1500000000    5.2141000000e+00
        6.1550000000    5.2141000000e+00
        6.1600000000    5.2141000000e+00
        6.1650000000    5.2141000000e+00
        6.1700000000    5.2141000000e+00
        6.1750000000    5.2141000000e+00
        6.1800000000    5.2141000000e+00
        6.1850000000    5.2141000000e+00
        6.1900000000    5.2141000000e+00
        6.1950000000    5.2141000000e+00
        6.2000000000    5.2141000000e+00
        6.2050000000    5.2141000000e+00
        6.2100000000    5.2141000000e+00
        6.2150000000    5.2141000000e+00
        6.2200000000    5.2141000000e+00
        6.2250000000    5.2141000000e+00
        6.2300000000    5.2141000000e+00
        6.2350000000    5.2141000000e+00
        6.2400000000    5.2141000000e+00
        6.2450000000    5.2141000000e+00
        6.2500000000    5.2141000000e+00
        6.2550000000    5.2141000000e+00
        6.2600000000    5.2141000000e+00
        6.2650000000    5.2141000000e+00
        6.2700000000    5.2141000000e+00
        6.2750000000    5.2141000000e+00
        6.2800000000    5.2141000000e+00
        6.2850000000    5.2141000000e+00
        6.2900000000    5.2141000000e+00
        6.2950000000    5.2141000000e+00
        6.3000000000    5.2141000000e+00
        6.3050000000    5.2141000000e+00
        6.3100000000    5.2141000000e+00
        6.3150000000    5.2141000000e+00
        6.3200000000    5.2141000000e+00
        6.3250000000    5.2141000000e+00
        6.3300000000    5.2141000000e+00
        6.3350000000    5.2141000000e+00
        6.3400000000    5.2141000000e+00
        6.3450000000    5.2141000000e+00
        6.3500000000    5.2141000000e+00
        6.3550000000    5.2141000000e+00
        6.3600000000    5.2141000000e+00
        6.3650000000    5.2141000000e+00
        6.3700000000    5.2141000000e+00
        6.3750000000    5.2141000000e+00
        6.3800000000    5.2141000000e+00
        6.3850000000    5.2141000000e+00
        6.3900000000    5.2141000000e+00
        6.3950000000    5.2141000000e+00
        6.4000000000    5.2141000000e+00
        6.4050000000    5.2141000000e+00
        6.4100000000    5.2141000000e+00
        6.4150000000    5.2141000000e+00
        6.4200000000    5.2141000000e+00
        6.4250000000    5.2141000000e+00
        6.4300000000    5.2141000000e+00
        6.4350000000    5.2141000000e+00
        6.4400000000    5.2141000000e+00
        6.4450000000    5.2141000000e+00
        6.4500000000    5.2141000000e+00
        6.4550000000    5.2141000000e+00
        6.4600000000    5.2141000000e+00
        6.4650000000    5.2141000000e+00
        6.4700000000    5.2141000000e+00
        6.4750000000    5.2141000000e+00
        6.4800000000    5.2141000000e+00
        6.4850000000    5.2141000000e+00
        6.4900000000    5.2141000000e+00
        6.4950000000    5.2141000000e+00
        6.5000000000    5.2141000000e+00
        6.5050000000    5.2141000000e+00
        6.5100000000    5.2141000000e+00
        6.5150000000    5.2141000000e+00
        6.5200000000    5.2141000000e+00
        6.5250000000    5.2141000000e+00
        6.5300000000    5.2141000000e+00
        6.5350000000    5.2141000000e+00
        6.5400000000    5.2141000000e+00
        6.5450000000    5.2141000000e+00
        6.5500000000    5.2141000000e+00
        6.5550000000    5.2141000000e+00
        6.5600000000    5.2141000000e+00
        6.5650000000    5.2141000000e+00
        6.5700000000    5.2141000000e+00
        6.5750000000    5.2141000000e+00
        6.5800000000    5.2141000000e+00
        6.5850000000    5.2141000000e+00
        6.5900000000    5.2141000000e+00
        6.5950000000    5.2141000000e+00
        6.6000000000    5.2141000000e+00
        6.6050000000    5.2141000000e+00
        6.6100000000    5.2141000000e+00
        6.6150000000    5.2141000000e+00
        6.6200000000    5.2141000000e+00
        6.6250000000    5.2141000000e+00
        6.6300000000    5.2141000000e+00
        6.6350000000    5.2141000000e+00
        6.6400000000    5.2141000000e+00
        6.6450000000    5.2141000000e+00
        6.6500000000    5.2141000000e+00
        6.6550000000    5.2141000000e+00
        6.6600000000    5.2141000000e+00
        6.6650000000    5.2141000000e+00
        6.6700000000    5.2141000000e+00
        6.6750000000    5.2141000000e+00
        6.6800000000    5.2141000000e+00
        6.6850000000    5.2141000000e+00
        6.6900000000    5.2141000000e+00
        6.6950000000    5.2141000000e+00
        6.7000000000    5.2141000000e+00
        6.7050000000    5.2141000000e+00
        6.7100000000    5.2141000000e+00
        6.7150000000    5.2141000000e+00
        6.7200000000    5.2141000000e+00
        6.7250000000    5.2141000000e+00
        6.7300000000    5.2141000000e+00
        6.7350000000    5.2141000000e+00
        6.7400000000    5.2141000000e+00
        6.7450000000    5.2141000000e+00
        6.7500000000    5.2141000000e+00
        6.7550000000    5.2141000000e+00
        6.7600000000    5.2141000000e+00
        6.7650000000    5.2141000000e+00
        6.7700000000    5.2141000000e+00
        6.7750000000    5.2141000000e+00
        6.7800000000    5.2141000000e+00
        6.7850000000    5.2141000000e+00
        6.7900000000    5.2141000000e+00
        6.7950000000    5.2141000000e+00
        6.8000000000    5.2141000000e+00
        6.8050000000    5.2141000000e+00
        6.8100000000    5.2141000000e+00
        6.8150000000    5.2141000000e+00
        6.8200000000    5.2141000000e+00
        6.8250000000    5.2141000000e+00
        6.8300000000    5.2141000000e+00
        6.8350000000    5.2141000000e+00
        6.8400000000    5.2141000000e+00
        6.8450000000    5.2141000000e+00
        6.8500000000    5.2141000000e+00
        6.8550000000    5.2141000000e+00
        6.8600000000    5.2141000000e+00
        6.8650000000    5.2141000000e+00
        6.8700000000    5.2141000000e+00
        6.8750000000    5.2141000000e+00
        6.8800000000    5.2141000000e+00
        6.8850000000    5.2141000000e+00
        6.8900000000    5.2141000000e+00
        6.8950000000    5.2141000000e+00
        6.9000000000    5.2141000000e+00
        6.9050000000    5.2141000000e+00
        6.9100000000    5.2141000000e+00
        6.9150000000    5.2141000000e+00
        6.9200000000    5.2141000000e+00
        6.9250000000    5.2141000000e+00
        6.9300000000    5.2141000000e+00
        6.9350000000    5.2141000000e+00
        6.9400000000    5.2141000000e+00
        6.9450000000    5.2141000000e+00
        6.9500000000    5.2141000000e+00
        6.9550000000    5.2141000000e+00
        6.9600000000    5.2141000000e+00
        6.9650000000    5.2141000000e+00
        6.9700000000    5.2141000000e+00
        6.9750000000    5.2141000000e+00
        6.9800000000    5.2141000000e+00
        6.9850000000    5.2141000000e+00
        6.9900000000    5.2141000000e+00
        6.9950000000    5.2141000000e+00
        7.0000000000    5.2141000000e+00
        7.0050000000    5.2141000000e+00
        7.0100000000    5.2141000000e+00
        7.0150000000    5.2141000000e+00
        7.0200000000    5.2141000000e+00
        7.0250000000    5.2141000000e+00
        7.0300000000    5.2141000000e+00
        7.0350000000    5.2141000000e+00
        7.0400000000    5.2141000000e+00
        7.0450000000    5.2141000000e+00
        7.0500000000    5.2141000000e+00
        7.0550000000    5.2141000000e+00
        7.0600000000    5.2141000000e+00
        7.0650000000    5.2141000000e+00
        7.0700000000    5.2141000000e+00
        7.0750000000    5.2141000000e+00
        7.0800000000    5.2141000000e+00
        7.0850000000    5.2141000000e+00
        7.0900000000    5.2141000000e+00
        7.0950000000    5.2141000000e+00
        7.1000000000    5.2141000000e+00
        7.1050000000    5.2141000000e+00
        7.1100000000    5.2141000000e+00
        7.1150000000    5.2141000000e+00
        7.1200000000    5.2141000000e+00
        7.1250000000    5.2141000000e+00
        7.1300000000    5.2141000000e+00
        7.1350000000    5.2141000000e+00
        7.1400000000    5.2141000000e+00
        7.1450000000    5.2141000000e+00
        7.1500000000    5.2141000000e+00
        7.1550000000    5.2141000000e+00
        7.1600000000    5.2141000000e+00
        7.1650000000    5.2141000000e+00
        7.1700000000    5.2141000000e+00
        7.1750000000    5.2141000000e+00
        7.1800000000    5.2141000000e+00
        7.1850000000    5.2141000000e+00
        7.1900000000    5.2141000000e+00
        7.1950000000    5.2141000000e+00
        7.2000000000    5.2141000000e+00
        7.2050000000    5.2141000000e+00
        7.2100000000    5.2141000000e+00
        7.2150000000    5.2141000000e+00
        7.2200000000    5.2141000000e+00
        7.2250000000    5.2141000000e+00
        7.2300000000    5.2141000000e+00
        7.2350000000    5.2141000000e+00
        7.2400000000    5.2141000000e+00
        7.2450000000    5.2141000000e+00
        7.2500000000    5.2141000000e+00
        7.2550000000    5.2141000000e+00
        7.2600000000    5.2141000000e+00
        7.2650000000    5.2141000000e+00
        7.2700000000    5.2141000000e+00
        7.2750000000    5.2141000000e+00
        7.2800000000    5.2141000000e+00
        7.2850000000    5.2141000000e+00
        7.2900000000    5.2141000000e+00
        7.2950000000    5.2141000000e+00
        7.3000000000    5.2141000000e+00
        7.3050000000    5.2141000000e+00
        7.3100000000    5.2141000000e+00
        7.3150000000    5.2141000000e+00
        7.3200000000    5.2141000000e+00
        7.3250000000    5.2141000000e+00
        7.3300000000    5.2141000000e+00
        7.3350000000    5.2141000000e+00
        7.3400000000    5.2141000000e+00
        7.3450000000    5.2141000000e+00
        7.3500000000    5.2141000000e+00
        7.3550000000    5.2141000000e+00
        7.3600000000    5.2141000000e+00
        7.3650000000    5.2141000000e+00
        7.3700000000    5.2141000000e+00
        7.3750000000    5.2141000000e+00
        7.3800000000    5.2141000000e+00
        7.3850000000    5.2141000000e+00
        7.3900000000    5.2141000000e+00
        7.3950000000    5.2141000000e+00
        7.4000000000    5.2141000000e+00
        7.4050000000    5.2141000000e+00
        7.4100000000    5.2141000000e+00
        7.4150000000    5.2141000000e+00
        7.4200000000    5.2141000000e+00
        7.4250000000    5.2141000000e+00
        7.4300000000    5.2141000000e+00
        7.4350000000    5.2141000000e+00
        7.4400000000    5.2141000000e+00
        7.4450000000    5.2141000000e+00
        7.4500000000    5.2141000000e+00
        7.4550000000    5.2141000000e+00
        7.4600000000    5.2141000000e+00
        7.4650000000    5.2141000000e+00
        7.4700000000    5.2141000000e+00
        7.4750000000    5.2141000000e+00
        7.4800000000    5.2141000000e+00
        7.4850000000    5.2141000000e+00
        7.4900000000    5.2141000000e+00
        7.4950000000    5.2141000000e+00
        7.5000000000    5.2141000000e+00
        7.5050000000    5.2141000000e+00
        7.5100000000    5.2141000000e+00
        7.5150000000    5.2141000000e+00
        7.5200000000    5.2141000000e+00
        7.5250000000    5.2141000000e+00
        7.5300000000    5.2141000000e+00
        7.5350000000    5.2141000000e+00
        7.5400000000    5.2141000000e+00
        7.5450000000    5.2141000000e+00
        7.5500000000    5.2141000000e+00
        7.5550000000    5.2141000000e+00
        7.5600000000    5.2141000000e+00
        7.5650000000    5.2141000000e+00
        7.5700000000    5.2141000000e+00
        7.5750000000    5.2141000000e+00
        7.5800000000    5.2141000000e+00
        7.5850000000    5.2141000000e+00
        7.5900000000    5.2141000000e+00
        7.5950000000    5.2141000000e+00
        7.6000000000    5.2141000000e+00
        7.6050000000    5.2141000000e+00
        7.6100000000    5.2141000000e+00
        7.6150000000    5.2141000000e+00
        7.6200000000    5.2141000000e+00
        7.6250000000    5.2141000000e+00
        7.6300000000    5.2141000000e+00
        7.6350000000    5.2141000000e+00
        7.6400000000    5.2141000000e+00
        7.6450000000    5.2141000000e+00
        7.6500000000    5.2141000000e+00
        7.6550000000    5.2141000000e+00
        7.6600000000    5.2141000000e+00
        7.6650000000    5.2141000000e+00
        7.6700000000    5.2141000000e+00
        7.6750000000    5.2141000000e+00
        7.6800000000    5.2141000000e+00
        7.6850000000    5.2141000000e+00
        7.6900000000    5.2141000000e+00
        7.6950000000    5.2141000000e+00
        7.7000000000    5.2141000000e+00
        7.7050000000    5.2141000000e+00
        7.7100000000    5.2141000000e+00
        7.7150000000    5.2141000000e+00
        7.7200000000    5.2141000000e+00
        7.7250000000    5.2141000000e+00
        7.7300000000    5.2141000000e+00
        7.7350000000    5.2141000000e+00
        7.7400000000    5.2141000000e+00
        7.7450000000    5.2141000000e+00
        7.7500000000    5.2141000000e+00
        7.7550000000    5.2141000000e+00
        7.7600000000    5.2141000000e+00
        7.7650000000    5.2141000000e+00
        7.7700000000    5.2141000000e+00
        7.7750000000    5.2141000000e+00
        7.7800000000    5.2141000000e+00
        7.7850000000    5.2141000000e+00
        7.7900000000    5.2141000000e+00
        7.7950000000    5.2141000000e+00
        7.8000000000    5.2141000000e+00
        7.8050000000    5.2141000000e+00
        7.8100000000    5.2141000000e+00
        7.8150000000    5.2141000000e+00
        7.8200000000    5.2141000000e+00
        7.8250000000    5.2141000000e+00
        7.8300000000    5.2141000000e+00
        7.8350000000    5.2141000000e+00
        7.8400000000    5.2141000000e+00
        7.8450000000    5.2141000000e+00
        7.8500000000    5.2141000000e+00
        7.8550000000    5.2141000000e+00
        7.8600000000    5.2141000000e+00
        7.8650000000    5.2141000000e+00
        7.8700000000    5.2141000000e+00
        7.8750000000    5.2141000000e+00
        7.8800000000    5.2141000000e+00
        7.8850000000    5.2141000000e+00
        7.8900000000    5.2141000000e+00
        7.8950000000    5.2141000000e+00
        7.9000000000    5.2141000000e+00
        7.9050000000    5.2141000000e+00
        7.9100000000    5.2141000000e+00
        7.9150000000    5.2141000000e+00
        7.9200000000    5.2141000000e+00
        7.9250000000    5.2141000000e+00
        7.9300000000    5.2141000000e+00
        7.9350000000    5.2141000000e+00
        7.9400000000    5.2141000000e+00
        7.9450000000    5.2141000000e+00
        7.9500000000    5.2141000000e+00
        7.9550000000    5.2141000000e+00
        7.9600000000    5.2141000000e+00
        7.9650000000    5.2141000000e+00
        7.9700000000    5.2141000000e+00
        7.9750000000    5.2141000000e+00
        7.9800000000    5.2141000000e+00
        7.9850000000    5.2141000000e+00
        7.9900000000    5.2141000000e+00
        7.9950000000    5.2141000000e+00
        8.0000000000    5.2141000000e+00
        8.0050000000    5.2141000000e+00
        8.0100000000    5.2141000000e+00
        8.0150000000    5.2141000000e+00
        8.0200000000    5.2141000000e+00
        8.0250000000    5.2141000000e+00
        8.0300000000    5.2141000000e+00
        8.0350000000    5.2141000000e+00
        8.0400000000    5.2141000000e+00
        8.0450000000    5.2141000000e+00
        8.0500000000    5.2141000000e+00
        8.0550000000    5.2141000000e+00
        8.0600000000    5.2141000000e+00
        8.0650000000    5.2141000000e+00
        8.0700000000    5.2141000000e+00
        8.0750000000    5.2141000000e+00
        8.0800000000    5.2141000000e+00
        8.0850000000    5.2141000000e+00
        8.0900000000    5.2141000000e+00
        8.0950000000    5.2141000000e+00
        8.1000000000    5.2141000000e+00
        8.1050000000    5.2141000000e+00
        8.1100000000    5.2141000000e+00
        8.1150000000    5.2141000000e+00
        8.1200000000    5.2141000000e+00
        8.1250000000    5.2141000000e+00
        8.1300000000    5.2141000000e+00
        8.1350000000    5.2141000000e+00
        8.1400000000    5.2141000000e+00
        8.1450000000    5.2141000000e+00
        8.1500000000    5.2141000000e+00
        8.1550000000    5.2141000000e+00
        8.1600000000    5.2141000000e+00
        8.1650000000    5.2141000000e+00
        8.1700000000    5.2141000000e+00
        8.1750000000    5.2141000000e+00
        8.1800000000    5.2141000000e+00
        8.1850000000    5.2141000000e+00
        8.1900000000    5.2141000000e+00
        8.1950000000    5.2141000000e+00
        8.2000000000    5.2141000000e+00
        8.2050000000    5.2141000000e+00
        8.2100000000    5.2141000000e+00
        8.2150000000    5.2141000000e+00
        8.2200000000    5.2141000000e+00
        8.2250000000    5.2141000000e+00
        8.2300000000    5.2141000000e+00
        8.2350000000    5.2141000000e+00
        8.2400000000    5.2141000000e+00
        8.2450000000    5.2141000000e+00
        8.2500000000    5.2141000000e+00
        8.2550000000    5.2141000000e+00
        8.2600000000    5.2141000000e+00
        8.2650000000    5.2141000000e+00
        8.2700000000    5.2141000000e+00
        8.2750000000    5.2141000000e+00
        8.2800000000    5.2141000000e+00
        8.2850000000    5.2141000000e+00
        8.2900000000    5.2141000000e+00
        8.2950000000    5.2141000000e+00
        8.3000000000    5.2141000000e+00
        8.3050000000    5.2141000000e+00
        8.3100000000    5.2141000000e+00
        8.3150000000    5.2141000000e+00
        8.3200000000    5.2141000000e+00
        8.3250000000    5.2141000000e+00
        8.3300000000    5.2141000000e+00
        8.3350000000    5.2141000000e+00
        8.3400000000    5.2141000000e+00
        8.3450000000    5.2141000000e+00
        8.3500000000    5.2141000000e+00
        8.3550000000    5.2141000000e+00
        8.3600000000    5.2141000000e+00
        8.3650000000    5.2141000000e+00
        8.3700000000    5.2141000000e+00
        8.3750000000    5.2141000000e+00
        8.3800000000    5.2141000000e+00
        8.3850000000    5.2141000000e+00
        8.3900000000    5.2141000000e+00
        8.3950000000    5.2141000000e+00
        8.4000000000    5.2141000000e+00
        8.4050000000    5.2141000000e+00
        8.4100000000    5.2141000000e+00
        8.4150000000    5.2141000000e+00
        8.4200000000    5.2141000000e+00
        8.4250000000    5.2141000000e+00
        8.4300000000    5.2141000000e+00
        8.4350000000    5.2141000000e+00
        8.4400000000    5.2141000000e+00
        8.4450000000    5.2141000000e+00
        8.4500000000    5.2141000000e+00
        8.4550000000    5.2141000000e+00
        8.4600000000    5.2141000000e+00
        8.4650000000    5.2141000000e+00
        8.4700000000    5.2141000000e+00
        8.4750000000    5.2141000000e+00
        8.4800000000    5.2141000000e+00
        8.4850000000    5.2141000000e+00
        8.4900000000    5.2141000000e+00
        8.4950000000    5.2141000000e+00
        8.5000000000    5.2141000000e+00
        8.5050000000    5.2141000000e+00
        8.5100000000    5.2141000000e+00
        8.5150000000    5.2141000000e+00
        8.5200000000    5.2141000000e+00
        8.5250000000    5.2141000000e+00
        8.5300000000    5.2141000000e+00
        8.5350000000    5.2141000000e+00
        8.5400000000    5.2141000000e+00
        8.5450000000    5.2141000000e+00
        8.5500000000    5.2141000000e+00
        8.5550000000    5.2141000000e+00
        8.5600000000    5.2141000000e+00
        8.5650000000    5.2141000000e+00
        8.5700000000    5.2141000000e+00
        8.5750000000    5.2141000000e+00
        8.5800000000    5.2141000000e+00
        8.5850000000    5.2141000000e+00
        8.5900000000    5.2141000000e+00
        8.5950000000    5.2141000000e+00
        8.6000000000    5.2141000000e+00
        8.6050000000    5.2141000000e+00
        8.6100000000    5.2141000000e+00
        8.6150000000    5.2141000000e+00
        8.6200000000    5.2141000000e+00
        8.6250000000    5.2141000000e+00
        8.6300000000    5.2141000000e+00
        8.6350000000    5.2141000000e+00
        8.6400000000    5.2141000000e+00
        8.6450000000    5.2141000000e+00
        8.6500000000    5.2141000000e+00
        8.6550000000    5.2141000000e+00
        8.6600000000    5.2141000000e+00
        8.6650000000    5.2141000000e+00
        8.6700000000    5.2141000000e+00
        8.6750000000    5.2141000000e+00
        8.6800000000    5.2141000000e+00
        8.6850000000    5.2141000000e+00
        8.6900000000    5.2141000000e+00
        8.6950000000    5.2141000000e+00
        8.7000000000    5.2141000000e+00
        8.7050000000    5.2141000000e+00
        8.7100000000    5.2141000000e+00
        8.7150000000    5.2141000000e+00
        8.7200000000    5.2141000000e+00
        8.7250000000    5.2141000000e+00
        8.7300000000    5.2141000000e+00
        8.7350000000    5.2141000000e+00
        8.7400000000    5.2141000000e+00
        8.7450000000    5.2141000000e+00
        8.7500000000    5.2141000000e+00
        8.7550000000    5.2141000000e+00
        8.7600000000    5.2141000000e+00
        8.7650000000    5.2141000000e+00
        8.7700000000    5.2141000000e+00
        8.7750000000    5.2141000000e+00
        8.7800000000    5.2141000000e+00
        8.7850000000    5.2141000000e+00
        8.7900000000    5.2141000000e+00
        8.7950000000    5.2141000000e+00
        8.8000000000    5.2141000000e+00
        8.8050000000    5.2141000000e+00
        8.8100000000    5.2141000000e+00
        8.8150000000    5.2141000000e+00
        8.8200000000    5.2141000000e+00
        8.8250000000    5.2141000000e+00
        8.8300000000    5.2141000000e+00
        8.8350000000    5.2141000000e+00
        8.8400000000    5.2141000000e+00
        8.8450000000    5.2141000000e+00
        8.8500000000    5.2141000000e+00
        8.8550000000    5.2141000000e+00
        8.8600000000    5.2141000000e+00
        8.8650000000    5.2141000000e+00
        8.8700000000    5.2141000000e+00
        8.8750000000    5.2141000000e+00
        8.8800000000    5.2141000000e+00
        8.8850000000    5.2141000000e+00
        8.8900000000    5.2141000000e+00
        8.8950000000    5.2141000000e+00
        8.9000000000    5.2141000000e+00
        8.9050000000    5.2141000000e+00
        8.9100000000    5.2141000000e+00
        8.9150000000    5.2141000000e+00
        8.9200000000    5.2141000000e+00
        8.9250000000    5.2141000000e+00
        8.9300000000    5.2141000000e+00
        8.9350000000    5.2141000000e+00
        8.9400000000    5.2141000000e+00
        8.9450000000    5.2141000000e+00
        8.9500000000    5.2141000000e+00
        8.9550000000    5.2141000000e+00
        8.9600000000    5.2141000000e+00
        8.9650000000    5.2141000000e+00
        8.9700000000    5.2141000000e+00
        8.9750000000    5.2141000000e+00
        8.9800000000    5.2141000000e+00
        8.9850000000    5.2141000000e+00
        8.9900000000    5.2141000000e+00
        8.9950000000    5.2141000000e+00
        9.0000000000    5.2141000000e+00
        9.0050000000    5.2141000000e+00
        9.0100000000    5.2141000000e+00
        9.0150000000    5.2141000000e+00
        9.0200000000    5.2141000000e+00
        9.0250000000    5.2141000000e+00
        9.0300000000    5.2141000000e+00
        9.0350000000    5.2141000000e+00
        9.0400000000    5.2141000000e+00
        9.0450000000    5.2141000000e+00
        9.0500000000    5.2141000000e+00
        9.0550000000    5.2141000000e+00
        9.0600000000    5.2141000000e+00
        9.0650000000    5.2141000000e+00
        9.0700000000    5.2141000000e+00
        9.0750000000    5.2141000000e+00
        9.0800000000    5.2141000000e+00
        9.0850000000    5.2141000000e+00
        9.0900000000    5.2141000000e+00
        9.0950000000    5.2141000000e+00
        9.1000000000    5.2141000000e+00
        9.1050000000    5.2141000000e+00
        9.1100000000    5.2141000000e+00
        9.1150000000    5.2141000000e+00
        9.1200000000    5.2141000000e+00
        9.1250000000    5.2141000000e+00
        9.1300000000    5.2141000000e+00
        9.1350000000    5.2141000000e+00
        9.1400000000    5.2141000000e+00
        9.1450000000    5.2141000000e+00
        9.1500000000    5.2141000000e+00
        9.1550000000    5.2141000000e+00
        9.1600000000    5.2141000000e+00
        9.1650000000    5.2141000000e+00
        9.1700000000    5.2141000000e+00
        9.1750000000    5.2141000000e+00
        9.1800000000    5.2141000000e+00
        9.1850000000    5.2141000000e+00
        9.1900000000    5.2141000000e+00
        9.1950000000    5.2141000000e+00
        9.2000000000    5.2141000000e+00
        9.2050000000    5.2141000000e+00
        9.2100000000    5.2141000000e+00
        9.2150000000    5.2141000000e+00
        9.2200000000    5.2141000000e+00
        9.2250000000    5.2141000000e+00
        9.2300000000    5.2141000000e+00
        9.2350000000    5.2141000000e+00
        9.2400000000    5.2141000000e+00
        9.2450000000    5.2141000000e+00
        9.2500000000    5.2141000000e+00
        9.2550000000    5.2141000000e+00
        9.2600000000    5.2141000000e+00
        9.2650000000    5.2141000000e+00
        9.2700000000    5.2141000000e+00
        9.2750000000    5.2141000000e+00
        9.2800000000    5.2141000000e+00
        9.2850000000    5.2141000000e+00
        9.2900000000    5.2141000000e+00
        9.2950000000    5.2141000000e+00
        9.3000000000    5.2141000000e+00
        9.3050000000    5.2141000000e+00
        9.3100000000    5.2141000000e+00
        9.3150000000    5.2141000000e+00
        9.3200000000    5.2141000000e+00
        9.3250000000    5.2141000000e+00
        9.3300000000    5.2141000000e+00
        9.3350000000    5.2141000000e+00
        9.3400000000    5.2141000000e+00
        9.3450000000    5.2141000000e+00
        9.3500000000    5.2141000000e+00
        9.3550000000    5.2141000000e+00
        9.3600000000    5.2141000000e+00
        9.3650000000    5.2141000000e+00
        9.3700000000    5.2141000000e+00
        9.3750000000    5.2141000000e+00
        9.3800000000    5.2141000000e+00
        9.3850000000    5.2141000000e+00
        9.3900000000    5.2141000000e+00
        9.3950000000    5.2141000000e+00
        9.4000000000    5.2141000000e+00
        9.4050000000    5.2141000000e+00
        9.4100000000    5.2141000000e+00
        9.4150000000    5.2141000000e+00
        9.4200000000    5.2141000000e+00
        9.4250000000    5.2141000000e+00
        9.4300000000    5.2141000000e+00
        9.4350000000    5.2141000000e+00
        9.4400000000    5.2141000000e+00
        9.4450000000    5.2141000000e+00
        9.4500000000    5.2141000000e+00
        9.4550000000    5.2141000000e+00
        9.4600000000    5.2141000000e+00
        9.4650000000    5.2141000000e+00
        9.4700000000    5.2141000000e+00
        9.4750000000    5.2141000000e+00
        9.4800000000    5.2141000000e+00
        9.4850000000    5.2141000000e+00
        9.4900000000    5.2141000000e+00
        9.4950000000    5.2141000000e+00
        9.5000000000    5.2141000000e+00
        9.5050000000    5.2141000000e+00
        9.5100000000    5.2141000000e+00
        9.5150000000    5.2141000000e+00
        9.5200000000    5.2141000000e+00
        9.5250000000    5.2141000000e+00
        9.5300000000    5.2141000000e+00
        9.5350000000    5.2141000000e+00
        9.5400000000    5.2141000000e+00
        9.5450000000    5.2141000000e+00
        9.5500000000    5.2141000000e+00
        9.5550000000    5.2141000000e+00
        9.5600000000    5.2141000000e+00
        9.5650000000    5.2141000000e+00
        9.5700000000    5.2141000000e+00
        9.5750000000    5.2141000000e+00
        9.5800000000    5.2141000000e+00
        9.5850000000    5.2141000000e+00
        9.5900000000    5.2141000000e+00
        9.5950000000    5.2141000000e+00
        9.6000000000    5.2141000000e+00
        9.6050000000    5.2141000000e+00
        9.6100000000    5.2141000000e+00
        9.6150000000    5.2141000000e+00
        9.6200000000    5.2141000000e+00
        9.6250000000    5.2141000000e+00
        9.6300000000    5.2141000000e+00
        9.6350000000    5.2141000000e+00
        9.6400000000    5.2141000000e+00
        9.6450000000    5.2141000000e+00
        9.6500000000    5.2141000000e+00
        9.6550000000    5.2141000000e+00
        9.6600000000    5.2141000000e+00
        9.6650000000    5.2141000000e+00
        9.6700000000    5.2141000000e+00
        9.6750000000    5.2141000000e+00
        9.6800000000    5.2141000000e+00
        9.6850000000    5.2141000000e+00
        9.6900000000    5.2141000000e+00
        9.6950000000    5.2141000000e+00
        9.7000000000    5.2141000000e+00
        9.7050000000    5.2141000000e+00
        9.7100000000    5.2141000000e+00
        9.7150000000    5.2141000000e+00
        9.7200000000    5.2141000000e+00
        9.7250000000    5.2141000000e+00
        9.7300000000    5.2141000000e+00
        9.7350000000    5.2141000000e+00
        9.7400000000    5.2141000000e+00
        9.7450000000    5.2141000000e+00
        9.7500000000    5.2141000000e+00
        9.7550000000    5.2141000000e+00
        9.7600000000    5.2141000000e+00
        9.7650000000    5.2141000000e+00
        9.7700000000    5.2141000000e+00
        9.7750000000    5.2141000000e+00
        9.7800000000    5.2141000000e+00
        9.7850000000    5.2141000000e+00
        9.7900000000    5.2141000000e+00
        9.7950000000    5.2141000000e+00
        9.8000000000    5.2141000000e+00
        9.8050000000    5.2141000000e+00
        9.8100000000    5.2141000000e+00
        9.8150000000    5.2141000000e+00
        9.8200000000    5.2141000000e+00
        9.8250000000    5.2141000000e+00
        9.8300000000    5.2141000000e+00
        9.8350000000    5.2141000000e+00
        9.8400000000    5.2141000000e+00
        9.8450000000    5.2141000000e+00
        9.8500000000    5.2141000000e+00
        9.8550000000    5.2141000000e+00
        9.8600000000    5.2141000000e+00
        9.8650000000    5.2141000000e+00
        9.8700000000    5.2141000000e+00
        9.8750000000    5.2141000000e+00
        9.8800000000    5.2141000000e+00
        9.8850000000    5.2141000000e+00
        9.8900000000    5.2141000000e+00
        9.8950000000    5.2141000000e+00
        9.9000000000    5.2141000000e+00
        9.9050000000    5.2141000000e+00
        9.9100000000    5.2141000000e+00
        9.9150000000    5.2141000000e+00
        9.9200000000    5.2141000000e+00
        9.9250000000    5.2141000000e+00
        9.9300000000    5.2141000000e+00
        9.9350000000    5.2141000000e+00
        9.9400000000    5.2141000000e+00
        9.9450000000    5.2141000000e+00
        9.9500000000    5.2141000000e+00
        9.9550000000    5.2141000000e+00
        9.9600000000    5.2141000000e+00
        9.9650000000    5.2141000000e+00
        9.9700000000    5.2141000000e+00
        9.9750000000    5.2141000000e+00
        9.9800000000    5.2141000000e+00
        9.9850000000    5.2141000000e+00
        9.9900000000    5.2141000000e+00
        9.9950000000    5.2141000000e+00
