        0.0050000000    1.1167642273e+03
        0.0100000000    1.0984678946e+03
        0.0150000000    1.0804727230e+03
        0.0200000000    1.0627737555e+03
        0.0250000000    1.0453661165e+03
        0.0300000000    1.0282450107e+03
        0.0350000000    1.0114057215e+03
        0.0400000000    9.9484361042e+02
        0.0450000000    9.7855411489e+02
        0.0500000000    9.6253274765e+02
        0.0550000000    9.4677509525e+02
        0.0600000000    9.3127681690e+02
        0.0650000000    9.1603364324e+02
        0.0700000000    9.0104137521e+02
        0.0750000000    8.8629588284e+02
        0.0800000000    8.7179310416e+02
        0.0850000000    8.5752904407e+02
        0.0900000000    8.4349977319e+02
        0.0950000000    8.2970142686e+02
        0.1000000000    8.1613020401e+02
        0.1050000000    8.0278236615e+02
        0.1100000000    7.8965423631e+02
        0.1150000000    7.7674219806e+02
        0.1200000000    7.6404269449e+02
        0.1250000000    7.5155222724e+02
        0.1300000000    7.3926735552e+02
        0.1350000000    7.2718469519e+02
        0.1400000000    7.1530091782e+02
        0.1450000000    7.0361274976e+02
        0.1500000000    6.9211697122e+02
        0.1550000000    6.8081041546e+02
        0.1600000000    6.6968996781e+02
        0.1650000000    6.5875256491e+02
        0.1700000000    6.4799519381e+02
        0.1750000000    6.3741489114e+02
        0.1800000000    6.2700874232e+02
        0.1850000000    6.1677388075e+02
        0.1900000000    6.0670748701e+02
        0.1950000000    5.9680678808e+02
        0.2000000000    5.8706905659e+02
        0.2050000000    5.7749161006e+02
        0.2100000000    5.6807181019e+02
        0.2150000000    5.5880706206e+02
        0.2200000000    5.4969481350e+02
        0.2250000000    5.4073255434e+02
        0.2300000000    5.3191781572e+02
        0.2350000000    5.2324816942e+02
        0.2400000000    5.1472122720e+02
        0.2450000000    5.0633464012e+02
        0.2500000000    4.9808609790e+02
        0.2550000000    4.8997332830e+02
        0.2600000000    4.8199409648e+02
        0.2650000000    4.7414620438e+02
        0.2700000000    4.6642749012e+02
        0.2750000000    4.5883582740e+02
        0.2800000000    4.5136912494e+02
        0.2850000000    4.4402532587e+02
        0.2900000000    4.3680240717e+02
        0.2950000000    4.2969837912e+02
        0.3000000000    4.2271128476e+02
        0.3050000000    4.1583919935e+02
        0.3100000000    4.0908022981e+02
        0.3150000000    4.0243251423e+02
        0.3200000000    3.9589422135e+02
        0.3250000000    3.8946355005e+02
        0.3300000000    3.8313872886e+02
        0.3350000000    3.7691801546e+02
        0.3400000000    3.7079969623e+02
        0.3450000000    3.6478208573e+02
        0.3500000000    3.5886352628e+02
        0.3550000000    3.5304238747e+02
        0.3600000000    3.4731706575e+02
        0.3650000000    3.4168598394e+02
        0.3700000000    3.3614759085e+02
        0.3750000000    3.3070036078e+02
        0.3800000000    3.2534279320e+02
        0.3850000000    3.2007341222e+02
        0.3900000000    3.1489076629e+02
        0.3950000000    3.0979342772e+02
        0.4000000000    3.0477999234e+02
        0.4050000000    2.9984907910e+02
        0.4100000000    2.9499932965e+02
        0.4150000000    2.9022940802e+02
        0.4200000000    2.8553800024e+02
        0.4250000000    2.8092381395e+02
        0.4300000000    2.7638557807e+02
        0.4350000000    2.7192204244e+02
        0.4400000000    2.6753197749e+02
        0.4450000000    2.6321417386e+02
        0.4500000000    2.5896744212e+02
        0.4550000000    2.5479061242e+02
        0.4600000000    2.5068253415e+02
        0.4650000000    2.4664207566e+02
        0.4700000000    2.4266812391e+02
        0.4750000000    2.3875958418e+02
        0.4800000000    2.3491537977e+02
        0.4850000000    2.3113445173e+02
        0.4900000000    2.2741575850e+02
        0.4950000000    2.2375827569e+02
        0.5000000000    2.2016099577e+02
        0.5050000000    2.1662292777e+02
        0.5100000000    2.1314309707e+02
        0.5150000000    2.0972054506e+02
        0.5200000000    2.0635432893e+02
        0.5250000000    2.0304352138e+02
        0.5300000000    1.9978721036e+02
        0.5350000000    1.9658449887e+02
        0.5400000000    1.9343450463e+02
        0.5450000000    1.9033635991e+02
        0.5500000000    1.8728921126e+02
        0.5550000000    1.8429221928e+02
        0.5600000000    1.8134455837e+02
        0.5650000000    1.7844541653e+02
        0.5700000000    1.7559399514e+02
        0.5750000000    1.7278950871e+02
        0.5800000000    1.7003118466e+02
        0.5850000000    1.6731826318e+02
        0.5900000000    1.6464999691e+02
        0.5950000000    1.6202565083e+02
        0.6000000000    1.5944450199e+02
        0.6050000000    1.5690583938e+02
        0.6100000000    1.5440896364e+02
        0.6150000000    1.5195318697e+02
        0.6200000000    1.4953783287e+02
        0.6250000000    1.4716223596e+02
        0.6300000000    1.4482574185e+02
        0.6350000000    1.4252770689e+02
        0.6400000000    1.4026749803e+02
        0.6450000000    1.3804449265e+02
        0.6500000000    1.3585807838e+02
        0.6550000000    1.3370765291e+02
        0.6600000000    1.3159262387e+02
        0.6650000000    1.2951240862e+02
        0.6700000000    1.2746643412e+02
        0.6750000000    1.2545413676e+02
        0.6800000000    1.2347496221e+02
        0.6850000000    1.2152836526e+02
        0.6900000000    1.1961380968e+02
        0.6950000000    1.1773076806e+02
        0.7000000000    1.1587872167e+02
        0.7050000000    1.1405716033e+02
        0.7100000000    1.1226558224e+02
        0.7150000000    1.1050349388e+02
        0.7200000000    1.0877040984e+02
        0.7250000000    1.0706585270e+02
        0.7300000000    1.0538935291e+02
        0.7350000000    1.0374044863e+02
        0.7400000000    1.0211868564e+02
        0.7450000000    1.0052361718e+02
        0.7500000000    9.8954803867e+01
        0.7550000000    9.7411813526e+01
        0.7600000000    9.5894221107e+01
        0.7650000000    9.4401608557e+01
        0.7700000000    9.2933564702e+01
        0.7750000000    9.1489685136e+01
        0.7800000000    9.0069572111e+01
        0.7850000000    8.8672834424e+01
        0.7900000000    8.7299087313e+01
        0.7950000000    8.5947952348e+01
        0.8000000000    8.4619057330e+01
        0.8050000000    8.3312036183e+01
        0.8100000000    8.2026528861e+01
        0.8150000000    8.0762181241e+01
        0.8200000000    7.9518645030e+01
        0.8250000000    7.8295577669e+01
        0.8300000000    7.7092642236e+01
        0.8350000000    7.5909507356e+01
        0.8400000000    7.4745847107e+01
        0.8450000000    7.3601340935e+01
        0.8500000000    7.2475673558e+01
        0.8550000000    7.1368534886e+01
        0.8600000000    7.0279619934e+01
        0.8650000000    6.9208628735e+01
        0.8700000000    6.8155266261e+01
        0.8750000000    6.7119242339e+01
        0.8800000000    6.6100271574e+01
        0.8850000000    6.5098073268e+01
        0.8900000000    6.4112371341e+01
        0.8950000000    6.3142894262e+01
        0.9000000000    6.2189374965e+01
        0.9050000000    6.1251550782e+01
        0.9100000000    6.0329163370e+01
        0.9150000000    5.9421958634e+01
        0.9200000000    5.8529686666e+01
        0.9250000000    5.7652101670e+01
        0.9300000000    5.6788961894e+01
        0.9350000000    5.5940029568e+01
        0.9400000000    5.5105070835e+01
        0.9450000000    5.4283855685e+01
        0.9500000000    5.3476157898e+01
        0.9550000000    5.2681754974e+01
        0.9600000000    5.1900428079e+01
        0.9650000000    5.1131961977e+01
        0.9700000000    5.0376144977e+01
        0.9750000000    4.9632768873e+01
        0.9800000000    4.8901628886e+01
        0.9850000000    4.8182523606e+01
        0.9900000000    4.7475254939e+01
        0.9950000000    4.6779628054e+01
        1.0000000000    4.6095451323e+01
        1.0050000000    4.5422536275e+01
        1.0100000000    4.4760697540e+01
        1.0150000000    4.4109752801e+01
        1.0200000000    4.3469522739e+01
        1.0250000000    4.2839830990e+01
        1.0300000000    4.2220504090e+01
        1.0350000000    4.1611371432e+01
        1.0400000000    4.1012265217e+01
        1.0450000000    4.0423020408e+01
        1.0500000000    3.9843474684e+01
        1.0550000000    3.9273468396e+01
        1.0600000000    3.8712844522e+01
        1.0650000000    3.8161448628e+01
        1.0700000000    3.7619128818e+01
        1.0750000000    3.7085735698e+01
        1.0800000000    3.6561122334e+01
        1.0850000000    3.6045144208e+01
        1.0900000000    3.5537659183e+01
        1.0950000000    3.5038527461e+01
        1.1000000000    3.4547611545e+01
        1.1050000000    3.4064776201e+01
        1.1100000000    3.3589888421e+01
        1.1150000000    3.3122817387e+01
        1.1200000000    3.2663434434e+01
        1.1250000000    3.2211613014e+01
        1.1300000000    3.1767228664e+01
        1.1350000000    3.1330158966e+01
        1.1400000000    3.0900283522e+01
        1.1450000000    3.0477483911e+01
        1.1500000000    3.0061643665e+01
        1.1550000000    2.9652648231e+01
        1.1600000000    2.9250384942e+01
        1.1650000000    2.8854742985e+01
        1.1700000000    2.8465613372e+01
        1.1750000000    2.8082888909e+01
        1.1800000000    2.7706464165e+01
        1.1850000000    2.7336235447e+01
        1.1900000000    2.6972100766e+01
        1.1950000000    2.6613959812e+01
        1.2000000000    2.6261713929e+01
        1.2050000000    2.5915266083e+01
        1.2100000000    2.5574520835e+01
        1.2150000000    2.5239384322e+01
        1.2200000000    2.4909764220e+01
        1.2250000000    2.4585569731e+01
        1.2300000000    2.4266711546e+01
        1.2350000000    2.3953101829e+01
        1.2400000000    2.3644654189e+01
        1.2450000000    2.3341283658e+01
        1.2500000000    2.3042906666e+01
        1.2550000000    2.2749441017e+01
        1.2600000000    2.2460805870e+01
        1.2650000000    2.2176921714e+01
        1.2700000000    2.1897710347e+01
        1.2750000000    2.1623094854e+01
        1.2800000000    2.1352999586e+01
        1.2850000000    2.1087350138e+01
        1.2900000000    2.0826073333e+01
        1.2950000000    2.0569097195e+01
        1.3000000000    2.0316350934e+01
        1.3050000000    2.0067764926e+01
        1.3100000000    1.9823270693e+01
        1.3150000000    1.9582800883e+01
        1.3200000000    1.9346289253e+01
        1.3250000000    1.9113670650e+01
        1.3300000000    1.8884880996e+01
        1.3350000000    1.8659857263e+01
        1.3400000000    1.8438537466e+01
        1.3450000000    1.8220860636e+01
        1.3500000000    1.8006766809e+01
        1.3550000000    1.7796197008e+01
        1.3600000000    1.7589093228e+01
        1.3650000000    1.7385398416e+01
        1.3700000000    1.7185056461e+01
        1.3750000000    1.6988012173e+01
        1.3800000000    1.6794211273e+01
        1.3850000000    1.6603600374e+01
        1.3900000000    1.6416126968e+01
        1.3950000000    1.6231739410e+01
        1.4000000000    1.6050386908e+01
        1.4050000000    1.5872019504e+01
        1.4100000000    1.5696588062e+01
        1.4150000000    1.5524044256e+01
        1.4200000000    1.5354340554e+01
        1.4250000000    1.5187430209e+01
        1.4300000000    1.5023267241e+01
        1.4350000000    1.4861806427e+01
        1.4400000000    1.4703003290e+01
        1.4450000000    1.4546814084e+01
        1.4500000000    1.4393195783e+01
        1.4550000000    1.4242106069e+01
        1.4600000000    1.4093503321e+01
        1.4650000000    1.3947346604e+01
        1.4700000000    1.3803595655e+01
        1.4750000000    1.3662210874e+01
        1.4800000000    1.3523153315e+01
        1.4850000000    1.3386384670e+01
        1.4900000000    1.3251867264e+01
        1.4950000000    1.3119564041e+01
        1.5000000000    1.2989438555e+01
        1.5050000000    1.2861454960e+01
        1.5100000000    1.2735578000e+01
        1.5150000000    1.2611772999e+01
        1.5200000000    1.2490005853e+01
        1.5250000000    1.2370243018e+01
        1.5300000000    1.2252451503e+01
        1.5350000000    1.2136598859e+01
        1.5400000000    1.2022653172e+01
        1.5450000000    1.1910583053e+01
        1.5500000000    1.1800357631e+01
        1.5550000000    1.1691946541e+01
        1.5600000000    1.1585319918e+01
        1.5650000000    1.1480448391e+01
        1.5700000000    1.1377303069e+01
        1.5750000000    1.1275855540e+01
        1.5800000000    1.1176077857e+01
        1.5850000000    1.1077942534e+01
        1.5900000000    1.0981422537e+01
        1.5950000000    1.0886491279e+01
        1.6000000000    1.0793122608e+01
        1.6050000000    1.0701290803e+01
        1.6100000000    1.0610970568e+01
        1.6150000000    1.0522137022e+01
        1.6200000000    1.0434765693e+01
        1.6250000000    1.0348832514e+01
        1.6300000000    1.0264313811e+01
        1.6350000000    1.0181186303e+01
        1.6400000000    1.0099427089e+01
        1.6450000000    1.0019013649e+01
        1.6500000000    9.9399238294e+00
        1.6550000000    9.8621358438e+00
        1.6600000000    9.7856282637e+00
        1.6650000000    9.7103800133e+00
        1.6700000000    9.6363703638e+00
        1.6750000000    9.5635789277e+00
        1.6800000000    9.4919856528e+00
        1.6850000000    9.4215708173e+00
        1.6900000000    9.3523150238e+00
        1.6950000000    9.2841991942e+00
        1.7000000000    9.2172045644e+00
        1.7050000000    9.1513126794e+00
        1.7100000000    9.0865053878e+00
        1.7150000000    9.0227648368e+00
        1.7200000000    8.9600734678e+00
        1.7250000000    8.8984140110e+00
        1.7300000000    8.8377694809e+00
        1.7350000000    8.7781231717e+00
        1.7400000000    8.7194586524e+00
        1.7450000000    8.6617597626e+00
        1.7500000000    8.6050106078e+00
        1.7550000000    8.5491955552e+00
        1.7600000000    8.4942992293e+00
        1.7650000000    8.4403065077e+00
        1.7700000000    8.3872025168e+00
        1.7750000000    8.3349726280e+00
        1.7800000000    8.2836024535e+00
        1.7850000000    8.2330778420e+00
        1.7900000000    8.1833848756e+00
        1.7950000000    8.1345098651e+00
        1.8000000000    8.0864393468e+00
        1.8050000000    8.0391600787e+00
        1.8100000000    7.9926590367e+00
        1.8150000000    7.9469234108e+00
        1.8200000000    7.9019406024e+00
        1.8250000000    7.8576982197e+00
        1.8300000000    7.8141840754e+00
        1.8350000000    7.7713861824e+00
        1.8400000000    7.7292927510e+00
        1.8450000000    7.6878921858e+00
        1.8500000000    7.6471730821e+00
        1.8550000000    7.6071242227e+00
        1.8600000000    7.5677345754e+00
        1.8650000000    7.5289932894e+00
        1.8700000000    7.4908896926e+00
        1.8750000000    7.4534132884e+00
        1.8800000000    7.4165537532e+00
        1.8850000000    7.3803009331e+00
        1.8900000000    7.3446448416e+00
        1.8950000000    7.3095756563e+00
        1.9000000000    7.2750837167e+00
        1.9050000000    7.2411595211e+00
        1.9100000000    7.2077937245e+00
        1.9150000000    7.1749771354e+00
        1.9200000000    7.1427007138e+00
        1.9250000000    7.1109555684e+00
        1.9300000000    7.0797329543e+00
        1.9350000000    7.0490242705e+00
        1.9400000000    7.0188210577e+00
        1.9450000000    6.9891149957e+00
        1.9500000000    6.9598979013e+00
        1.9550000000    6.9311617260e+00
        1.9600000000    6.9028985538e+00
        1.9650000000    6.8751005989e+00
        1.9700000000    6.8477602038e+00
        1.9750000000    6.8208698369e+00
        1.9800000000    6.7944220908e+00
        1.9850000000    6.7684096797e+00
        1.9900000000    6.7428254380e+00
        1.9950000000    6.7176623180e+00
        2.0000000000    6.6929133878e+00
        2.0050000000    6.6685718299e+00
        2.0100000000    6.6446309387e+00
        2.0150000000    6.6210841194e+00
        2.0200000000    6.5979248852e+00
        2.0250000000    6.5751468567e+00
        2.0300000000    6.5527437589e+00
        2.0350000000    6.5307094205e+00
        2.0400000000    6.5090377716e+00
        2.0450000000    6.4877228423e+00
        2.0500000000    6.4667587609e+00
        2.0550000000    6.4461397524e+00
        2.0600000000    6.4258601369e+00
        2.0650000000    6.4059143277e+00
        2.0700000000    6.3862968305e+00
        2.0750000000    6.3670022412e+00
        2.0800000000    6.3480252445e+00
        2.0850000000    6.3293606129e+00
        2.0900000000    6.3110032049e+00
        2.0950000000    6.2929479633e+00
        2.1000000000    6.2751899146e+00
        2.1050000000    6.2577241668e+00
        2.1100000000    6.2405459087e+00
        2.1150000000    6.2236504080e+00
        2.1200000000    6.2070330106e+00
        2.1250000000    6.1906891388e+00
        2.1300000000    6.1746142904e+00
        2.1350000000    6.1588040371e+00
        2.1400000000    6.1432540236e+00
        2.1450000000    6.1279599665e+00
        2.1500000000    6.1129176525e+00
        2.1550000000    6.0981229379e+00
        2.1600000000    6.0835717473e+00
        2.1650000000    6.0692600720e+00
        2.1700000000    6.0551839698e+00
        2.1750000000    6.0413395630e+00
        2.1800000000    6.0277230378e+00
        2.1850000000    6.0143306432e+00
        2.1900000000    6.0011586902e+00
        2.1950000000    5.9882035500e+00
        2.2000000000    5.9754616540e+00
        2.2050000000    5.9629294921e+00
        2.2100000000    5.9506036120e+00
        2.2150000000    5.9384806183e+00
        2.2200000000    5.9265571715e+00
        2.2250000000    5.9148299870e+00
        2.2300000000    5.9032958342e+00
        2.2350000000    5.8919515358e+00
        2.2400000000    5.8807939668e+00
        2.2450000000    5.8698200535e+00
        2.2500000000    5.8590267730e+00
        2.2550000000    5.8484111521e+00
        2.2600000000    5.8379702663e+00
        2.2650000000    5.8277012395e+00
        2.2700000000    5.8176012430e+00
        2.2750000000    5.8076674944e+00
        2.2800000000    5.7978972572e+00
        2.2850000000    5.7882878400e+00
        2.2900000000    5.7788365957e+00
        2.2950000000    5.7695409208e+00
        2.3000000000    5.7603982544e+00
        2.3050000000    5.7514060782e+00
        2.3100000000    5.7425619149e+00
        2.3150000000    5.7338633283e+00
        2.3200000000    5.7253079222e+00
        2.3250000000    5.7168933397e+00
        2.3300000000    5.7086172629e+00
        2.3350000000    5.7004774119e+00
        2.3400000000    5.6924715444e+00
        2.3450000000    5.6845974551e+00
        2.3500000000    5.6768529749e+00
        2.3550000000    5.6692359703e+00
        2.3600000000    5.6617443431e+00
        2.3650000000    5.6543760296e+00
        2.3700000000    5.6471289999e+00
        2.3750000000    5.6400012578e+00
        2.3800000000    5.6329908397e+00
        2.3850000000    5.6260958144e+00
        2.3900000000    5.6193142827e+00
        2.3950000000    5.6126443762e+00
        2.4000000000    5.6060842577e+00
        2.4050000000    5.5996321201e+00
        2.4100000000    5.5932861859e+00
        2.4150000000    5.5870447070e+00
        2.4200000000    5.5809059641e+00
        2.4250000000    5.5748682661e+00
        2.4300000000    5.5689299498e+00
        2.4350000000    5.5630893794e+00
        2.4400000000    5.5573449459e+00
        2.4450000000    5.5516950668e+00
        2.4500000000    5.5461381859e+00
        2.4550000000    5.5406727724e+00
        2.4600000000    5.5352973206e+00
        2.4650000000    5.5300103498e+00
        2.4700000000    5.5248104036e+00
        2.4750000000    5.5196960495e+00
        2.4800000000    5.5146658787e+00
        2.4850000000    5.5097185055e+00
        2.4900000000    5.5048525670e+00
        2.4950000000    5.5000667228e+00
        2.5000000000    5.4953596545e+00
        2.5050000000    5.4907300655e+00
        2.5100000000    5.4861766805e+00
        2.5150000000    5.4816982451e+00
        2.5200000000    5.4772935255e+00
        2.5250000000    5.4729613086e+00
        2.5300000000    5.4687004008e+00
        2.5350000000    5.4645096283e+00
        2.5400000000    5.4603878368e+00
        2.5450000000    5.4563338908e+00
        2.5500000000    5.4523466735e+00
        2.5550000000    5.4484250866e+00
        2.5600000000    5.4445680498e+00
        2.5650000000    5.4407745006e+00
        2.5700000000    5.4370433939e+00
        2.5750000000    5.4333737020e+00
        2.5800000000    5.4297644139e+00
        2.5850000000    5.4262145354e+00
        2.5900000000    5.4227230886e+00
        2.5950000000    5.4192891117e+00
        2.6000000000    5.4159116588e+00
        2.6050000000    5.4125897994e+00
        2.6100000000    5.4093226184e+00
        2.6150000000    5.4061092159e+00
        2.6200000000    5.4029487066e+00
        2.6250000000    5.3998402199e+00
        2.6300000000    5.3967828995e+00
        2.6350000000    5.3937759032e+00
        2.6400000000    5.3908184026e+00
        2.6450000000    5.3879095831e+00
        2.6500000000    5.3850486434e+00
        2.6550000000    5.3822347952e+00
        2.6600000000    5.3794672636e+00
        2.6650000000    5.3767452860e+00
        2.6700000000    5.3740681128e+00
        2.6750000000    5.3714350063e+00
        2.6800000000    5.3688452413e+00
        2.6850000000    5.3662981043e+00
        2.6900000000    5.3637928937e+00
        2.6950000000    5.3613289194e+00
        2.7000000000    5.3589055025e+00
        2.7050000000    5.3565219756e+00
        2.7100000000    5.3541776820e+00
        2.7150000000    5.3518719759e+00
        2.7200000000    5.3496042222e+00
        2.7250000000    5.3473737962e+00
        2.7300000000    5.3451800834e+00
        2.7350000000    5.3430224796e+00
        2.7400000000    5.3409003903e+00
        2.7450000000    5.3388132311e+00
        2.7500000000    5.3367604269e+00
        2.7550000000    5.3347414122e+00
        2.7600000000    5.3327556309e+00
        2.7650000000    5.3308025360e+00
        2.7700000000    5.3288815894e+00
        2.7750000000    5.3269922620e+00
        2.7800000000    5.3251340332e+00
        2.7850000000    5.3233063913e+00
        2.7900000000    5.3215088327e+00
        2.7950000000    5.3197408623e+00
        2.8000000000    5.3180019930e+00
        2.8050000000    5.3162917459e+00
        2.8100000000    5.3146096497e+00
        2.8150000000    5.3129552412e+00
        2.8200000000    5.3113280646e+00
        2.8250000000    5.3097276716e+00
        2.8300000000    5.3081536214e+00
        2.8350000000    5.3066054804e+00
        2.8400000000    5.3050828221e+00
        2.8450000000    5.3035852270e+00
        2.8500000000    5.3021122826e+00
        2.8550000000    5.3006635832e+00
        2.8600000000    5.2992387297e+00
        2.8650000000    5.2978373295e+00
        2.8700000000    5.2964589967e+00
        2.8750000000    5.2951033515e+00
        2.8800000000    5.2937700205e+00
        2.8850000000    5.2924586363e+00
        2.8900000000    5.2911688378e+00
        2.8950000000    5.2899002697e+00
        2.9000000000    5.2886525824e+00
        2.9050000000    5.2874254323e+00
        2.9100000000    5.2862184813e+00
        2.9150000000    5.2850313970e+00
        2.9200000000    5.2838638523e+00
        2.9250000000    5.2827155256e+00
        2.9300000000    5.2815861006e+00
        2.9350000000    5.2804752662e+00
        2.9400000000    5.2793827163e+00
        2.9450000000    5.2783081500e+00
        2.9500000000    5.2772512713e+00
        2.9550000000    5.2762117890e+00
        2.9600000000    5.2751894168e+00
        2.9650000000    5.2741838730e+00
        2.9700000000    5.2731948807e+00
        2.9750000000    5.2722221674e+00
        2.9800000000    5.2712654652e+00
        2.9850000000    5.2703245104e+00
        2.9900000000    5.2693990440e+00
        2.9950000000    5.2684888109e+00
        3.0000000000    5.2675935604e+00
        3.0050000000    5.2667130459e+00
        3.0100000000    5.2658470249e+00
        3.0150000000    5.2649952587e+00
        3.0200000000    5.2641575128e+00
        3.0250000000    5.2633335563e+00
        3.0300000000    5.2625231623e+00
        3.0350000000    5.2617261076e+00
        3.0400000000    5.2609421726e+00
        3.0450000000    5.2601711412e+00
        3.0500000000    5.2594128012e+00
        3.0550000000    5.2586669436e+00
        3.0600000000    5.2579333630e+00
        3.0650000000    5.2572118573e+00
        3.0700000000    5.2565022277e+00
        3.0750000000    5.2558042787e+00
        3.0800000000    5.2551178181e+00
        3.0850000000    5.2544426568e+00
        3.0900000000    5.2537786088e+00
        3.0950000000    5.2531254911e+00
        3.1000000000    5.2524831239e+00
        3.1050000000    5.2518513301e+00
        3.1100000000    5.2512299358e+00
        3.1150000000    5.2506187698e+00
        3.1200000000    5.2500176637e+00
        3.1250000000    5.2494264519e+00
        3.1300000000    5.2488449716e+00
        3.1350000000    5.2482730626e+00
        3.1400000000    5.2477105673e+00
        3.1450000000    5.2471573308e+00
        3.1500000000    5.2466132006e+00
        3.1550000000    5.2460780270e+00
        3.1600000000    5.2455516624e+00
        3.1650000000    5.2450339619e+00
        3.1700000000    5.2445247828e+00
        3.1750000000    5.2440239849e+00
        3.1800000000    5.2435314303e+00
        3.1850000000    5.2430469832e+00
        3.1900000000    5.2425705102e+00
        3.1950000000    5.2421018800e+00
        3.2000000000    5.2416409636e+00
        3.2050000000    5.2411876339e+00
        3.2100000000    5.2407417661e+00
        3.2150000000    5.2403032375e+00
        3.2200000000    5.2398719270e+00
        3.2250000000    5.2394477161e+00
        3.2300000000    5.2390304877e+00
        3.2350000000    5.2386201270e+00
        3.2400000000    5.2382165209e+00
        3.2450000000    5.2378195582e+00
        3.2500000000    5.2374291297e+00
        3.2550000000    5.2370451276e+00
        3.2600000000    5.2366674463e+00
        3.2650000000    5.2362959817e+00
        3.2700000000    5.2359306315e+00
        3.2750000000    5.2355712951e+00
        3.2800000000    5.2352178734e+00
        3.2850000000    5.2348702690e+00
        3.2900000000    5.2345283863e+00
        3.2950000000    5.2341921311e+00
        3.3000000000    5.2338614107e+00
        3.3050000000    5.2335361340e+00
        3.3100000000    5.2332162114e+00
        3.3150000000    5.2329015548e+00
        3.3200000000    5.2325920776e+00
        3.3250000000    5.2322876943e+00
        3.3300000000    5.2319883213e+00
        3.3350000000    5.2316938761e+00
        3.3400000000    5.2314042774e+00
        3.3450000000    5.2311194456e+00
        3.3500000000    5.2308393022e+00
        3.3550000000    5.2305637700e+00
        3.3600000000    5.2302927731e+00
        3.3650000000    5.2300262369e+00
        3.3700000000    5.2297640879e+00
        3.3750000000    5.2295062540e+00
        3.3800000000    5.2292526640e+00
        3.3850000000    5.2290032482e+00
        3.3900000000    5.2287579378e+00
        3.3950000000    5.2285166653e+00
        3.4000000000    5.2282793642e+00
        3.4050000000    5.2280459691e+00
        3.4100000000    5.2278164157e+00
        3.4150000000    5.2275906408e+00
        3.4200000000    5.2273685822e+00
        3.4250000000    5.2271501787e+00
        3.4300000000    5.2269353702e+00
        3.4350000000    5.2267240975e+00
        3.4400000000    5.2265163024e+00
        3.4450000000    5.2263119276e+00
        3.4500000000    5.2261109169e+00
        3.4550000000    5.2259132149e+00
        3.4600000000    5.2257187671e+00
        3.4650000000    5.2255275199e+00
        3.4700000000    5.2253394207e+00
        3.4750000000    5.2251544176e+00
        3.4800000000    5.2249724597e+00
        3.4850000000    5.2247934969e+00
        3.4900000000    5.2246174798e+00
        3.4950000000    5.2244443601e+00
        3.5000000000    5.2242740899e+00
        3.5050000000    5.2241066224e+00
        3.5100000000    5.2239419114e+00
        3.5150000000    5.2237799116e+00
        3.5200000000    5.2236205784e+00
        3.5250000000    5.2234638678e+00
        3.5300000000    5.2233097367e+00
        3.5350000000    5.2231581426e+00
        3.5400000000    5.2230090438e+00
        3.5450000000    5.2228623992e+00
        3.5500000000    5.2227181684e+00
        3.5550000000    5.2225763117e+00
        3.5600000000    5.2224367899e+00
        3.5650000000    5.2222995647e+00
        3.5700000000    5.2221645983e+00
        3.5750000000    5.2220318534e+00
        3.5800000000    5.2219012936e+00
        3.5850000000    5.2217728827e+00
        3.5900000000    5.2216465856e+00
        3.5950000000    5.2215223673e+00
        3.6000000000    5.2214001937e+00
        3.6050000000    5.2212800311e+00
        3.6100000000    5.2211618464e+00
        3.6150000000    5.2210456070e+00
        3.6200000000    5.2209312809e+00
        3.6250000000    5.2208188367e+00
        3.6300000000    5.2207082433e+00
        3.6350000000    5.2205994704e+00
        3.6400000000    5.2204924878e+00
        3.6450000000    5.2203872662e+00
        3.6500000000    5.2202837766e+00
        3.6550000000    5.2201819904e+00
        3.6600000000    5.2200818796e+00
        3.6650000000    5.2199834167e+00
        3.6700000000    5.2198865745e+00
        3.6750000000    5.2197913264e+00
        3.6800000000    5.2196976460e+00
        3.6850000000    5.2196055077e+00
        3.6900000000    5.2195148860e+00
        3.6950000000    5.2194257559e+00
        3.7000000000    5.2193380929e+00
        3.7050000000    5.2192518729e+00
        3.7100000000    5.2191670720e+00
        3.7150000000    5.2190836670e+00
        3.7200000000    5.2190016349e+00
        3.7250000000    5.2189209530e+00
        3.7300000000    5.2188415992e+00
        3.7350000000    5.2187635515e+00
        3.7400000000    5.2186867886e+00
        3.7450000000    5.2186112891e+00
        3.7500000000    5.2185370324e+00
        3.7550000000    5.2184639980e+00
        3.7600000000    5.2183921657e+00
        3.7650000000    5.2183215159e+00
        3.7700000000    5.2182520289e+00
        3.7750000000    5.2181836857e+00
        3.7800000000    5.2181164674e+00
        3.7850000000    5.2180503556e+00
        3.7900000000    5.2179853319e+00
        3.7950000000    5.2179213786e+00
        3.8000000000    5.2178584780e+00
        3.8050000000    5.2177966127e+00
        3.8100000000    5.2177357657e+00
        3.8150000000    5.2176759203e+00
        3.8200000000    5.2176170600e+00
        3.8250000000    5.2175591685e+00
        3.8300000000    5.2175022299e+00
        3.8350000000    5.2174462285e+00
        3.8400000000    5.2173911489e+00
        3.8450000000    5.2173369760e+00
        3.8500000000    5.2172836947e+00
        3.8550000000    5.2172312905e+00
        3.8600000000    5.2171797488e+00
        3.8650000000    5.2171290555e+00
        3.8700000000    5.2170791967e+00
        3.8750000000    5.2170301585e+00
        3.8800000000    5.2169819276e+00
        3.8850000000    5.2169344905e+00
        3.8900000000    5.2168878342e+00
        3.8950000000    5.2168419459e+00
        3.9000000000    5.2167968129e+00
        3.9050000000    5.2167524229e+00
        3.9100000000    5.2167087635e+00
        3.9150000000    5.2166658227e+00
        3.9200000000    5.2166235888e+00
        3.9250000000    5.2165820500e+00
        3.9300000000    5.2165411950e+00
        3.9350000000    5.2165010124e+00
        3.9400000000    5.2164614913e+00
        3.9450000000    5.2164226207e+00
        3.9500000000    5.2163843899e+00
        3.9550000000    5.2163467884e+00
        3.9600000000    5.2163098058e+00
        3.9650000000    5.2162734320e+00
        3.9700000000    5.2162376569e+00
        3.9750000000    5.2162024706e+00
        3.9800000000    5.2161678635e+00
        3.9850000000    5.2161338261e+00
        3.9900000000    5.2161003489e+00
        3.9950000000    5.2160674228e+00
        4.0000000000    5.2160350386e+00
        4.0050000000    5.2160031875e+00
        4.0100000000    5.2159718607e+00
        4.0150000000    5.2159410495e+00
        4.0200000000    5.2159107454e+00
        4.0250000000    5.2158809402e+00
        4.0300000000    5.2158516256e+00
        4.0350000000    5.2158227935e+00
        4.0400000000    5.2157944360e+00
        4.0450000000    5.2157665452e+00
        4.0500000000    5.2157391136e+00
        4.0550000000    5.2157121334e+00
        4.0600000000    5.2156855974e+00
        4.0650000000    5.2156594981e+00
        4.0700000000    5.2156338285e+00
        4.0750000000    5.2156085814e+00
        4.0800000000    5.2155837498e+00
        4.0850000000    5.2155593270e+00
        4.0900000000    5.2155353062e+00
        4.0950000000    5.2155116808e+00
        4.1000000000    5.2154884443e+00
        4.1050000000    5.2154655902e+00
        4.1100000000    5.2154431123e+00
        4.1150000000    5.2154210044e+00
        4.1200000000    5.2153992604e+00
        4.1250000000    5.2153778743e+00
        4.1300000000    5.2153568403e+00
        4.1350000000    5.2153361524e+00
        4.1400000000    5.2153158051e+00
        4.1450000000    5.2152957927e+00
        4.1500000000    5.2152761098e+00
        4.1550000000    5.2152567508e+00
        4.1600000000    5.2152377104e+00
        4.1650000000    5.2152189835e+00
        4.1700000000    5.2152005648e+00
        4.1750000000    5.2151824493e+00
        4.1800000000    5.2151646320e+00
        4.1850000000    5.2151471079e+00
        4.1900000000    5.2151298723e+00
        4.1950000000    5.2151129204e+00
        4.2000000000    5.2150962475e+00
        4.2050000000    5.2150798491e+00
        4.2100000000    5.2150637206e+00
        4.2150000000    5.2150478576e+00
        4.2200000000    5.2150322556e+00
        4.2250000000    5.2150169105e+00
        4.2300000000    5.2150018180e+00
        4.2350000000    5.2149869739e+00
        4.2400000000    5.2149723741e+00
        4.2450000000    5.2149580147e+00
        4.2500000000    5.2149438916e+00
        4.2550000000    5.2149300010e+00
        4.2600000000    5.2149163390e+00
        4.2650000000    5.2149029019e+00
        4.2700000000    5.2148896860e+00
        4.2750000000    5.2148766876e+00
        4.2800000000    5.2148639032e+00
        4.2850000000    5.2148513292e+00
        4.2900000000    5.2148389621e+00
        4.2950000000    5.2148267987e+00
        4.3000000000    5.2148148354e+00
        4.3050000000    5.2148030691e+00
        4.3100000000    5.2147914965e+00
        4.3150000000    5.2147801143e+00
        4.3200000000    5.2147689195e+00
        4.3250000000    5.2147579089e+00
        4.3300000000    5.2147470796e+00
        4.3350000000    5.2147364286e+00
        4.3400000000    5.2147259528e+00
        4.3450000000    5.2147156495e+00
        4.3500000000    5.2147055158e+00
        4.3550000000    5.2146955489e+00
        4.3600000000    5.2146857460e+00
        4.3650000000    5.2146761045e+00
        4.3700000000    5.2146666218e+00
        4.3750000000    5.2146572950e+00
        4.3800000000    5.2146481219e+00
        4.3850000000    5.2146390997e+00
        4.3900000000    5.2146302260e+00
        4.3950000000    5.2146214984e+00
        4.4000000000    5.2146129144e+00
        4.4050000000    5.2146044717e+00
        4.4100000000    5.2145961680e+00
        4.4150000000    5.2145880010e+00
        4.4200000000    5.2145799684e+00
        4.4250000000    5.2145720680e+00
        4.4300000000    5.2145642977e+00
        4.4350000000    5.2145566553e+00
        4.4400000000    5.2145491386e+00
        4.4450000000    5.2145417457e+00
        4.4500000000    5.2145344745e+00
        4.4550000000    5.2145273230e+00
        4.4600000000    5.2145202891e+00
        4.4650000000    5.2145133711e+00
        4.4700000000    5.2145065669e+00
        4.4750000000    5.2144998748e+00
        4.4800000000    5.2144932927e+00
        4.4850000000    5.2144868191e+00
        4.4900000000    5.2144804520e+00
        4.4950000000    5.2144741896e+00
        4.5000000000    5.2144680304e+00
        4.5050000000    5.2144619726e+00
        4.5100000000    5.2144560144e+00
        4.5150000000    5.2144501543e+00
        4.5200000000    5.2144443907e+00
        4.5250000000    5.2144387220e+00
        4.5300000000    5.2144331466e+00
        4.5350000000    5.2144276629e+00
        4.5400000000    5.2144222695e+00
        4.5450000000    5.2144169649e+00
        4.5500000000    5.2144117476e+00
        4.5550000000    5.2144066162e+00
        4.5600000000    5.2144015692e+00
        4.5650000000    5.2143966053e+00
        4.5700000000    5.2143917231e+00
        4.5750000000    5.2143869213e+00
        4.5800000000    5.2143821985e+00
        4.5850000000    5.2143775535e+00
        4.5900000000    5.2143729849e+00
        4.5950000000    5.2143684915e+00
        4.6000000000    5.2143640721e+00
        4.6050000000    5.2143597254e+00
        4.6100000000    5.2143554503e+00
        4.6150000000    5.2143512455e+00
        4.6200000000    5.2143471100e+00
        4.6250000000    5.2143430425e+00
        4.6300000000    5.2143390420e+00
        4.6350000000    5.2143351073e+00
        4.6400000000    5.2143312374e+00
        4.6450000000    5.2143274312e+00
        4.6500000000    5.2143236876e+00
        4.6550000000    5.2143200057e+00
        4.6600000000    5.2143163843e+00
        4.6650000000    5.2143128226e+00
        4.6700000000    5.2143093195e+00
        4.6750000000    5.2143058741e+00
        4.6800000000    5.2143024853e+00
        4.6850000000    5.2142991524e+00
        4.6900000000    5.2142958743e+00
        4.6950000000    5.2142926502e+00
        4.7000000000    5.2142894791e+00
        4.7050000000    5.2142863602e+00
        4.7100000000    5.2142832927e+00
        4.7150000000    5.2142802757e+00
        4.7200000000    5.2142773083e+00
        4.7250000000    5.2142743898e+00
        4.7300000000    5.2142715193e+00
        4.7350000000    5.2142686960e+00
        4.7400000000    5.2142659193e+00
        4.7450000000    5.2142631882e+00
        4.7500000000    5.2142605021e+00
        4.7550000000    5.2142578602e+00
        4.7600000000    5.2142552618e+00
        4.7650000000    5.2142527062e+00
        4.7700000000    5.2142501926e+00
        4.7750000000    5.2142477204e+00
        4.7800000000    5.2142452889e+00
        4.7850000000    5.2142428974e+00
        4.7900000000    5.2142405453e+00
        4.7950000000    5.2142382319e+00
        4.8000000000    5.2142359566e+00
        4.8050000000    5.2142337187e+00
        4.8100000000    5.2142315176e+00
        4.8150000000    5.2142293528e+00
        4.8200000000    5.2142272237e+00
        4.8250000000    5.2142251295e+00
        4.8300000000    5.2142230699e+00
        4.8350000000    5.2142210441e+00
        4.8400000000    5.2142190517e+00
        4.8450000000    5.2142170921e+00
        4.8500000000    5.2142151647e+00
        4.8550000000    5.2142132691e+00
        4.8600000000    5.2142114047e+00
        4.8650000000    5.2142095709e+00
        4.8700000000    5.2142077674e+00
        4.8750000000    5.2142059935e+00
        4.8800000000    5.2142042488e+00
        4.8850000000    5.2142025329e+00
        4.8900000000    5.2142008452e+00
        4.8950000000    5.2141991852e+00
        4.9000000000    5.2141975526e+00
        4.9050000000    5.2141959469e+00
        4.9100000000    5.2141943676e+00
        4.9150000000    5.2141928143e+00
        4.9200000000    5.2141912865e+00
        4.9250000000    5.2141897839e+00
        4.9300000000    5.2141883061e+00
        4.9350000000    5.2141868525e+00
        4.9400000000    5.2141854229e+00
        4.9450000000    5.2141840169e+00
        4.9500000000    5.2141826339e+00
        4.9550000000    5.2141812738e+00
        4.9600000000    5.2141799360e+00
        4.9650000000    5.2141786202e+00
        4.9700000000    5.2141773261e+00
        4.9750000000    5.2141760533e+00
        4.9800000000    5.2141748014e+00
        4.9850000000    5.2141735702e+00
        4.9900000000    5.2141723592e+00
        4.9950000000    5.2141711682e+00
        5.0000000000    5.2141699967e+00
        5.0050000000    5.2141688446e+00
        5.0100000000    5.2141677114e+00
        5.0150000000    5.2141665968e+00
        5.0200000000    5.2141655006e+00
        5.0250000000    5.2141644225e+00
        5.0300000000    5.2141633621e+00
        5.0350000000    5.2141623191e+00
        5.0400000000    5.2141612933e+00
        5.0450000000    5.2141602844e+00
        5.0500000000    5.2141592921e+00
        5.0550000000    5.2141583162e+00
        5.0600000000    5.2141573563e+00
        5.0650000000    5.2141564122e+00
        5.0700000000    5.2141554836e+00
        5.0750000000    5.2141545704e+00
        5.0800000000    5.2141536721e+00
        5.0850000000    5.2141527887e+00
        5.0900000000    5.2141519198e+00
        5.0950000000    5.2141510652e+00
        5.1000000000    5.2141502246e+00
        5.1050000000    5.2141493979e+00
        5.1100000000    5.2141485848e+00
        5.1150000000    5.2141477851e+00
        5.1200000000    5.2141469985e+00
        5.1250000000    5.2141462249e+00
        5.1300000000    5.2141454641e+00
        5.1350000000    5.2141447157e+00
        5.1400000000    5.2141439797e+00
        5.1450000000    5.2141432558e+00
        5.1500000000    5.2141425438e+00
        5.1550000000    5.2141418435e+00
        5.1600000000    5.2141411547e+00
        5.1650000000    5.2141404773e+00
        5.1700000000    5.2141398111e+00
        5.1750000000    5.2141391558e+00
        5.1800000000    5.2141385113e+00
        5.1850000000    5.2141378773e+00
        5.1900000000    5.2141372539e+00
        5.1950000000    5.2141366407e+00
        5.2000000000    5.2141360376e+00
        5.2050000000    5.2141354444e+00
        5.2100000000    5.2141348610e+00
        5.2150000000    5.2141342871e+00
        5.2200000000    5.2141337228e+00
        5.2250000000    5.2141331677e+00
        5.2300000000    5.2141326217e+00
        5.2350000000    5.2141320848e+00
        5.2400000000    5.2141315567e+00
        5.2450000000    5.2141310372e+00
        5.2500000000    5.2141305263e+00
        5.2550000000    5.2141300239e+00
        5.2600000000    5.2141295297e+00
        5.2650000000    5.2141290436e+00
        5.2700000000    5.2141285655e+00
        5.2750000000    5.2141280954e+00
        5.2800000000    5.2141276329e+00
        5.2850000000    5.2141271781e+00
        5.2900000000    5.2141267307e+00
        5.2950000000    5.2141262907e+00
        5.3000000000    5.2141258580e+00
        5.3050000000    5.2141254323e+00
        5.3100000000    5.2141250137e+00
        5.3150000000    5.2141246020e+00
        5.3200000000    5.2141241970e+00
        5.3250000000    5.2141237987e+00
        5.3300000000    5.2141234070e+00
        5.3350000000    5.2141230217e+00
        5.3400000000    5.2141226428e+00
        5.3450000000    5.2141222701e+00
        5.3500000000    5.2141219035e+00
        5.3550000000    5.2141215430e+00
        5.3600000000    5.2141211884e+00
        5.3650000000    5.2141208396e+00
        5.3700000000    5.2141204966e+00
        5.3750000000    5.2141201592e+00
        5.3800000000    5.2141198274e+00
        5.3850000000    5.2141195010e+00
        5.3900000000    5.2141191800e+00
        5.3950000000    5.2141188643e+00
        5.4000000000    5.2141185538e+00
        5.4050000000    5.2141182484e+00
        5.4100000000    5.2141179480e+00
        5.4150000000    5.2141176526e+00
        5.4200000000    5.2141173620e+00
        5.4250000000    5.2141170763e+00
        5.4300000000    5.2141167952e+00
        5.4350000000    5.2141165187e+00
        5.4400000000    5.2141162468e+00
        5.4450000000    5.2141159794e+00
        5.4500000000    5.2141157164e+00
        5.4550000000    5.2141154577e+00
        5.4600000000    5.2141152032e+00
        5.4650000000    5.2141149530e+00
        5.4700000000    5.2141147069e+00
        5.4750000000    5.2141144648e+00
        5.4800000000    5.2141142267e+00
        5.4850000000    5.2141139925e+00
        5.4900000000    5.2141137622e+00
        5.4950000000    5.2141135357e+00
        5.5000000000    5.2141133129e+00
        5.5050000000    5.2141130937e+00
        5.5100000000    5.2141128782e+00
        5.5150000000    5.2141126662e+00
        5.5200000000    5.2141124577e+00
        5.5250000000    5.2141122527e+00
        5.5300000000    5.2141120510e+00
        5.5350000000    5.2141118526e+00
        5.5400000000    5.2141116576e+00
        5.5450000000    5.2141114657e+00
        5.5500000000    5.2141112769e+00
        5.5550000000    5.2141110913e+00
        5.5600000000    5.2141109088e+00
        5.5650000000    5.2141107292e+00
        5.5700000000    5.2141105526e+00
        5.5750000000    5.2141103789e+00
        5.5800000000    5.2141102081e+00
        5.5850000000    5.2141100400e+00
        5.5900000000    5.2141098748e+00
        5.5950000000    5.2141097122e+00
        5.6000000000    5.2141095524e+00
        5.6050000000    5.2141093951e+00
        5.6100000000    5.2141092405e+00
        5.6150000000    5.2141090884e+00
        5.6200000000    5.2141089388e+00
        5.6250000000    5.2141087916e+00
        5.6300000000    5.2141086469e+00
        5.6350000000    5.2141085046e+00
        5.6400000000    5.2141083646e+00
        5.6450000000    5.2141082269e+00
        5.6500000000    5.2141080915e+00
        5.6550000000    5.2141079583e+00
        5.6600000000    5.2141078273e+00
        5.6650000000    5.2141076985e+00
        5.6700000000    5.2141075718e+00
        5.6750000000    5.2141074471e+00
        5.6800000000    5.2141073246e+00
        5.6850000000    5.2141072040e+00
        5.6900000000    5.2141070854e+00
        5.6950000000    5.2141069688e+00
        5.7000000000    5.2141068541e+00
        5.7050000000    5.2141067413e+00
        5.7100000000    5.2141066303e+00
        5.7150000000    5.2141065212e+00
        5.7200000000    5.2141064138e+00
        5.7250000000    5.2141063083e+00
        5.7300000000    5.2141062044e+00
        5.7350000000    5.2141061023e+00
        5.7400000000    5.2141060018e+00
        5.7450000000    5.2141059031e+00
        5.7500000000    5.2141058059e+00
        5.7550000000    5.2141057103e+00
        5.7600000000    5.2141056163e+00
        5.7650000000    5.2141055239e+00
        5.7700000000    5.2141054330e+00
        5.7750000000    5.2141053435e+00
        5.7800000000    5.2141052556e+00
        5.7850000000    5.2141051691e+00
        5.7900000000    5.2141050840e+00
        5.7950000000    5.2141050003e+00
        5.8000000000    5.2141049180e+00
        5.8050000000    5.2141048370e+00
        5.8100000000    5.2141047574e+00
        5.8150000000    5.2141046791e+00
        5.8200000000    5.2141046021e+00
        5.8250000000    5.2141045263e+00
        5.8300000000    5.2141044518e+00
        5.8350000000    5.2141043786e+00
        5.8400000000    5.2141043065e+00
        5.8450000000    5.2141042356e+00
        5.8500000000    5.2141041659e+00
        5.8550000000    5.2141040973e+00
        5.8600000000    5.2141040299e+00
        5.8650000000    5.2141039635e+00
        5.8700000000    5.2141038983e+00
        5.8750000000    5.2141038341e+00
        5.8800000000    5.2141037710e+00
        5.8850000000    5.2141037090e+00
        5.8900000000    5.2141036479e+00
        5.8950000000    5.2141035879e+00
        5.9000000000    5.2141035288e+00
        5.9050000000    5.2141034707e+00
        5.9100000000    5.2141034136e+00
        5.9150000000    5.2141033574e+00
        5.9200000000    5.2141033021e+00
        5.9250000000    5.2141032478e+00
        5.9300000000    5.2141031943e+00
        5.9350000000    5.2141031417e+00
        5.9400000000    5.2141030900e+00
        5.9450000000    5.2141030392e+00
        5.9500000000    5.2141029891e+00
        5.9550000000    5.2141029399e+00
        5.9600000000    5.2141028915e+00
        5.9650000000    5.2141028440e+00
        5.9700000000    5.2141027971e+00
        5.9750000000    5.2141027511e+00
        5.9800000000    5.2141027058e+00
        5.9850000000    5.2141026613e+00
        5.9900000000    5.2141026175e+00
        5.9950000000    5.2141025744e+00
        6.0000000000    5.2141025320e+00
        6.0050000000    5.2141024903e+00
        6.0100000000    5.2141024493e+00
        6.0150000000    5.2141024090e+00
        6.0200000000    5.2141023694e+00
        6.0250000000    5.2141023304e+00
        6.0300000000    5.2141022920e+00
        6.0350000000    5.2141022543e+00
        6.0400000000    5.2141022172e+00
        6.0450000000    5.2141021807e+00
        6.0500000000    5.2141021448e+00
        6.0550000000    5.2141021095e+00
        6.0600000000    5.2141020748e+00
        6.0650000000    5.2141020406e+00
        6.0700000000    5.2141020070e+00
        6.0750000000    5.2141019740e+00
        6.0800000000    5.2141019415e+00
        6.0850000000    5.2141019095e+00
        6.0900000000    5.2141018781e+00
        6.0950000000    5.2141018472e+00
        6.1000000000    5.2141018168e+00
        6.1050000000    5.2141017869e+00
        6.1100000000    5.2141017575e+00
        6.1150000000    5.2141017285e+00
        6.1200000000    5.2141017001e+00
        6.1250000000    5.2141016721e+00
        6.1300000000    5.2141016446e+00
        6.1350000000    5.2141016175e+00
        6.1400000000    5.2141015909e+00
        6.1450000000    5.2141015647e+00
        6.1500000000    5.2141015389e+00
        6.1550000000    5.2141015136e+00
        6.1600000000    5.2141014887e+00
        6.1650000000    5.2141014642e+00
        6.1700000000    5.2141014401e+00
        6.1750000000    5.2141014164e+00
        6.1800000000    5.2141013931e+00
        6.1850000000    5.2141013701e+00
        6.1900000000    5.2141013476e+00
        6.1950000000    5.2141013254e+00
        6.2000000000    5.2141013036e+00
        6.2050000000    5.2141012821e+00
        6.2100000000    5.2141012610e+00
        6.2150000000    5.2141012403e+00
        6.2200000000    5.2141012199e+00
        6.2250000000    5.2141011998e+00
        6.2300000000    5.2141011800e+00
        6.2350000000    5.2141011606e+00
        6.2400000000    5.2141011415e+00
        6.2450000000    5.2141011227e+00
        6.2500000000    5.2141011042e+00
        6.2550000000    5.2141010861e+00
        6.2600000000    5.2141010682e+00
        6.2650000000    5.2141010506e+00
        6.2700000000    5.2141010333e+00
        6.2750000000    5.2141010163e+00
        6.2800000000    5.2141009996e+00
        6.2850000000    5.2141009831e+00
        6.2900000000    5.2141009669e+00
        6.2950000000    5.2141009510e+00
        6.3000000000    5.2141009354e+00
        6.3050000000    5.2141009200e+00
        6.3100000000    5.2141009048e+00
        6.3150000000    5.2141008899e+00
        6.3200000000    5.2141008753e+00
        6.3250000000    5.2141008609e+00
        6.3300000000    5.2141008467e+00
        6.3350000000    5.2141008328e+00
        6.3400000000    5.2141008191e+00
        6.3450000000    5.2141008056e+00
        6.3500000000    5.2141007923e+00
        6.3550000000    5.2141007793e+00
        6.3600000000    5.2141007665e+00
        6.3650000000    5.2141007538e+00
        6.3700000000    5.2141007414e+00
        6.3750000000    5.2141007292e+00
        6.3800000000    5.2141007172e+00
        6.3850000000    5.2141007054e+00
        6.3900000000    5.2141006938e+00
        6.3950000000    5.2141006824e+00
        6.4000000000    5.2141006712e+00
        6.4050000000    5.2141006601e+00
        6.4100000000    5.2141006492e+00
        6.4150000000    5.2141006386e+00
        6.4200000000    5.2141006280e+00
        6.4250000000    5.2141006177e+00
        6.4300000000    5.2141006075e+00
        6.4350000000    5.2141005975e+00
        6.4400000000    5.2141005877e+00
        6.4450000000    5.2141005780e+00
        6.4500000000    5.2141005685e+00
        6.4550000000    5.2141005592e+00
        6.4600000000    5.2141005500e+00
        6.4650000000    5.2141005409e+00
        6.4700000000    5.2141005320e+00
        6.4750000000    5.2141005232e+00
        6.4800000000    5.2141005146e+00
        6.4850000000    5.2141005062e+00
        6.4900000000    5.2141004978e+00
        6.4950000000    5.2141004896e+00
        6.5000000000    5.2141004816e+00
        6.5050000000    5.2141004736e+00
        6.5100000000    5.2141004658e+00
        6.5150000000    5.2141004582e+00
        6.5200000000    5.2141004506e+00
        6.5250000000    5.2141004432e+00
        6.5300000000    5.2141004359e+00
        6.5350000000    5.2141004287e+00
        6.5400000000    5.2141004217e+00
        6.5450000000    5.2141004148e+00
        6.5500000000    5.2141004079e+00
        6.5550000000    5.2141004012e+00
        6.5600000000    5.2141003946e+00
        6.5650000000    5.2141003881e+00
        6.5700000000    5.2141003817e+00
        6.5750000000    5.2141003754e+00
        6.5800000000    5.2141003693e+00
        6.5850000000    5.2141003632e+00
        6.5900000000    5.2141003572e+00
        6.5950000000    5.2141003513e+00
        6.6000000000    5.2141003455e+00
        6.6050000000    5.2141003399e+00
        6.6100000000    5.2141003343e+00
        6.6150000000    5.2141003288e+00
        6.6200000000    5.2141003233e+00
        6.6250000000    5.2141003180e+00
        6.6300000000    5.2141003128e+00
        6.6350000000    5.2141003076e+00
        6.6400000000    5.2141003026e+00
        6.6450000000    5.2141002976e+00
        6.6500000000    5.2141002927e+00
        6.6550000000    5.2141002879e+00
        6.6600000000    5.2141002831e+00
        6.6650000000    5.2141002785e+00
        6.6700000000    5.2141002739e+00
        6.6750000000    5.2141002694e+00
        6.6800000000    5.2141002650e+00
        6.6850000000    5.2141002606e+00
        6.6900000000    5.2141002563e+00
        6.6950000000    5.2141002521e+00
        6.7000000000    5.2141002479e+00
        6.7050000000    5.2141002439e+00
        6.7100000000    5.2141002398e+00
        6.7150000000    5.2141002359e+00
        6.7200000000    5.2141002320e+00
        6.7250000000    5.2141002282e+00
        6.7300000000    5.2141002244e+00
        6.7350000000    5.2141002207e+00
        6.7400000000    5.2141002171e+00
        6.7450000000    5.2141002135e+00
        6.7500000000    5.2141002100e+00
        6.7550000000    5.2141002066e+00
        6.7600000000    5.2141002032e+00
        6.7650000000    5.2141001998e+00
        6.7700000000    5.2141001965e+00
        6.7750000000    5.2141001933e+00
        6.7800000000    5.2141001901e+00
        6.7850000000    5.2141001870e+00
        6.7900000000    5.2141001839e+00
        6.7950000000    5.2141001809e+00
        6.8000000000    5.2141001779e+00
        6.8050000000    5.2141001750e+00
        6.8100000000    5.2141001721e+00
        6.8150000000    5.2141001693e+00
        6.8200000000    5.2141001665e+00
        6.8250000000    5.2141001637e+00
        6.8300000000    5.2141001610e+00
        6.8350000000    5.2141001584e+00
        6.8400000000    5.2141001558e+00
        6.8450000000    5.2141001532e+00
        6.8500000000    5.2141001507e+00
        6.8550000000    5.2141001482e+00
        6.8600000000    5.2141001458e+00
        6.8650000000    5.2141001434e+00
        6.8700000000    5.2141001410e+00
        6.8750000000    5.2141001387e+00
        6.8800000000    5.2141001364e+00
        6.8850000000    5.2141001342e+00
        6.8900000000    5.2141001320e+00
        6.8950000000    5.2141001298e+00
        6.9000000000    5.2141001276e+00
        6.9050000000    5.2141001255e+00
        6.9100000000    5.2141001235e+00
        6.9150000000    5.2141001214e+00
        6.9200000000    5.2141001194e+00
        6.9250000000    5.2141001175e+00
        6.9300000000    5.2141001155e+00
        6.9350000000    5.2141001136e+00
        6.9400000000    5.2141001118e+00
        6.9450000000    5.2141001099e+00
        6.9500000000    5.2141001081e+00
        6.9550000000    5.2141001063e+00
        6.9600000000    5.2141001046e+00
        6.9650000000    5.2141001029e+00
        6.9700000000    5.2141001012e+00
        6.9750000000    5.2141000995e+00
        6.9800000000    5.2141000979e+00
        6.9850000000    5.2141000963e+00
        6.9900000000    5.2141000947e+00
        6.9950000000    5.2141000931e+00
        7.0000000000    5.2141000916e+00
        7.0050000000    5.2141000901e+00
        7.0100000000    5.2141000886e+00
        7.0150000000    5.2141000871e+00
        7.0200000000    5.2141000857e+00
        7.0250000000    5.2141000843e+00
        7.0300000000    5.2141000829e+00
        7.0350000000    5.2141000815e+00
        7.0400000000    5.2141000802e+00
        7.0450000000    5.2141000789e+00
        7.0500000000    5.2141000776e+00
        7.0550000000    5.2141000763e+00
        7.0600000000    5.2141000751e+00
        7.0650000000    5.2141000738e+00
        7.0700000000    5.2141000726e+00
        7.0750000000    5.2141000714e+00
        7.0800000000    5.2141000702e+00
        7.0850000000    5.2141000691e+00
        7.0900000000    5.2141000679e+00
        7.0950000000    5.2141000668e+00
        7.1000000000    5.2141000657e+00
        7.1050000000    5.2141000646e+00
        7.1100000000    5.2141000636e+00
        7.1150000000    5.2141000625e+00
        7.1200000000    5.2141000615e+00
        7.1250000000    5.2141000605e+00
        7.1300000000    5.2141000595e+00
        7.1350000000    5.2141000585e+00
        7.1400000000    5.2141000575e+00
        7.1450000000    5.2141000566e+00
        7.1500000000    5.2141000557e+00
        7.1550000000    5.2141000548e+00
        7.1600000000    5.2141000539e+00
        7.1650000000    5.2141000530e+00
        7.1700000000    5.2141000521e+00
        7.1750000000    5.2141000512e+00
        7.1800000000    5.2141000504e+00
        7.1850000000    5.2141000496e+00
        7.1900000000    5.2141000487e+00
        7.1950000000    5.2141000479e+00
        7.2000000000    5.2141000472e+00
        7.2050000000    5.2141000464e+00
        7.2100000000    5.2141000456e+00
        7.2150000000    5.2141000449e+00
        7.2200000000    5.2141000441e+00
        7.2250000000    5.2141000434e+00
        7.2300000000    5.2141000427e+00
        7.2350000000    5.2141000420e+00
        7.2400000000    5.2141000413e+00
        7.2450000000    5.2141000406e+00
        7.2500000000    5.2141000399e+00
        7.2550000000    5.2141000393e+00
        7.2600000000    5.2141000386e+00
        7.2650000000    5.2141000380e+00
        7.2700000000    5.2141000374e+00
        7.2750000000    5.2141000368e+00
        7.2800000000    5.2141000362e+00
        7.2850000000    5.2141000356e+00
        7.2900000000    5.2141000350e+00
        7.2950000000    5.2141000344e+00
        7.3000000000    5.2141000338e+00
        7.3050000000    5.2141000333e+00
        7.3100000000    5.2141000327e+00
        7.3150000000    5.2141000322e+00
        7.3200000000    5.2141000317e+00
        7.3250000000    5.2141000311e+00
        7.3300000000    5.2141000306e+00
        7.3350000000    5.2141000301e+00
        7.3400000000    5.2141000296e+00
        7.3450000000    5.2141000291e+00
        7.3500000000    5.2141000287e+00
        7.3550000000    5.2141000282e+00
        7.3600000000    5.2141000277e+00
        7.3650000000    5.2141000273e+00
        7.3700000000    5.2141000268e+00
        7.3750000000    5.2141000264e+00
        7.3800000000    5.2141000259e+00
        7.3850000000    5.2141000255e+00
        7.3900000000    5.2141000251e+00
        7.3950000000    5.2141000247e+00
        7.4000000000    5.2141000243e+00
        7.4050000000    5.2141000239e+00
        7.4100000000    5.2141000235e+00
        7.4150000000    5.2141000231e+00
        7.4200000000    5.2141000227e+00
        7.4250000000    5.2141000223e+00
        7.4300000000    5.2141000220e+00
        7.4350000000    5.2141000216e+00
        7.4400000000    5.2141000213e+00
        7.4450000000    5.2141000209e+00
        7.4500000000    5.2141000206e+00
        7.4550000000    5.2141000202e+00
        7.4600000000    5.2141000199e+00
        7.4650000000    5.2141000196e+00
        7.4700000000    5.2141000192e+00
        7.4750000000    5.2141000189e+00
        7.4800000000    5.2141000186e+00
        7.4850000000    5.2141000183e+00
        7.4900000000    5.2141000180e+00
        7.4950000000    5.2141000177e+00
        7.5000000000    5.2141000174e+00
        7.5050000000    5.2141000171e+00
        7.5100000000    5.2141000169e+00
        7.5150000000    5.2141000166e+00
        7.5200000000    5.2141000163e+00
        7.5250000000    5.2141000160e+00
        7.5300000000    5.2141000158e+00
        7.5350000000    5.2141000155e+00
        7.5400000000    5.2141000153e+00
        7.5450000000    5.2141000150e+00
        7.5500000000    5.2141000148e+00
        7.5550000000    5.2141000145e+00
        7.5600000000    5.2141000143e+00
        7.5650000000    5.2141000140e+00
        7.5700000000    5.2141000138e+00
        7.5750000000    5.2141000136e+00
        7.5800000000    5.2141000134e+00
        7.5850000000    5.2141000131e+00
        7.5900000000    5.2141000129e+00
        7.5950000000    5.2141000127e+00
        7.6000000000    5.2141000125e+00
        7.6050000000    5.2141000123e+00
        7.6100000000    5.2141000121e+00
        7.6150000000    5.2141000119e+00
        7.6200000000    5.2141000117e+00
        7.6250000000    5.2141000115e+00
        7.6300000000    5.2141000113e+00
        7.6350000000    5.2141000111e+00
        7.6400000000    5.2141000109e+00
        7.6450000000    5.2141000108e+00
        7.6500000000    5.2141000106e+00
        7.6550000000    5.2141000104e+00
        7.6600000000    5.2141000102e+00
        7.6650000000    5.2141000101e+00
        7.6700000000    5.2141000099e+00
        7.6750000000    5.2141000097e+00
        7.6800000000    5.2141000096e+00
        7.6850000000    5.2141000094e+00
        7.6900000000    5.2141000093e+00
        7.6950000000    5.2141000091e+00
        7.7000000000    5.2141000090e+00
        7.7050000000    5.2141000088e+00
        7.7100000000    5.2141000087e+00
        7.7150000000    5.2141000085e+00
        7.7200000000    5.2141000084e+00
        7.7250000000    5.2141000083e+00
        7.7300000000    5.2141000081e+00
        7.7350000000    5.2141000080e+00
        7.7400000000    5.2141000079e+00
        7.7450000000    5.2141000077e+00
        7.7500000000    5.2141000076e+00
        7.7550000000    5.2141000075e+00
        7.7600000000    5.2141000073e+00
        7.7650000000    5.2141000072e+00
        7.7700000000    5.2141000071e+00
        7.7750000000    5.2141000070e+00
        7.7800000000    5.2141000069e+00
        7.7850000000    5.2141000068e+00
        7.7900000000    5.2141000067e+00
        7.7950000000    5.2141000065e+00
        7.8000000000    5.2141000064e+00
        7.8050000000    5.2141000063e+00
        7.8100000000    5.2141000062e+00
        7.8150000000    5.2141000061e+00
        7.8200000000    5.2141000060e+00
        7.8250000000    5.2141000059e+00
        7.8300000000    5.2141000058e+00
        7.8350000000    5.2141000057e+00
        7.8400000000    5.2141000056e+00
        7.8450000000    5.2141000055e+00
        7.8500000000    5.2141000055e+00
        7.8550000000    5.2141000054e+00
        7.8600000000    5.2141000053e+00
        7.8650000000    5.2141000052e+00
        7.8700000000    5.2141000051e+00
        7.8750000000    5.2141000050e+00
        7.8800000000    5.2141000049e+00
        7.8850000000    5.2141000049e+00
        7.8900000000    5.2141000048e+00
        7.8950000000    5.2141000047e+00
        7.9000000000    5.2141000046e+00
        7.9050000000    5.2141000045e+00
        7.9100000000    5.2141000045e+00
        7.9150000000    5.2141000044e+00
        7.9200000000    5.2141000043e+00
        7.9250000000    5.2141000042e+00
        7.9300000000    5.2141000042e+00
        7.9350000000    5.2141000041e+00
        7.9400000000    5.2141000040e+00
        7.9450000000    5.2141000040e+00
        7.9500000000    5.2141000039e+00
        7.9550000000    5.2141000038e+00
        7.9600000000    5.2141000038e+00
        7.9650000000    5.2141000037e+00
        7.9700000000    5.2141000037e+00
        7.9750000000    5.2141000036e+00
        7.9800000000    5.2141000035e+00
        7.9850000000    5.2141000035e+00
        7.9900000000    5.2141000034e+00
        7.9950000000    5.2141000034e+00
        8.0000000000    5.2141000033e+00
        8.0050000000    5.2141000033e+00
        8.0100000000    5.2141000032e+00
        8.0150000000    5.2141000032e+00
        8.0200000000    5.2141000031e+00
        8.0250000000    5.2141000030e+00
        8.0300000000    5.2141000030e+00
        8.0350000000    5.2141000029e+00
        8.0400000000    5.2141000029e+00
        8.0450000000    5.2141000029e+00
        8.0500000000    5.2141000028e+00
        8.0550000000    5.2141000028e+00
        8.0600000000    5.2141000027e+00
        8.0650000000    5.2141000027e+00
        8.0700000000    5.2141000026e+00
        8.0750000000    5.2141000026e+00
        8.0800000000    5.2141000025e+00
        8.0850000000    5.2141000025e+00
        8.0900000000    5.2141000025e+00
        8.0950000000    5.2141000024e+00
        8.1000000000    5.2141000024e+00
        8.1050000000    5.2141000023e+00
        8.1100000000    5.2141000023e+00
        8.1150000000    5.2141000023e+00
        8.1200000000    5.2141000022e+00
        8.1250000000    5.2141000022e+00
        8.1300000000    5.2141000022e+00
        8.1350000000    5.2141000021e+00
        8.1400000000    5.2141000021e+00
        8.1450000000    5.2141000020e+00
        8.1500000000    5.2141000020e+00
        8.1550000000    5.2141000020e+00
        8.1600000000    5.2141000019e+00
        8.1650000000    5.2141000019e+00
        8.1700000000    5.2141000019e+00
        8.1750000000    5.2141000019e+00
        8.1800000000    5.2141000018e+00
        8.1850000000    5.2141000018e+00
        8.1900000000    5.2141000018e+00
        8.1950000000    5.2141000017e+00
        8.2000000000    5.2141000017e+00
        8.2050000000    5.2141000017e+00
        8.2100000000    5.2141000017e+00
        8.2150000000    5.2141000016e+00
        8.2200000000    5.2141000016e+00
        8.2250000000    5.2141000016e+00
        8.2300000000    5.2141000015e+00
        8.2350000000    5.2141000015e+00
        8.2400000000    5.2141000015e+00
        8.2450000000    5.2141000015e+00
        8.2500000000    5.2141000014e+00
        8.2550000000    5.2141000014e+00
        8.2600000000    5.2141000014e+00
        8.2650000000    5.2141000014e+00
        8.2700000000    5.2141000014e+00
        8.2750000000    5.2141000013e+00
        8.2800000000    5.2141000013e+00
        8.2850000000    5.2141000013e+00
        8.2900000000    5.2141000013e+00
        8.2950000000    5.2141000012e+00
        8.3000000000    5.2141000012e+00
        8.3050000000    5.2141000012e+00
        8.3100000000    5.2141000012e+00
        8.3150000000    5.2141000012e+00
        8.3200000000    5.2141000011e+00
        8.3250000000    5.2141000011e+00
        8.3300000000    5.2141000011e+00
        8.3350000000    5.2141000011e+00
        8.3400000000    5.2141000011e+00
        8.3450000000    5.2141000011e+00
        8.3500000000    5.2141000010e+00
        8.3550000000    5.2141000010e+00
        8.3600000000    5.2141000010e+00
        8.3650000000    5.2141000010e+00
        8.3700000000    5.2141000010e+00
        8.3750000000    5.2141000010e+00
        8.3800000000    5.2141000009e+00
        8.3850000000    5.2141000009e+00
        8.3900000000    5.2141000009e+00
        8.3950000000    5.2141000009e+00
        8.4000000000    5.2141000009e+00
        8.4050000000    5.2141000009e+00
        8.4100000000    5.2141000008e+00
        8.4150000000    5.2141000008e+00
        8.4200000000    5.2141000008e+00
        8.4250000000    5.2141000008e+00
        8.4300000000    5.2141000008e+00
        8.4350000000    5.2141000008e+00
        8.4400000000    5.2141000008e+00
        8.4450000000    5.2141000008e+00
        8.4500000000    5.2141000007e+00
        8.4550000000    5.2141000007e+00
        8.4600000000    5.2141000007e+00
        8.4650000000    5.2141000007e+00
        8.4700000000    5.2141000007e+00
        8.4750000000    5.2141000007e+00
        8.4800000000    5.2141000007e+00
        8.4850000000    5.2141000007e+00
        8.4900000000    5.2141000007e+00
        8.4950000000    5.2141000006e+00
        8.5000000000    5.2141000006e+00
        8.5050000000    5.2141000006e+00
        8.5100000000    5.2141000006e+00
        8.5150000000    5.2141000006e+00
        8.5200000000    5.2141000006e+00
        8.5250000000    5.2141000006e+00
        8.5300000000    5.2141000006e+00
        8.5350000000    5.2141000006e+00
        8.5400000000    5.2141000006e+00
        8.5450000000    5.2141000005e+00
        8.5500000000    5.2141000005e+00
        8.5550000000    5.2141000005e+00
        8.5600000000    5.2141000005e+00
        8.5650000000    5.2141000005e+00
        8.5700000000    5.2141000005e+00
        8.5750000000    5.2141000005e+00
        8.5800000000    5.2141000005e+00
        8.5850000000    5.2141000005e+00
        8.5900000000    5.2141000005e+00
        8.5950000000    5.2141000005e+00
        8.6000000000    5.2141000005e+00
        8.6050000000    5.2141000004e+00
        8.6100000000    5.2141000004e+00
        8.6150000000    5.2141000004e+00
        8.6200000000    5.2141000004e+00
        8.6250000000    5.2141000004e+00
        8.6300000000    5.2141000004e+00
        8.6350000000    5.2141000004e+00
        8.6400000000    5.2141000004e+00
        8.6450000000    5.2141000004e+00
        8.6500000000    5.2141000004e+00
        8.6550000000    5.2141000004e+00
        8.6600000000    5.2141000004e+00
        8.6650000000    5.2141000004e+00
        8.6700000000    5.2141000004e+00
        8.6750000000    5.2141000004e+00
        8.6800000000    5.2141000003e+00
        8.6850000000    5.2141000003e+00
        8.6900000000    5.2141000003e+00
        8.6950000000    5.2141000003e+00
        8.7000000000    5.2141000003e+00
        8.7050000000    5.2141000003e+00
        8.7100000000    5.2141000003e+00
        8.7150000000    5.2141000003e+00
        8.7200000000    5.2141000003e+00
        8.7250000000    5.2141000003e+00
        8.7300000000    5.2141000003e+00
        8.7350000000    5.2141000003e+00
        8.7400000000    5.2141000003e+00
        8.7450000000    5.2141000003e+00
        8.7500000000    5.2141000003e+00
        8.7550000000    5.2141000003e+00
        8.7600000000    5.2141000003e+00
        8.7650000000    5.2141000003e+00
        8.7700000000    5.2141000003e+00
        8.7750000000    5.2141000003e+00
        8.7800000000    5.2141000002e+00
        8.7850000000    5.2141000002e+00
        8.7900000000    5.2141000002e+00
        8.7950000000    5.2141000002e+00
        8.8000000000    5.2141000002e+00
        8.8050000000    5.2141000002e+00
        8.8100000000    5.2141000002e+00
        8.8150000000    5.2141000002e+00
        8.8200000000    5.2141000002e+00
        8.8250000000    5.2141000002e+00
        8.8300000000    5.2141000002e+00
        8.8350000000    5.2141000002e+00
        8.8400000000    5.2141000002e+00
        8.8450000000    5.2141000002e+00
        8.8500000000    5.2141000002e+00
        8.8550000000    5.2141000002e+00
        8.8600000000    5.2141000002e+00
        8.8650000000    5.2141000002e+00
        8.8700000000    5.2141000002e+00
        8.8750000000    5.2141000002e+00
        8.8800000000    5.2141000002e+00
        8.8850000000    5.2141000002e+00
        8.8900000000    5.2141000002e+00
        8.8950000000    5.2141000002e+00
        8.9000000000    5.2141000002e+00
        8.9050000000    5.2141000002e+00
        8.9100000000    5.2141000002e+00
        8.9150000000    5.2141000002e+00
        8.9200000000    5.2141000002e+00
        8.9250000000    5.2141000002e+00
        8.9300000000    5.2141000002e+00
        8.9350000000    5.2141000001e+00
        8.9400000000    5.2141000001e+00
        8.9450000000    5.2141000001e+00
        8.9500000000    5.2141000001e+00
        8.9550000000    5.2141000001e+00
        8.9600000000    5.2141000001e+00
        8.9650000000    5.2141000001e+00
        8.9700000000    5.2141000001e+00
        8.9750000000    5.2141000001e+00
        8.9800000000    5.2141000001e+00
        8.9850000000    5.2141000001e+00
        8.9900000000    5.2141000001e+00
        8.9950000000    5.2141000001e+00
        9.0000000000    5.2141000001e+00
        9.0050000000    5.2141000001e+00
        9.0100000000    5.2141000001e+00
        9.0150000000    5.2141000001e+00
        9.0200000000    5.2141000001e+00
        9.0250000000    5.2141000001e+00
        9.0300000000    5.2141000001e+00
        9.0350000000    5.2141000001e+00
        9.0400000000    5.2141000001e+00
        9.0450000000    5.2141000001e+00
        9.0500000000    5.2141000001e+00
        9.0550000000    5.2141000001e+00
        9.0600000000    5.2141000001e+00
        9.0650000000    5.2141000001e+00
        9.0700000000    5.2141000001e+00
        9.0750000000    5.2141000001e+00
        9.0800000000    5.2141000001e+00
        9.0850000000    5.2141000001e+00
        9.0900000000    5.2141000001e+00
        9.0950000000    5.2141000001e+00
        9.1000000000    5.2141000001e+00
        9.1050000000    5.2141000001e+00
        9.1100000000    5.2141000001e+00
        9.1150000000    5.2141000001e+00
        9.1200000000    5.2141000001e+00
        9.1250000000    5.2141000001e+00
        9.1300000000    5.2141000001e+00
        9.1350000000    5.2141000001e+00
        9.1400000000    5.2141000001e+00
        9.1450000000    5.2141000001e+00
        9.1500000000    5.2141000001e+00
        9.1550000000    5.2141000001e+00
        9.1600000000    5.2141000001e+00
        9.1650000000    5.2141000001e+00
        9.1700000000    5.2141000001e+00
        9.1750000000    5.2141000001e+00
        9.1800000000    5.2141000001e+00
        9.1850000000    5.2141000001e+00
        9.1900000000    5.2141000001e+00
        9.1950000000    5.2141000001e+00
        9.2000000000    5.2141000001e+00
        9.2050000000    5.2141000001e+00
        9.2100000000    5.2141000001e+00
        9.2150000000    5.2141000001e+00
        9.2200000000    5.2141000001e+00
        9.2250000000    5.2141000001e+00
        9.2300000000    5.2141000001e+00
        9.2350000000    5.2141000001e+00
        9.2400000000    5.2141000001e+00
        9.2450000000    5.2141000001e+00
        9.2500000000    5.2141000001e+00
        9.2550000000    5.2141000001e+00
        9.2600000000    5.2141000001e+00
        9.2650000000    5.2141000000e+00
        9.2700000000    5.2141000000e+00
        9.2750000000    5.2141000000e+00
        9.2800000000    5.2141000000e+00
        9.2850000000    5.2141000000e+00
        9.2900000000    5.2141000000e+00
        9.2950000000    5.2141000000e+00
        9.3000000000    5.2141000000e+00
        9.3050000000    5.2141000000e+00
        9.3100000000    5.2141000000e+00
        9.3150000000    5.2141000000e+00
        9.3200000000    5.2141000000e+00
        9.3250000000    5.2141000000e+00
        9.3300000000    5.2141000000e+00
        9.3350000000    5.2141000000e+00
        9.3400000000    5.2141000000e+00
        9.3450000000    5.2141000000e+00
        9.3500000000    5.2141000000e+00
        9.3550000000    5.2141000000e+00
        9.3600000000    5.2141000000e+00
        9.3650000000    5.2141000000e+00
        9.3700000000    5.2141000000e+00
        9.3750000000    5.2141000000e+00
        9.3800000000    5.2141000000e+00
        9.3850000000    5.2141000000e+00
        9.3900000000    5.2141000000e+00
        9.3950000000    5.2141000000e+00
        9.4000000000    5.2141000000e+00
        9.4050000000    5.2141000000e+00
        9.4100000000    5.2141000000e+00
        9.4150000000    5.2141000000e+00
        9.4200000000    5.2141000000e+00
        9.4250000000    5.2141000000e+00
        9.4300000000    5.2141000000e+00
        9.4350000000    5.2141000000e+00
        9.4400000000    5.2141000000e+00
        9.4450000000    5.2141000000e+00
        9.4500000000    5.2141000000e+00
        9.4550000000    5.2141000000e+00
        9.4600000000    5.2141000000e+00
        9.4650000000    5.2141000000e+00
        9.4700000000    5.2141000000e+00
        9.4750000000    5.2141000000e+00
        9.4800000000    5.2141000000e+00
        9.4850000000    5.2141000000e+00
        9.4900000000    5.2141000000e+00
        9.4950000000    5.2141000000e+00
        9.5000000000    5.2141000000e+00
        9.5050000000    5.2141000000e+00
        9.5100000000    5.2141000000e+00
        9.5150000000    5.2141000000e+00
        9.5200000000    5.2141000000e+00
        9.5250000000    5.2141000000e+00
        9.5300000000    5.2141000000e+00
        9.5350000000    5.2141000000e+00
        9.5400000000    5.2141000000e+00
        9.5450000000    5.2141000000e+00
        9.5500000000    5.2141000000e+00
        9.5550000000    5.2141000000e+00
        9.5600000000    5.2141000000e+00
        9.5650000000    5.2141000000e+00
        9.5700000000    5.2141000000e+00
        9.5750000000    5.2141000000e+00
        9.5800000000    5.2141000000e+00
        9.5850000000    5.2141000000e+00
        9.5900000000    5.2141000000e+00
        9.5950000000    5.2141000000e+00
        9.6000000000    5.2141000000e+00
        9.6050000000    5.2141000000e+00
        9.6100000000    5.2141000000e+00
        9.6150000000    5.2141000000e+00
        9.6200000000    5.2141000000e+00
        9.6250000000    5.2141000000e+00
        9.6300000000    5.2141000000e+00
        9.6350000000    5.2141000000e+00
        9.6400000000    5.2141000000e+00
        9.6450000000    5.2141000000e+00
        9.6500000000    5.2141000000e+00
        9.6550000000    5.2141000000e+00
        9.6600000000    5.2141000000e+00
        9.6650000000    5.2141000000e+00
        9.6700000000    5.2141000000e+00
        9.6750000000    5.2141000000e+00
        9.6800000000    5.2141000000e+00
        9.6850000000    5.2141000000e+00
        9.6900000000    5.2141000000e+00
        9.6950000000    5.2141000000e+00
        9.7000000000    5.2141000000e+00
        9.7050000000    5.2141000000e+00
        9.7100000000    5.2141000000e+00
        9.7150000000    5.2141000000e+00
        9.7200000000    5.2141000000e+00
        9.7250000000    5.2141000000e+00
        9.7300000000    5.2141000000e+00
        9.7350000000    5.2141000000e+00
        9.7400000000    5.2141000000e+00
        9.7450000000    5.2141000000e+00
        9.7500000000    5.2141000000e+00
        9.7550000000    5.2141000000e+00
        9.7600000000    5.2141000000e+00
        9.7650000000    5.2141000000e+00
        9.7700000000    5.2141000000e+00
        9.7750000000    5.2141000000e+00
        9.7800000000    5.2141000000e+00
        9.7850000000    5.2141000000e+00
        9.7900000000    5.2141000000e+00
        9.7950000000    5.2141000000e+00
        9.8000000000    5.2141000000e+00
        9.8050000000    5.2141000000e+00
        9.8100000000    5.2141000000e+00
        9.8150000000    5.2141000000e+00
        9.8200000000    5.2141000000e+00
        9.8250000000    5.2141000000e+00
        9.8300000000    5.2141000000e+00
        9.8350000000    5.2141000000e+00
        9.8400000000    5.2141000000e+00
        9.8450000000    5.2141000000e+00
        9.8500000000    5.2141000000e+00
        9.8550000000    5.2141000000e+00
        9.8600000000    5.2141000000e+00
        9.8650000000    5.2141000000e+00
        9.8700000000    5.2141000000e+00
        9.8750000000    5.2141000000e+00
        9.8800000000    5.2141000000e+00
        9.8850000000    5.2141000000e+00
        9.8900000000    5.2141000000e+00
        9.8950000000    5.2141000000e+00
        9.9000000000    5.2141000000e+00
        9.9050000000    5.2141000000e+00
        9.9100000000    5.2141000000e+00
        9.9150000000    5.2141000000e+00
        9.9200000000    5.2141000000e+00
        9.9250000000    5.2141000000e+00
        9.9300000000    5.2141000000e+00
        9.9350000000    5.2141000000e+00
        9.9400000000    5.2141000000e+00
        9.9450000000    5.2141000000e+00
        9.9500000000    5.2141000000e+00
        9.9550000000    5.2141000000e+00
        9.9600000000    5.2141000000e+00
        9.9650000000    5.2141000000e+00
        9.9700000000    5.2141000000e+00
        9.9750000000    5.2141000000e+00
        9.9800000000    5.2141000000e+00
        9.9850000000    5.2141000000e+00
        9.9900000000    5.2141000000e+00
        9.9950000000    5.2141000000e+00
