      .000         1.7721792200E+03
      .005         1.6158257764E+03
      .010         1.5748382893E+03
      .015         1.6150517763E+03
      .020         1.6086938451E+03
      .025         1.5892926593E+03
      .030         1.5651127963E+03
      .035         1.5389786658E+03
      .040         1.5120637217E+03
      .045         1.4849229550E+03
      .050         1.4578437183E+03
      .055         1.4309846805E+03
      .060         1.4044372821E+03
      .065         1.3782556307E+03
      .070         1.3524719399E+03
      .075         1.3271051374E+03
      .080         1.3021655650E+03
      .085         1.2776581783E+03
      .090         1.2535842650E+03
      .095         1.2299425159E+03
      .100         1.2067300169E+03
      .105         1.1839426594E+03
      .110         1.1615753999E+03
      .115         1.1396227482E+03
      .120         1.1180786786E+03
      .125         1.0969369898E+03
      .130         1.0761912985E+03
      .135         1.0558350481E+03
      .140         1.0358615964E+03
      .145         1.0162644597E+03
      .150         9.9703698457E+02
      .155         9.7817255408E+02
      .160         9.5966476862E+02
      .165         9.4150712105E+02
      .170         9.2369318017E+02
      .175         9.0621675301E+02
      .180         8.8907157140E+02
      .185         8.7225146006E+02
      .190         8.5575048577E+02
      .195         8.3956265829E+02
      .200         8.2368208655E+02
      .205         8.0810311739E+02
      .210         7.9282005163E+02
      .215         7.7782733454E+02
      .220         7.6311946416E+02
      .225         7.4869116548E+02
      .230         7.3453712643E+02
      .235         7.2065213236E+02
      .240         7.0703118557E+02
      .245         6.9366925576E+02
      .250         6.8056140657E+02
      .255         6.6770290817E+02
      .260         6.5508900143E+02
      .265         6.4271505375E+02
      .270         6.3057651821E+02
      .275         6.1866886196E+02
      .280         6.0698784746E+02
      .285         5.9552910512E+02
      .290         5.8428841731E+02
      .295         5.7326164532E+02
      .300         5.6244472799E+02
      .305         5.5183361771E+02
      .310         5.4142453093E+02
      .315         5.3121356722E+02
      .320         5.2119696229E+02
      .325         5.1137102279E+02
      .330         5.0173212501E+02
      .335         4.9227671365E+02
      .340         4.8300124579E+02
      .345         4.7390240981E+02
      .350         4.6497679234E+02
      .355         4.5622109942E+02
      .360         4.4763209940E+02
      .365         4.3920662183E+02
      .370         4.3094150755E+02
      .375         4.2283380365E+02
      .380         4.1488046679E+02
      .385         4.0707856015E+02
      .390         3.9942520262E+02
      .395         3.9191756774E+02
      .400         3.8455283921E+02
      .405         3.7732838466E+02
      .410         3.7024149121E+02
      .415         3.6328954100E+02
      .420         3.5646996589E+02
      .425         3.4978024651E+02
      .430         3.4321791137E+02
      .435         3.3678049792E+02
      .440         3.3046570444E+02
      .445         3.2427115892E+02
      .450         3.1819457246E+02
      .455         3.1223369965E+02
      .460         3.0638633780E+02
      .465         3.0065029221E+02
      .470         2.9502351152E+02
      .475         2.8950388179E+02
      .480         2.8408936312E+02
      .485         2.7877795444E+02
      .490         2.7356769273E+02
      .495         2.6845665230E+02
      .500         2.6344291452E+02
      .505         2.5852468603E+02
      .510         2.5370011881E+02
      .515         2.4896742960E+02
      .520         2.4432486904E+02
      .525         2.3977072111E+02
      .530         2.3530330238E+02
      .535         2.3092096152E+02
      .540         2.2662207857E+02
      .545         2.2240501464E+02
      .550         2.1826831140E+02
      .555         2.1421038889E+02
      .560         2.1022974702E+02
      .565         2.0632491425E+02
      .570         2.0249444705E+02
      .575         1.9873692937E+02
      .580         1.9505097209E+02
      .585         1.9143521258E+02
      .590         1.8788831409E+02
      .595         1.8440896536E+02
      .600         1.8099588008E+02
      .605         1.7764779642E+02
      .610         1.7436343779E+02
      .615         1.7114166825E+02
      .620         1.6798125715E+02
      .625         1.6488103604E+02
      .630         1.6183985872E+02
      .635         1.5885660081E+02
      .640         1.5593015933E+02
      .645         1.5305945231E+02
      .650         1.5024341837E+02
      .655         1.4748101635E+02
      .660         1.4477122491E+02
      .665         1.4211304215E+02
      .670         1.3950548525E+02
      .675         1.3694755990E+02
      .680         1.3443838134E+02
      .685         1.3197699102E+02
      .690         1.2956247887E+02
      .695         1.2719395215E+02
      .700         1.2487053511E+02
      .705         1.2259136866E+02
      .710         1.2035561010E+02
      .715         1.1816243275E+02
      .720         1.1601102569E+02
      .725         1.1390059343E+02
      .730         1.1183035562E+02
      .735         1.0979954680E+02
      .740         1.0780739253E+02
      .745         1.0585320371E+02
      .750         1.0393623377E+02
      .755         1.0205577389E+02
      .760         1.0021112877E+02
      .765         9.8401616308E+01
      .770         9.6626567425E+01
      .775         9.4885325768E+01
      .780         9.3177247487E+01
      .785         9.1501700992E+01
      .790         8.9858066721E+01
      .795         8.8245736909E+01
      .800         8.6664096690E+01
      .805         8.5112598936E+01
      .810         8.3590650908E+01
      .815         8.2097689833E+01
      .820         8.0633163653E+01
      .825         7.9196530825E+01
      .830         7.7787260118E+01
      .835         7.6404830418E+01
      .840         7.5048730535E+01
      .845         7.3718459013E+01
      .850         7.2413523948E+01
      .855         7.1133442801E+01
      .860         6.9877742224E+01
      .865         6.8645943338E+01
      .870         6.7437620021E+01
      .875         6.6252310627E+01
      .880         6.5089576850E+01
      .885         6.3948988730E+01
      .890         6.2830124495E+01
      .895         6.1732570406E+01
      .900         6.0655920602E+01
      .905         5.9599776954E+01
      .910         5.8563748913E+01
      .915         5.7547453368E+01
      .920         5.6550514505E+01
      .925         5.5572563667E+01
      .930         5.4613227889E+01
      .935         5.3672175294E+01
      .940         5.2749046341E+01
      .945         5.1843499665E+01
      .950         5.0955200402E+01
      .955         5.0083820063E+01
      .960         4.9229036419E+01
      .965         4.8390533375E+01
      .970         4.7568000857E+01
      .975         4.6761134696E+01
      .980         4.5969636516E+01
      .985         4.5193213624E+01
      .990         4.4431578900E+01
      .995         4.3684441870E+01
     1.000         4.2951544062E+01
     1.005         4.2232605456E+01
     1.010         4.1527360189E+01
     1.015         4.0835547460E+01
     1.020         4.0156911437E+01
     1.025         3.9491201160E+01
     1.030         3.8838170446E+01
     1.035         3.8197577804E+01
     1.040         3.7569186340E+01
     1.045         3.6952763672E+01
     1.050         3.6348081846E+01
     1.055         3.5754917245E+01
     1.060         3.5173050516E+01
     1.065         3.4602266479E+01
     1.070         3.4042354055E+01
     1.075         3.3493106184E+01
     1.080         3.2954319750E+01
     1.085         3.2425795505E+01
     1.090         3.1907325752E+01
     1.095         3.1398743482E+01
     1.100         3.0899848134E+01
     1.105         3.0410455211E+01
     1.110         2.9930383730E+01
     1.115         2.9459456155E+01
     1.120         2.8997498331E+01
     1.125         2.8544339419E+01
     1.130         2.8099811836E+01
     1.135         2.7663751188E+01
     1.140         2.7235996214E+01
     1.145         2.6816388723E+01
     1.150         2.6404773539E+01
     1.155         2.6000998437E+01
     1.160         2.5604914097E+01
     1.165         2.5216374037E+01
     1.170         2.4835234570E+01
     1.175         2.4461354742E+01
     1.180         2.4094596285E+01
     1.185         2.3734823565E+01
     1.190         2.3381903530E+01
     1.195         2.3035705662E+01
     1.200         2.2696101930E+01
     1.205         2.2362966741E+01
     1.210         2.2036176892E+01
     1.215         2.1715611531E+01
     1.220         2.1401144675E+01
     1.225         2.1092675027E+01
     1.230         2.0790080934E+01
     1.235         2.0493250489E+01
     1.240         2.0202073916E+01
     1.245         1.9916443530E+01
     1.250         1.9636253696E+01
     1.255         1.9361400792E+01
     1.260         1.9091783169E+01
     1.265         1.8827301115E+01
     1.270         1.8567856814E+01
     1.275         1.8313354318E+01
     1.280         1.8063699501E+01
     1.285         1.7818800033E+01
     1.290         1.7578565343E+01
     1.295         1.7342906583E+01
     1.300         1.7111736597E+01
     1.305         1.6884969891E+01
     1.310         1.6662522598E+01
     1.315         1.6444312449E+01
     1.320         1.6230258740E+01
     1.325         1.6020282307E+01
     1.330         1.5814305492E+01
     1.335         1.5612252116E+01
     1.340         1.5414047450E+01
     1.345         1.5219613599E+01
     1.350         1.5028887927E+01
     1.355         1.4841795212E+01
     1.360         1.4658266259E+01
     1.365         1.4478233192E+01
     1.370         1.4301629425E+01
     1.375         1.4128389642E+01
     1.380         1.3958449770E+01
     1.385         1.3791746958E+01
     1.390         1.3628219550E+01
     1.395         1.3467807066E+01
     1.400         1.3310450176E+01
     1.405         1.3156090682E+01
     1.410         1.3004671494E+01
     1.415         1.2856136608E+01
     1.420         1.2710431088E+01
     1.425         1.2567501044E+01
     1.430         1.2427293612E+01
     1.435         1.2289756935E+01
     1.440         1.2154840144E+01
     1.445         1.2022493339E+01
     1.450         1.1892667570E+01
     1.455         1.1765314818E+01
     1.460         1.1640387982E+01
     1.465         1.1517840854E+01
     1.470         1.1397628110E+01
     1.475         1.1279702501E+01
     1.480         1.1164026035E+01
     1.485         1.1050553087E+01
     1.490         1.0939241688E+01
     1.495         1.0830050667E+01
     1.500         1.0722939636E+01
     1.505         1.0617868980E+01
     1.510         1.0514799833E+01
     1.515         1.0413694075E+01
     1.520         1.0314514308E+01
     1.525         1.0217223848E+01
     1.530         1.0121786710E+01
     1.535         1.0028167592E+01
     1.540         9.9363318682E+00
     1.545         9.8462455688E+00
     1.550         9.7578753728E+00
     1.555         9.6711885935E+00
     1.560         9.5861531666E+00
     1.565         9.5027376386E+00
     1.570         9.4209111552E+00
     1.575         9.3406434495E+00
     1.580         9.2619048312E+00
     1.585         9.1846661755E+00
     1.590         9.1088989124E+00
     1.595         9.0345750159E+00
     1.600         8.9616652715E+00
     1.605         8.8901461881E+00
     1.610         8.8199895553E+00
     1.615         8.7511694219E+00
     1.620         8.6836603312E+00
     1.625         8.6174373114E+00
     1.630         8.5524758663E+00
     1.635         8.4887519661E+00
     1.640         8.4262420390E+00
     1.645         8.3649229618E+00
     1.650         8.3047720519E+00
     1.655         8.2457670588E+00
     1.660         8.1878861556E+00
     1.665         8.1311079313E+00
     1.670         8.0754113825E+00
     1.675         8.0207759062E+00
     1.680         7.9671812913E+00
     1.685         7.9146077121E+00
     1.690         7.8630357203E+00
     1.695         7.8124462380E+00
     1.700         7.7628205508E+00
     1.705         7.7141403007E+00
     1.710         7.6663874793E+00
     1.715         7.6195444211E+00
     1.720         7.5735937974E+00
     1.725         7.5285186092E+00
     1.730         7.4843011367E+00
     1.735         7.4409271318E+00
     1.740         7.3983794836E+00
     1.745         7.3566424517E+00
     1.750         7.3157005957E+00
     1.755         7.2755387691E+00
     1.760         7.2361421140E+00
     1.765         7.1974960556E+00
     1.770         7.1595862963E+00
     1.775         7.1223988114E+00
     1.780         7.0859198428E+00
     1.785         7.0501358947E+00
     1.790         7.0150337283E+00
     1.795         6.9806003571E+00
     1.800         6.9468230416E+00
     1.805         6.9136892854E+00
     1.810         6.8811868297E+00
     1.815         6.8493036494E+00
     1.820         6.8180279484E+00
     1.825         6.7873481553E+00
     1.830         6.7572529191E+00
     1.835         6.7277311050E+00
     1.840         6.6987717902E+00
     1.845         6.6703642601E+00
     1.850         6.6424980039E+00
     1.855         6.6151627114E+00
     1.860         6.5883476348E+00
     1.865         6.5620441321E+00
     1.870         6.5362418248E+00
     1.875         6.5109311661E+00
     1.880         6.4861027906E+00
     1.885         6.4617475115E+00
     1.890         6.4378563170E+00
     1.895         6.4144203668E+00
     1.900         6.3914309893E+00
     1.905         6.3688796776E+00
     1.910         6.3467580872E+00
     1.915         6.3250580323E+00
     1.920         6.3037714833E+00
     1.925         6.2828905633E+00
     1.930         6.2624075455E+00
     1.935         6.2423148502E+00
     1.940         6.2226050423E+00
     1.945         6.2032708280E+00
     1.950         6.1843050526E+00
     1.955         6.1657006978E+00
     1.960         6.1474508787E+00
     1.965         6.1295488417E+00
     1.970         6.1119879619E+00
     1.975         6.0947617405E+00
     1.980         6.0778638023E+00
     1.985         6.0612875022E+00
     1.990         6.0450274965E+00
     1.995         6.0290773683E+00
     2.000         6.0134312147E+00
     2.005         5.9980836077E+00
     2.010         5.9830277787E+00
     2.015         5.9682595933E+00
     2.020         5.9537721751E+00
     2.025         5.9395615458E+00
     2.030         5.9256210887E+00
     2.035         5.9119469753E+00
     2.040         5.8985328386E+00
     2.045         5.8853749946E+00
     2.050         5.8724673167E+00
     2.055         5.8598056610E+00
     2.060         5.8473859282E+00
     2.065         5.8352023348E+00
     2.070         5.8232515347E+00
     2.075         5.8115279627E+00
     2.080         5.8000283989E+00
     2.085         5.7887474882E+00
     2.090         5.7776821322E+00
     2.095         5.7668271777E+00
     2.100         5.7561796433E+00
     2.105         5.7457345703E+00
     2.110         5.7354890896E+00
     2.115         5.7254384299E+00
     2.120         5.7155798302E+00
     2.125         5.7059086991E+00
     2.130         5.6964223800E+00
     2.135         5.6871164547E+00
     2.140         5.6779883667E+00
     2.145         5.6690338646E+00
     2.150         5.6602504885E+00
     2.155         5.6516341473E+00
     2.160         5.6431824738E+00
     2.165         5.6348915314E+00
     2.170         5.6267590422E+00
     2.175         5.6187812182E+00
     2.180         5.6109554972E+00
     2.185         5.6032793445E+00
     2.190         5.5957491844E+00
     2.195         5.5883629479E+00
     2.200         5.5811171941E+00
     2.205         5.5740099321E+00
     2.210         5.5670378508E+00
     2.215         5.5601990346E+00
     2.220         5.5534902973E+00
     2.225         5.5469097955E+00
     2.230         5.5404544632E+00
     2.235         5.5341225265E+00
     2.240         5.5279110353E+00
     2.245         5.5218182826E+00
     2.250         5.5158414294E+00
     2.255         5.5099788333E+00
     2.260         5.5042277624E+00
     2.265         5.4985866363E+00
     2.270         5.4930528262E+00
     2.275         5.4876248111E+00
     2.280         5.4823000616E+00
     2.285         5.4770771142E+00
     2.290         5.4719535348E+00
     2.295         5.4669279151E+00
     2.300         5.4619979128E+00
     2.305         5.4571619440E+00
     2.310         5.4524184414E+00
     2.315         5.4477651941E+00
     2.320         5.4432009230E+00
     2.325         5.4387235006E+00
     2.330         5.4343316960E+00
     2.335         5.4300234619E+00
     2.340         5.4257976140E+00
     2.345         5.4216521822E+00
     2.350         5.4175860269E+00
     2.355         5.4135972523E+00
     2.360         5.4096847618E+00
     2.365         5.4058467312E+00
     2.370         5.4020821052E+00
     2.375         5.3983891286E+00
     2.380         5.3947667857E+00
     2.385         5.3912133876E+00
     2.390         5.3877279571E+00
     2.395         5.3843088689E+00
     2.400         5.3809551826E+00
     2.405         5.3776653343E+00
     2.410         5.3744384191E+00
     2.415         5.3712729321E+00
     2.420         5.3681680025E+00
     2.425         5.3651221823E+00
     2.430         5.3621346336E+00
     2.435         5.3592039629E+00
     2.440         5.3563292277E+00
     2.445         5.3535094957E+00
     2.450         5.3507434516E+00
     2.455         5.3480303342E+00
     2.460         5.3453688778E+00
     2.465         5.3427583502E+00
     2.470         5.3401975333E+00
     2.475         5.3376857225E+00
     2.480         5.3352217458E+00
     2.485         5.3328049251E+00
     2.490         5.3304341327E+00
     2.495         5.3281087159E+00
     2.500         5.3258275896E+00
     2.505         5.3235901260E+00
     2.510         5.3213952807E+00
     2.515         5.3192424497E+00
     2.520         5.3171306279E+00
     2.525         5.3150592341E+00
     2.530         5.3130273013E+00
     2.535         5.3110342701E+00
     2.540         5.3090792100E+00
     2.545         5.3071615827E+00
     2.550         5.3052804929E+00
     2.555         5.3034354226E+00
     2.560         5.3016255101E+00
     2.565         5.2998501729E+00
     2.570         5.2981088346E+00
     2.575         5.2964006818E+00
     2.580         5.2947252441E+00
     2.585         5.2930817388E+00
     2.590         5.2914697134E+00
     2.595         5.2898884146E+00
     2.600         5.2883374070E+00
     2.605         5.2868159658E+00
     2.610         5.2853236719E+00
     2.615         5.2838598280E+00
     2.620         5.2824240306E+00
     2.625         5.2810156090E+00
     2.630         5.2796341748E+00
     2.635         5.2782790825E+00
     2.640         5.2769499585E+00
     2.645         5.2756461816E+00
     2.650         5.2743673924E+00
     2.655         5.2731129930E+00
     2.660         5.2718826377E+00
     2.665         5.2706757510E+00
     2.670         5.2694920003E+00
     2.675         5.2683308320E+00
     2.680         5.2671919259E+00
     2.685         5.2660747493E+00
     2.690         5.2649789419E+00
     2.695         5.2639041475E+00
     2.700         5.2628498632E+00
     2.705         5.2618157982E+00
     2.710         5.2608014686E+00
     2.715         5.2598065945E+00
     2.720         5.2588307105E+00
     2.725         5.2578735472E+00
     2.730         5.2569346565E+00
     2.735         5.2560137794E+00
     2.740         5.2551104848E+00
     2.745         5.2542245233E+00
     2.750         5.2533554800E+00
     2.755         5.2525031151E+00
     2.760         5.2516670293E+00
     2.765         5.2508469918E+00
     2.770         5.2500426185E+00
     2.775         5.2492536872E+00
     2.780         5.2484798283E+00
     2.785         5.2477208280E+00
     2.790         5.2469763306E+00
     2.795         5.2462461305E+00
     2.800         5.2455298854E+00
     2.805         5.2448273974E+00
     2.810         5.2441383371E+00
     2.815         5.2434625140E+00
     2.820         5.2427996114E+00
     2.825         5.2421494149E+00
     2.830         5.2415117125E+00
     2.835         5.2408862051E+00
     2.840         5.2402727198E+00
     2.845         5.2396709686E+00
     2.850         5.2390807852E+00
     2.855         5.2385018925E+00
     2.860         5.2379341304E+00
     2.865         5.2373772323E+00
     2.870         5.2368310441E+00
     2.875         5.2362953095E+00
     2.880         5.2357698799E+00
     2.885         5.2352545088E+00
     2.890         5.2347490533E+00
     2.895         5.2342532760E+00
     2.900         5.2337670396E+00
     2.905         5.2332901155E+00
     2.910         5.2328223718E+00
     2.915         5.2323635883E+00
     2.920         5.2319136381E+00
     2.925         5.2314723096E+00
     2.930         5.2310394803E+00
     2.935         5.2306149467E+00
     2.940         5.2301985911E+00
     2.945         5.2297902176E+00
     2.950         5.2293896937E+00
     2.955         5.2289968885E+00
     2.960         5.2286116169E+00
     2.965         5.2282337720E+00
     2.970         5.2278631760E+00
     2.975         5.2274997259E+00
     2.980         5.2271432506E+00
     2.985         5.2267936509E+00
     2.990         5.2264507622E+00
     2.995         5.2261144892E+00
     3.000         5.2257846733E+00
     3.005         5.2254612229E+00
     3.010         5.2251439855E+00
     3.015         5.2248328728E+00
     3.020         5.2245277380E+00
     3.025         5.2242284963E+00
     3.030         5.2239350064E+00
     3.035         5.2236471867E+00
     3.040         5.2233649012E+00
     3.045         5.2230880713E+00
     3.050         5.2228165663E+00
     3.055         5.2225503105E+00
     3.060         5.2222891781E+00
     3.065         5.2220330964E+00
     3.070         5.2217819442E+00
     3.075         5.2215356397E+00
     3.080         5.2212941018E+00
     3.085         5.2210572164E+00
     3.090         5.2208249172E+00
     3.095         5.2205970944E+00
     3.100         5.2203736843E+00
     3.105         5.2201545811E+00
     3.110         5.2199397237E+00
     3.115         5.2197290101E+00
     3.120         5.2195223814E+00
     3.125         5.2193197398E+00
     3.130         5.2191210286E+00
     3.135         5.2189261534E+00
     3.140         5.2187350598E+00
     3.145         5.2185476570E+00
     3.150         5.2183638925E+00
     3.155         5.2181836791E+00
     3.160         5.2180069664E+00
     3.165         5.2178336702E+00
     3.170         5.2176637420E+00
     3.175         5.2174971010E+00
     3.180         5.2173337005E+00
     3.185         5.2171734626E+00
     3.190         5.2170163425E+00
     3.195         5.2168622652E+00
     3.200         5.2167111802E+00
     3.205         5.2165630375E+00
     3.210         5.2164177663E+00
     3.215         5.2162753259E+00
     3.220         5.2161356483E+00
     3.225         5.2159986941E+00
     3.230         5.2158643980E+00
     3.235         5.2157327222E+00
     3.240         5.2156036037E+00
     3.245         5.2154770061E+00
     3.250         5.2153528689E+00
     3.255         5.2152311571E+00
     3.260         5.2151118125E+00
     3.265         5.2149948012E+00
     3.270         5.2148800673E+00
     3.275         5.2147675783E+00
     3.280         5.2146572803E+00
     3.285         5.2145491422E+00
     3.290         5.2144431119E+00
     3.295         5.2143391595E+00
     3.300         5.2142372350E+00
     3.305         5.2141373096E+00
     3.310         5.2140393352E+00
     3.315         5.2139432840E+00
     3.320         5.2138491097E+00
     3.325         5.2137567857E+00
     3.330         5.2136662674E+00
     3.335         5.2135775247E+00
     3.340         5.2134905280E+00
     3.345         5.2134052351E+00
     3.350         5.2133216219E+00
     3.355         5.2132396478E+00
     3.360         5.2131592896E+00
     3.365         5.2130805084E+00
     3.370         5.2130032816E+00
     3.375         5.2129275718E+00
     3.380         5.2128533575E+00
     3.385         5.2127806027E+00
     3.390         5.2127092864E+00
     3.395         5.2126393741E+00
     3.400         5.2125708458E+00
     3.405         5.2125036681E+00
     3.410         5.2124378217E+00
     3.415         5.2123732746E+00
     3.420         5.2123100083E+00
     3.425         5.2122479918E+00
     3.430         5.2121872074E+00
     3.435         5.2121276253E+00
     3.440         5.2120692284E+00
     3.445         5.2120119881E+00
     3.450         5.2119558879E+00
     3.455         5.2119009004E+00
     3.460         5.2118470068E+00
     3.465         5.2117941889E+00
     3.470         5.2117424207E+00
     3.475         5.2116916873E+00
     3.480         5.2116419635E+00
     3.485         5.2115932351E+00
     3.490         5.2115454780E+00
     3.495         5.2114986783E+00
     3.500         5.2114528129E+00
     3.505         5.2114078684E+00
     3.510         5.2113638226E+00
     3.515         5.2113206627E+00
     3.520         5.2112783672E+00
     3.525         5.2112369238E+00
     3.530         5.2111963119E+00
     3.535         5.2111565197E+00
     3.540         5.2111175272E+00
     3.545         5.2110793230E+00
     3.550         5.2110418881E+00
     3.555         5.2110052115E+00
     3.560         5.2109692748E+00
     3.565         5.2109340675E+00
     3.570         5.2108995718E+00
     3.575         5.2108657777E+00
     3.580         5.2108326680E+00
     3.585         5.2108002314E+00
     3.590         5.2107684565E+00
     3.595         5.2107373272E+00
     3.600         5.2107068344E+00
     3.605         5.2106769625E+00
     3.610         5.2106477028E+00
     3.615         5.2106190403E+00
     3.620         5.2105909664E+00
     3.625         5.2105634670E+00
     3.630         5.2105365338E+00
     3.635         5.2105101529E+00
     3.640         5.2104843166E+00
     3.645         5.2104590116E+00
     3.650         5.2104342302E+00
     3.655         5.2104099598E+00
     3.660         5.2103861929E+00
     3.665         5.2103629175E+00
     3.670         5.2103401263E+00
     3.675         5.2103178077E+00
     3.680         5.2102959548E+00
     3.685         5.2102745564E+00
     3.690         5.2102536058E+00
     3.695         5.2102330922E+00
     3.700         5.2102130093E+00
     3.705         5.2101933466E+00
     3.710         5.2101740981E+00
     3.715         5.2101552537E+00
     3.720         5.2101368065E+00
     3.725         5.2101187498E+00
     3.730         5.2101010742E+00
     3.735         5.2100837741E+00
     3.740         5.2100668403E+00
     3.745         5.2100502677E+00
     3.750         5.2100340473E+00
     3.755         5.2100181740E+00
     3.760         5.2100026395E+00
     3.765         5.2099874388E+00
     3.770         5.2099725637E+00
     3.775         5.2099580096E+00
     3.780         5.2099437686E+00
     3.785         5.2099298362E+00
     3.790         5.2099162048E+00
     3.795         5.2099028701E+00
     3.800         5.2098898249E+00
     3.805         5.2098770648E+00
     3.810         5.2098645830E+00
     3.815         5.2098523753E+00
     3.820         5.2098404352E+00
     3.825         5.2098287587E+00
     3.830         5.2098173393E+00
     3.835         5.2098061733E+00
     3.840         5.2097952545E+00
     3.845         5.2097845787E+00
     3.850         5.2097741417E+00
     3.855         5.2097639377E+00
     3.860         5.2097539632E+00
     3.865         5.2097442127E+00
     3.870         5.2097346829E+00
     3.875         5.2097253683E+00
     3.880         5.2097162658E+00
     3.885         5.2097073702E+00
     3.890         5.2096986785E+00
     3.895         5.2096901856E+00
     3.900         5.2096818886E+00
     3.905         5.2096737827E+00
     3.910         5.2096658652E+00
     3.915         5.2096581313E+00
     3.920         5.2096505783E+00
     3.925         5.2096432019E+00
     3.930         5.2096359994E+00
     3.935         5.2096289664E+00
     3.940         5.2096221007E+00
     3.945         5.2096153978E+00
     3.950         5.2096088556E+00
     3.955         5.2096024700E+00
     3.960         5.2095962387E+00
     3.965         5.2095901579E+00
     3.970         5.2095842249E+00
     3.975         5.2095784373E+00
     3.980         5.2095727914E+00
     3.985         5.2095672852E+00
     3.990         5.2095619151E+00
     3.995         5.2095566791E+00
     4.000         5.2095515739E+00
     4.005         5.2095465973E+00
     4.010         5.2095417473E+00
     4.015         5.2095370201E+00
     4.020         5.2095324139E+00
     4.025         5.2095279264E+00
     4.030         5.2095235557E+00
     4.035         5.2095192983E+00
     4.040         5.2095151525E+00
     4.045         5.2095111162E+00
     4.050         5.2095071876E+00
     4.055         5.2095033636E+00
     4.060         5.2094996425E+00
     4.065         5.2094960224E+00
     4.070         5.2094925017E+00
     4.075         5.2094890773E+00
     4.080         5.2094857479E+00
     4.085         5.2094825116E+00
     4.090         5.2094793669E+00
     4.095         5.2094763111E+00
     4.100         5.2094733428E+00
     4.105         5.2094704603E+00
     4.110         5.2094676619E+00
     4.115         5.2094649462E+00
     4.120         5.2094623108E+00
     4.125         5.2094597544E+00
     4.130         5.2094572754E+00
     4.135         5.2094548728E+00
     4.140         5.2094525440E+00
     4.145         5.2094502881E+00
     4.150         5.2094481035E+00
     4.155         5.2094459891E+00
     4.160         5.2094439429E+00
     4.165         5.2094419637E+00
     4.170         5.2094400502E+00
     4.175         5.2094382014E+00
     4.180         5.2094364153E+00
     4.185         5.2094346909E+00
     4.190         5.2094330270E+00
     4.195         5.2094314226E+00
     4.200         5.2094298759E+00
     4.205         5.2094283860E+00
     4.210         5.2094269518E+00
     4.215         5.2094255723E+00
     4.220         5.2094242459E+00
     4.225         5.2094229718E+00
     4.230         5.2094217489E+00
     4.235         5.2094205760E+00
     4.240         5.2094194525E+00
     4.245         5.2094183768E+00
     4.250         5.2094173481E+00
     4.255         5.2094163655E+00
     4.260         5.2094154282E+00
     4.265         5.2094145349E+00
     4.270         5.2094136847E+00
     4.275         5.2094128769E+00
     4.280         5.2094121108E+00
     4.285         5.2094113849E+00
     4.290         5.2094106988E+00
     4.295         5.2094100515E+00
     4.300         5.2094094425E+00
     4.305         5.2094088705E+00
     4.310         5.2094083349E+00
     4.315         5.2094078350E+00
     4.320         5.2094073702E+00
     4.325         5.2094069393E+00
     4.330         5.2094065418E+00
     4.335         5.2094061771E+00
     4.340         5.2094058445E+00
     4.345         5.2094055431E+00
     4.350         5.2094052723E+00
     4.355         5.2094050315E+00
     4.360         5.2094048200E+00
     4.365         5.2094046373E+00
     4.370         5.2094044826E+00
     4.375         5.2094043553E+00
     4.380         5.2094042548E+00
     4.385         5.2094041808E+00
     4.390         5.2094041322E+00
     4.395         5.2094041088E+00
     4.400         5.2094041100E+00
     4.405         5.2094041353E+00
     4.410         5.2094041839E+00
     4.415         5.2094042555E+00
     4.420         5.2094043496E+00
     4.425         5.2094044657E+00
     4.430         5.2094046031E+00
     4.435         5.2094047615E+00
     4.440         5.2094049404E+00
     4.445         5.2094051395E+00
     4.450         5.2094053580E+00
     4.455         5.2094055957E+00
     4.460         5.2094058520E+00
     4.465         5.2094061267E+00
     4.470         5.2094064192E+00
     4.475         5.2094067291E+00
     4.480         5.2094070560E+00
     4.485         5.2094073995E+00
     4.490         5.2094077594E+00
     4.495         5.2094081351E+00
     4.500         5.2094085262E+00
     4.505         5.2094089325E+00
     4.510         5.2094093536E+00
     4.515         5.2094097891E+00
     4.520         5.2094102386E+00
     4.525         5.2094107019E+00
     4.530         5.2094111787E+00
     4.535         5.2094116685E+00
     4.540         5.2094121710E+00
     4.545         5.2094126860E+00
     4.550         5.2094132132E+00
     4.555         5.2094137522E+00
     4.560         5.2094143028E+00
     4.565         5.2094148646E+00
     4.570         5.2094154375E+00
     4.575         5.2094160210E+00
     4.580         5.2094166150E+00
     4.585         5.2094172192E+00
     4.590         5.2094178333E+00
     4.595         5.2094184571E+00
     4.600         5.2094190902E+00
     4.605         5.2094197326E+00
     4.610         5.2094203839E+00
     4.615         5.2094210439E+00
     4.620         5.2094217123E+00
     4.625         5.2094223890E+00
     4.630         5.2094230738E+00
     4.635         5.2094237663E+00
     4.640         5.2094244665E+00
     4.645         5.2094251740E+00
     4.650         5.2094258887E+00
     4.655         5.2094266104E+00
     4.660         5.2094273389E+00
     4.665         5.2094280740E+00
     4.670         5.2094288155E+00
     4.675         5.2094295633E+00
     4.680         5.2094303171E+00
     4.685         5.2094310768E+00
     4.690         5.2094318421E+00
     4.695         5.2094326131E+00
     4.700         5.2094333894E+00
     4.705         5.2094341709E+00
     4.710         5.2094349574E+00
     4.715         5.2094357489E+00
     4.720         5.2094365450E+00
     4.725         5.2094373458E+00
     4.730         5.2094381510E+00
     4.735         5.2094389606E+00
     4.740         5.2094397743E+00
     4.745         5.2094405920E+00
     4.750         5.2094414136E+00
     4.755         5.2094422389E+00
     4.760         5.2094430679E+00
     4.765         5.2094439004E+00
     4.770         5.2094447363E+00
     4.775         5.2094455755E+00
     4.780         5.2094464178E+00
     4.785         5.2094472631E+00
     4.790         5.2094481113E+00
     4.795         5.2094489624E+00
     4.800         5.2094498161E+00
     4.805         5.2094506724E+00
     4.810         5.2094515312E+00
     4.815         5.2094523924E+00
     4.820         5.2094532559E+00
     4.825         5.2094541215E+00
     4.830         5.2094549892E+00
     4.835         5.2094558589E+00
     4.840         5.2094567306E+00
     4.845         5.2094576040E+00
     4.850         5.2094584792E+00
     4.855         5.2094593560E+00
     4.860         5.2094602344E+00
     4.865         5.2094611142E+00
     4.870         5.2094619954E+00
     4.875         5.2094628779E+00
     4.880         5.2094637617E+00
     4.885         5.2094646467E+00
     4.890         5.2094655327E+00
     4.895         5.2094664197E+00
     4.900         5.2094673077E+00
     4.905         5.2094681965E+00
     4.910         5.2094690862E+00
     4.915         5.2094699766E+00
     4.920         5.2094708676E+00
     4.925         5.2094717593E+00
     4.930         5.2094726516E+00
     4.935         5.2094735443E+00
     4.940         5.2094744375E+00
     4.945         5.2094753310E+00
     4.950         5.2094762249E+00
     4.955         5.2094771190E+00
     4.960         5.2094780133E+00
     4.965         5.2094789078E+00
     4.970         5.2094798024E+00
     4.975         5.2094806970E+00
     4.980         5.2094815916E+00
     4.985         5.2094824862E+00
     4.990         5.2094833807E+00
     4.995         5.2094842751E+00
     5.000         5.2094851693E+00
     5.005         5.2094860632E+00
     5.010         5.2094869569E+00
     5.015         5.2094878503E+00
     5.020         5.2094887433E+00
     5.025         5.2094896359E+00
     5.030         5.2094905282E+00
     5.035         5.2094914199E+00
     5.040         5.2094923111E+00
     5.045         5.2094932018E+00
     5.050         5.2094940919E+00
     5.055         5.2094949814E+00
     5.060         5.2094958702E+00
     5.065         5.2094967584E+00
     5.070         5.2094976459E+00
     5.075         5.2094985326E+00
     5.080         5.2094994185E+00
     5.085         5.2095003036E+00
     5.090         5.2095011879E+00
     5.095         5.2095020714E+00
     5.100         5.2095029539E+00
     5.105         5.2095038355E+00
     5.110         5.2095047162E+00
     5.115         5.2095055960E+00
     5.120         5.2095064747E+00
     5.125         5.2095073524E+00
     5.130         5.2095082291E+00
     5.135         5.2095091047E+00
     5.140         5.2095099792E+00
     5.145         5.2095108526E+00
     5.150         5.2095117248E+00
     5.155         5.2095125960E+00
     5.160         5.2095134659E+00
     5.165         5.2095143347E+00
     5.170         5.2095152022E+00
     5.175         5.2095160685E+00
     5.180         5.2095169336E+00
     5.185         5.2095177974E+00
     5.190         5.2095186599E+00
     5.195         5.2095195211E+00
     5.200         5.2095203810E+00
     5.205         5.2095212396E+00
     5.210         5.2095220968E+00
     5.215         5.2095229527E+00
     5.220         5.2095238071E+00
     5.225         5.2095246602E+00
     5.230         5.2095255119E+00
     5.235         5.2095263622E+00
     5.240         5.2095272110E+00
     5.245         5.2095280584E+00
     5.250         5.2095289043E+00
     5.255         5.2095297488E+00
     5.260         5.2095305918E+00
     5.265         5.2095314333E+00
     5.270         5.2095322733E+00
     5.275         5.2095331118E+00
     5.280         5.2095339487E+00
     5.285         5.2095347842E+00
     5.290         5.2095356180E+00
     5.295         5.2095364504E+00
     5.300         5.2095372812E+00
     5.305         5.2095381104E+00
     5.310         5.2095389380E+00
     5.315         5.2095397641E+00
     5.320         5.2095405886E+00
     5.325         5.2095414115E+00
     5.330         5.2095422327E+00
     5.335         5.2095430524E+00
     5.340         5.2095438704E+00
     5.345         5.2095446869E+00
     5.350         5.2095455016E+00
     5.355         5.2095463148E+00
     5.360         5.2095471263E+00
     5.365         5.2095479362E+00
     5.370         5.2095487444E+00
     5.375         5.2095495510E+00
     5.380         5.2095503559E+00
     5.385         5.2095511591E+00
     5.390         5.2095519607E+00
     5.395         5.2095527606E+00
     5.400         5.2095535588E+00
     5.405         5.2095543553E+00
     5.410         5.2095551502E+00
     5.415         5.2095559433E+00
     5.420         5.2095567348E+00
     5.425         5.2095575246E+00
     5.430         5.2095583127E+00
     5.435         5.2095590991E+00
     5.440         5.2095598838E+00
     5.445         5.2095606668E+00
     5.450         5.2095614480E+00
     5.455         5.2095622276E+00
     5.460         5.2095630055E+00
     5.465         5.2095637817E+00
     5.470         5.2095645561E+00
     5.475         5.2095653288E+00
     5.480         5.2095660999E+00
     5.485         5.2095668692E+00
     5.490         5.2095676368E+00
     5.495         5.2095684026E+00
     5.500         5.2095691668E+00
     5.505         5.2095699293E+00
     5.510         5.2095706900E+00
     5.515         5.2095714490E+00
     5.520         5.2095722063E+00
     5.525         5.2095729619E+00
     5.530         5.2095737157E+00
     5.535         5.2095744679E+00
     5.540         5.2095752183E+00
     5.545         5.2095759670E+00
     5.550         5.2095767140E+00
     5.555         5.2095774593E+00
     5.560         5.2095782029E+00
     5.565         5.2095789447E+00
     5.570         5.2095796849E+00
     5.575         5.2095804233E+00
     5.580         5.2095811600E+00
     5.585         5.2095818950E+00
     5.590         5.2095826283E+00
     5.595         5.2095833599E+00
     5.600         5.2095840898E+00
     5.605         5.2095848180E+00
     5.610         5.2095855445E+00
     5.615         5.2095862692E+00
     5.620         5.2095869923E+00
     5.625         5.2095877137E+00
     5.630         5.2095884334E+00
     5.635         5.2095891514E+00
     5.640         5.2095898677E+00
     5.645         5.2095905823E+00
     5.650         5.2095912953E+00
     5.655         5.2095920065E+00
     5.660         5.2095927161E+00
     5.665         5.2095934240E+00
     5.670         5.2095941302E+00
     5.675         5.2095948347E+00
     5.680         5.2095955376E+00
     5.685         5.2095962388E+00
     5.690         5.2095969383E+00
     5.695         5.2095976362E+00
     5.700         5.2095983324E+00
     5.705         5.2095990269E+00
     5.710         5.2095997198E+00
     5.715         5.2096004110E+00
     5.720         5.2096011006E+00
     5.725         5.2096017885E+00
     5.730         5.2096024748E+00
     5.735         5.2096031594E+00
     5.740         5.2096038424E+00
     5.745         5.2096045238E+00
     5.750         5.2096052035E+00
     5.755         5.2096058816E+00
     5.760         5.2096065581E+00
     5.765         5.2096072329E+00
     5.770         5.2096079061E+00
     5.775         5.2096085777E+00
     5.780         5.2096092477E+00
     5.785         5.2096099161E+00
     5.790         5.2096105829E+00
     5.795         5.2096112480E+00
     5.800         5.2096119116E+00
     5.805         5.2096125736E+00
     5.810         5.2096132339E+00
     5.815         5.2096138927E+00
     5.820         5.2096145499E+00
     5.825         5.2096152055E+00
     5.830         5.2096158596E+00
     5.835         5.2096165120E+00
     5.840         5.2096171629E+00
     5.845         5.2096178122E+00
     5.850         5.2096184599E+00
     5.855         5.2096191061E+00
     5.860         5.2096197507E+00
     5.865         5.2096203938E+00
     5.870         5.2096210353E+00
     5.875         5.2096216753E+00
     5.880         5.2096223137E+00
     5.885         5.2096229506E+00
     5.890         5.2096235859E+00
     5.895         5.2096242197E+00
     5.900         5.2096248520E+00
     5.905         5.2096254828E+00
     5.910         5.2096261120E+00
     5.915         5.2096267397E+00
     5.920         5.2096273659E+00
     5.925         5.2096279906E+00
     5.930         5.2096286137E+00
     5.935         5.2096292354E+00
     5.940         5.2096298556E+00
     5.945         5.2096304743E+00
     5.950         5.2096310914E+00
     5.955         5.2096317071E+00
     5.960         5.2096323213E+00
     5.965         5.2096329341E+00
     5.970         5.2096335453E+00
     5.975         5.2096341551E+00
     5.980         5.2096347634E+00
     5.985         5.2096353703E+00
     5.990         5.2096359756E+00
     5.995         5.2096365796E+00
     6.000         5.2096371820E+00
     6.005         5.2096377831E+00
     6.010         5.2096383826E+00
     6.015         5.2096389808E+00
     6.020         5.2096395774E+00
     6.025         5.2096401727E+00
     6.030         5.2096407665E+00
     6.035         5.2096413589E+00
     6.040         5.2096419499E+00
     6.045         5.2096425395E+00
     6.050         5.2096431276E+00
     6.055         5.2096437143E+00
     6.060         5.2096442996E+00
     6.065         5.2096448836E+00
     6.070         5.2096454661E+00
     6.075         5.2096460472E+00
     6.080         5.2096466269E+00
     6.085         5.2096472053E+00
     6.090         5.2096477822E+00
     6.095         5.2096483578E+00
     6.100         5.2096489320E+00
     6.105         5.2096495048E+00
     6.110         5.2096500763E+00
     6.115         5.2096506463E+00
     6.120         5.2096512151E+00
     6.125         5.2096517824E+00
     6.130         5.2096523484E+00
     6.135         5.2096529131E+00
     6.140         5.2096534764E+00
     6.145         5.2096540384E+00
     6.150         5.2096545990E+00
     6.155         5.2096551583E+00
     6.160         5.2096557163E+00
     6.165         5.2096562729E+00
     6.170         5.2096568282E+00
     6.175         5.2096573822E+00
     6.180         5.2096579349E+00
     6.185         5.2096584863E+00
     6.190         5.2096590363E+00
     6.195         5.2096595851E+00
     6.200         5.2096601325E+00
     6.205         5.2096606787E+00
     6.210         5.2096612236E+00
     6.215         5.2096617671E+00
     6.220         5.2096623094E+00
     6.225         5.2096628504E+00
     6.230         5.2096633901E+00
     6.235         5.2096639286E+00
     6.240         5.2096644657E+00
     6.245         5.2096650016E+00
     6.250         5.2096655363E+00
     6.255         5.2096660697E+00
     6.260         5.2096666018E+00
     6.265         5.2096671327E+00
     6.270         5.2096676623E+00
     6.275         5.2096681906E+00
     6.280         5.2096687178E+00
     6.285         5.2096692437E+00
     6.290         5.2096697683E+00
     6.295         5.2096702917E+00
     6.300         5.2096708139E+00
     6.305         5.2096713349E+00
     6.310         5.2096718547E+00
     6.315         5.2096723732E+00
     6.320         5.2096728905E+00
     6.325         5.2096734066E+00
     6.330         5.2096739215E+00
     6.335         5.2096744352E+00
     6.340         5.2096749477E+00
     6.345         5.2096754590E+00
     6.350         5.2096759691E+00
     6.355         5.2096764780E+00
     6.360         5.2096769858E+00
     6.365         5.2096774923E+00
     6.370         5.2096779977E+00
     6.375         5.2096785019E+00
     6.380         5.2096790049E+00
     6.385         5.2096795068E+00
     6.390         5.2096800074E+00
     6.395         5.2096805070E+00
     6.400         5.2096810053E+00
     6.405         5.2096815026E+00
     6.410         5.2096819986E+00
     6.415         5.2096824935E+00
     6.420         5.2096829873E+00
     6.425         5.2096834799E+00
     6.430         5.2096839714E+00
     6.435         5.2096844618E+00
     6.440         5.2096849510E+00
     6.445         5.2096854391E+00
     6.450         5.2096859261E+00
     6.455         5.2096864119E+00
     6.460         5.2096868967E+00
     6.465         5.2096873803E+00
     6.470         5.2096878628E+00
     6.475         5.2096883442E+00
     6.480         5.2096888245E+00
     6.485         5.2096893036E+00
     6.490         5.2096897817E+00
     6.495         5.2096902587E+00
     6.500         5.2096907346E+00
     6.505         5.2096912095E+00
     6.510         5.2096916832E+00
     6.515         5.2096921558E+00
     6.520         5.2096926274E+00
     6.525         5.2096930979E+00
     6.530         5.2096935673E+00
     6.535         5.2096940356E+00
     6.540         5.2096945029E+00
     6.545         5.2096949691E+00
     6.550         5.2096954343E+00
     6.555         5.2096958984E+00
     6.560         5.2096963614E+00
     6.565         5.2096968234E+00
     6.570         5.2096972844E+00
     6.575         5.2096977443E+00
     6.580         5.2096982031E+00
     6.585         5.2096986610E+00
     6.590         5.2096991177E+00
     6.595         5.2096995735E+00
     6.600         5.2097000282E+00
     6.605         5.2097004819E+00
     6.610         5.2097009346E+00
     6.615         5.2097013862E+00
     6.620         5.2097018369E+00
     6.625         5.2097022865E+00
     6.630         5.2097027351E+00
     6.635         5.2097031827E+00
     6.640         5.2097036293E+00
     6.645         5.2097040748E+00
     6.650         5.2097045194E+00
     6.655         5.2097049630E+00
     6.660         5.2097054056E+00
     6.665         5.2097058472E+00
     6.670         5.2097062878E+00
     6.675         5.2097067275E+00
     6.680         5.2097071661E+00
     6.685         5.2097076038E+00
     6.690         5.2097080405E+00
     6.695         5.2097084762E+00
     6.700         5.2097089109E+00
     6.705         5.2097093447E+00
     6.710         5.2097097775E+00
     6.715         5.2097102094E+00
     6.720         5.2097106402E+00
     6.725         5.2097110702E+00
     6.730         5.2097114991E+00
     6.735         5.2097119272E+00
     6.740         5.2097123542E+00
     6.745         5.2097127804E+00
     6.750         5.2097132056E+00
     6.755         5.2097136298E+00
     6.760         5.2097140531E+00
     6.765         5.2097144755E+00
     6.770         5.2097148969E+00
     6.775         5.2097153174E+00
     6.780         5.2097157370E+00
     6.785         5.2097161557E+00
     6.790         5.2097165734E+00
     6.795         5.2097169902E+00
     6.800         5.2097174061E+00
     6.805         5.2097178211E+00
     6.810         5.2097182352E+00
     6.815         5.2097186483E+00
     6.820         5.2097190606E+00
     6.825         5.2097194719E+00
     6.830         5.2097198824E+00
     6.835         5.2097202920E+00
     6.840         5.2097207006E+00
     6.845         5.2097211084E+00
     6.850         5.2097215153E+00
     6.855         5.2097219213E+00
     6.860         5.2097223264E+00
     6.865         5.2097227306E+00
     6.870         5.2097231339E+00
     6.875         5.2097235364E+00
     6.880         5.2097239380E+00
     6.885         5.2097243387E+00
     6.890         5.2097247385E+00
     6.895         5.2097251375E+00
     6.900         5.2097255356E+00
     6.905         5.2097259329E+00
     6.910         5.2097263293E+00
     6.915         5.2097267248E+00
     6.920         5.2097271195E+00
     6.925         5.2097275133E+00
     6.930         5.2097279063E+00
     6.935         5.2097282984E+00
     6.940         5.2097286897E+00
     6.945         5.2097290801E+00
     6.950         5.2097294697E+00
     6.955         5.2097298585E+00
     6.960         5.2097302464E+00
     6.965         5.2097306335E+00
     6.970         5.2097310197E+00
     6.975         5.2097314051E+00
     6.980         5.2097317897E+00
     6.985         5.2097321735E+00
     6.990         5.2097325565E+00
     6.995         5.2097329386E+00
     7.000         5.2097333199E+00
     7.005         5.2097337004E+00
     7.010         5.2097340801E+00
     7.015         5.2097344590E+00
     7.020         5.2097348371E+00
     7.025         5.2097352143E+00
     7.030         5.2097355908E+00
     7.035         5.2097359664E+00
     7.040         5.2097363413E+00
     7.045         5.2097367154E+00
     7.050         5.2097370886E+00
     7.055         5.2097374611E+00
     7.060         5.2097378328E+00
     7.065         5.2097382037E+00
     7.070         5.2097385738E+00
     7.075         5.2097389431E+00
     7.080         5.2097393117E+00
     7.085         5.2097396794E+00
     7.090         5.2097400464E+00
     7.095         5.2097404126E+00
     7.100         5.2097407781E+00
     7.105         5.2097411428E+00
     7.110         5.2097415067E+00
     7.115         5.2097418698E+00
     7.120         5.2097422322E+00
     7.125         5.2097425938E+00
     7.130         5.2097429546E+00
     7.135         5.2097433147E+00
     7.140         5.2097436741E+00
     7.145         5.2097440327E+00
     7.150         5.2097443905E+00
     7.155         5.2097447476E+00
     7.160         5.2097451039E+00
     7.165         5.2097454595E+00
     7.170         5.2097458144E+00
     7.175         5.2097461685E+00
     7.180         5.2097465218E+00
     7.185         5.2097468745E+00
     7.190         5.2097472264E+00
     7.195         5.2097475775E+00
     7.200         5.2097479280E+00
     7.205         5.2097482777E+00
     7.210         5.2097486267E+00
     7.215         5.2097489749E+00
     7.220         5.2097493224E+00
     7.225         5.2097496693E+00
     7.230         5.2097500154E+00
     7.235         5.2097503607E+00
     7.240         5.2097507054E+00
     7.245         5.2097510493E+00
     7.250         5.2097513926E+00
     7.255         5.2097517351E+00
     7.260         5.2097520769E+00
     7.265         5.2097524180E+00
     7.270         5.2097527585E+00
     7.275         5.2097530982E+00
     7.280         5.2097534372E+00
     7.285         5.2097537755E+00
     7.290         5.2097541131E+00
     7.295         5.2097544500E+00
     7.300         5.2097547863E+00
     7.305         5.2097551218E+00
     7.310         5.2097554567E+00
     7.315         5.2097557908E+00
     7.320         5.2097561243E+00
     7.325         5.2097564571E+00
     7.330         5.2097567893E+00
     7.335         5.2097571207E+00
     7.340         5.2097574515E+00
     7.345         5.2097577816E+00
     7.350         5.2097581110E+00
     7.355         5.2097584397E+00
     7.360         5.2097587678E+00
     7.365         5.2097590952E+00
     7.370         5.2097594220E+00
     7.375         5.2097597480E+00
     7.380         5.2097600735E+00
     7.385         5.2097603982E+00
     7.390         5.2097607223E+00
     7.395         5.2097610458E+00
     7.400         5.2097613686E+00
     7.405         5.2097616907E+00
     7.410         5.2097620122E+00
     7.415         5.2097623330E+00
     7.420         5.2097626532E+00
     7.425         5.2097629727E+00
     7.430         5.2097632916E+00
     7.435         5.2097636099E+00
     7.440         5.2097639275E+00
     7.445         5.2097642445E+00
     7.450         5.2097645608E+00
     7.455         5.2097648765E+00
     7.460         5.2097651916E+00
     7.465         5.2097655060E+00
     7.470         5.2097658198E+00
     7.475         5.2097661329E+00
     7.480         5.2097664455E+00
     7.485         5.2097667574E+00
     7.490         5.2097670687E+00
     7.495         5.2097673794E+00
     7.500         5.2097676894E+00
     7.505         5.2097679988E+00
     7.510         5.2097683077E+00
     7.515         5.2097686158E+00
     7.520         5.2097689234E+00
     7.525         5.2097692304E+00
     7.530         5.2097695368E+00
     7.535         5.2097698425E+00
     7.540         5.2097701476E+00
     7.545         5.2097704522E+00
     7.550         5.2097707561E+00
     7.555         5.2097710594E+00
     7.560         5.2097713622E+00
     7.565         5.2097716643E+00
     7.570         5.2097719658E+00
     7.575         5.2097722667E+00
     7.580         5.2097725671E+00
     7.585         5.2097728668E+00
     7.590         5.2097731660E+00
     7.595         5.2097734645E+00
     7.600         5.2097737625E+00
     7.605         5.2097740599E+00
     7.610         5.2097743567E+00
     7.615         5.2097746529E+00
     7.620         5.2097749485E+00
     7.625         5.2097752435E+00
     7.630         5.2097755380E+00
     7.635         5.2097758319E+00
     7.640         5.2097761252E+00
     7.645         5.2097764179E+00
     7.650         5.2097767101E+00
     7.655         5.2097770017E+00
     7.660         5.2097772927E+00
     7.665         5.2097775832E+00
     7.670         5.2097778731E+00
     7.675         5.2097781624E+00
     7.680         5.2097784511E+00
     7.685         5.2097787393E+00
     7.690         5.2097790269E+00
     7.695         5.2097793140E+00
     7.700         5.2097796005E+00
     7.705         5.2097798865E+00
     7.710         5.2097801719E+00
     7.715         5.2097804567E+00
     7.720         5.2097807410E+00
     7.725         5.2097810247E+00
     7.730         5.2097813079E+00
     7.735         5.2097815905E+00
     7.740         5.2097818726E+00
     7.745         5.2097821542E+00
     7.750         5.2097824352E+00
     7.755         5.2097827156E+00
     7.760         5.2097829955E+00
     7.765         5.2097832749E+00
     7.770         5.2097835537E+00
     7.775         5.2097838320E+00
     7.780         5.2097841098E+00
     7.785         5.2097843870E+00
     7.790         5.2097846637E+00
     7.795         5.2097849399E+00
     7.800         5.2097852155E+00
     7.805         5.2097854906E+00
     7.810         5.2097857652E+00
     7.815         5.2097860392E+00
     7.820         5.2097863127E+00
     7.825         5.2097865857E+00
     7.830         5.2097868582E+00
     7.835         5.2097871301E+00
     7.840         5.2097874016E+00
     7.845         5.2097876725E+00
     7.850         5.2097879429E+00
     7.855         5.2097882127E+00
     7.860         5.2097884821E+00
     7.865         5.2097887509E+00
     7.870         5.2097890193E+00
     7.875         5.2097892871E+00
     7.880         5.2097895544E+00
     7.885         5.2097898212E+00
     7.890         5.2097900875E+00
     7.895         5.2097903533E+00
     7.900         5.2097906186E+00
     7.905         5.2097908834E+00
     7.910         5.2097911477E+00
     7.915         5.2097914115E+00
     7.920         5.2097916747E+00
     7.925         5.2097919375E+00
     7.930         5.2097921998E+00
     7.935         5.2097924616E+00
     7.940         5.2097927229E+00
     7.945         5.2097929837E+00
     7.950         5.2097932440E+00
     7.955         5.2097935039E+00
     7.960         5.2097937632E+00
     7.965         5.2097940220E+00
     7.970         5.2097942804E+00
     7.975         5.2097945383E+00
     7.980         5.2097947957E+00
     7.985         5.2097950526E+00
     7.990         5.2097953090E+00
     7.995         5.2097955649E+00
     8.000         5.2097958204E+00
     8.005         5.2097960754E+00
     8.010         5.2097963299E+00
     8.015         5.2097965839E+00
     8.020         5.2097968375E+00
     8.025         5.2097970905E+00
     8.030         5.2097973432E+00
     8.035         5.2097975953E+00
     8.040         5.2097978470E+00
     8.045         5.2097980982E+00
     8.050         5.2097983489E+00
     8.055         5.2097985992E+00
     8.060         5.2097988490E+00
     8.065         5.2097990983E+00
     8.070         5.2097993472E+00
     8.075         5.2097995956E+00
     8.080         5.2097998435E+00
     8.085         5.2098000910E+00
     8.090         5.2098003380E+00
     8.095         5.2098005846E+00
     8.100         5.2098008307E+00
     8.105         5.2098010764E+00
     8.110         5.2098013216E+00
     8.115         5.2098015663E+00
     8.120         5.2098018106E+00
     8.125         5.2098020545E+00
     8.130         5.2098022979E+00
     8.135         5.2098025408E+00
     8.140         5.2098027833E+00
     8.145         5.2098030254E+00
     8.150         5.2098032670E+00
     8.155         5.2098035082E+00
     8.160         5.2098037489E+00
     8.165         5.2098039892E+00
     8.170         5.2098042290E+00
     8.175         5.2098044684E+00
     8.180         5.2098047074E+00
     8.185         5.2098049459E+00
     8.190         5.2098051840E+00
     8.195         5.2098054217E+00
     8.200         5.2098056589E+00
     8.205         5.2098058957E+00
     8.210         5.2098061320E+00
     8.215         5.2098063679E+00
     8.220         5.2098066034E+00
     8.225         5.2098068385E+00
     8.230         5.2098070731E+00
     8.235         5.2098073073E+00
     8.240         5.2098075411E+00
     8.245         5.2098077744E+00
     8.250         5.2098080074E+00
     8.255         5.2098082399E+00
     8.260         5.2098084720E+00
     8.265         5.2098087036E+00
     8.270         5.2098089349E+00
     8.275         5.2098091657E+00
     8.280         5.2098093961E+00
     8.285         5.2098096261E+00
     8.290         5.2098098557E+00
     8.295         5.2098100848E+00
     8.300         5.2098103136E+00
     8.305         5.2098105419E+00
     8.310         5.2098107698E+00
     8.315         5.2098109973E+00
     8.320         5.2098112244E+00
     8.325         5.2098114511E+00
     8.330         5.2098116774E+00
     8.335         5.2098119033E+00
     8.340         5.2098121287E+00
     8.345         5.2098123538E+00
     8.350         5.2098125785E+00
     8.355         5.2098128027E+00
     8.360         5.2098130266E+00
     8.365         5.2098132500E+00
     8.370         5.2098134731E+00
     8.375         5.2098136957E+00
     8.380         5.2098139180E+00
     8.385         5.2098141398E+00
     8.390         5.2098143613E+00
     8.395         5.2098145824E+00
     8.400         5.2098148030E+00
     8.405         5.2098150233E+00
     8.410         5.2098152432E+00
     8.415         5.2098154627E+00
     8.420         5.2098156818E+00
     8.425         5.2098159005E+00
     8.430         5.2098161188E+00
     8.435         5.2098163367E+00
     8.440         5.2098165543E+00
     8.445         5.2098167714E+00
     8.450         5.2098169882E+00
     8.455         5.2098172046E+00
     8.460         5.2098174206E+00
     8.465         5.2098176362E+00
     8.470         5.2098178515E+00
     8.475         5.2098180663E+00
     8.480         5.2098182808E+00
     8.485         5.2098184949E+00
     8.490         5.2098187086E+00
     8.495         5.2098189220E+00
     8.500         5.2098191350E+00
     8.505         5.2098193476E+00
     8.510         5.2098195598E+00
     8.515         5.2098197716E+00
     8.520         5.2098199831E+00
     8.525         5.2098201942E+00
     8.530         5.2098204049E+00
     8.535         5.2098206153E+00
     8.540         5.2098208253E+00
     8.545         5.2098210349E+00
     8.550         5.2098212442E+00
     8.555         5.2098214530E+00
     8.560         5.2098216616E+00
     8.565         5.2098218697E+00
     8.570         5.2098220775E+00
     8.575         5.2098222849E+00
     8.580         5.2098224920E+00
     8.585         5.2098226987E+00
     8.590         5.2098229051E+00
     8.595         5.2098231110E+00
     8.600         5.2098233167E+00
     8.605         5.2098235219E+00
     8.610         5.2098237268E+00
     8.615         5.2098239314E+00
     8.620         5.2098241356E+00
     8.625         5.2098243394E+00
     8.630         5.2098245429E+00
     8.635         5.2098247461E+00
     8.640         5.2098249488E+00
     8.645         5.2098251513E+00
     8.650         5.2098253533E+00
     8.655         5.2098255551E+00
     8.660         5.2098257565E+00
     8.665         5.2098259575E+00
     8.670         5.2098261582E+00
     8.675         5.2098263585E+00
     8.680         5.2098265585E+00
     8.685         5.2098267581E+00
     8.690         5.2098269574E+00
     8.695         5.2098271564E+00
     8.700         5.2098273550E+00
     8.705         5.2098275533E+00
     8.710         5.2098277512E+00
     8.715         5.2098279488E+00
     8.720         5.2098281460E+00
     8.725         5.2098283430E+00
     8.730         5.2098285395E+00
     8.735         5.2098287358E+00
     8.740         5.2098289317E+00
     8.745         5.2098291272E+00
     8.750         5.2098293225E+00
     8.755         5.2098295173E+00
     8.760         5.2098297119E+00
     8.765         5.2098299061E+00
     8.770         5.2098301000E+00
     8.775         5.2098302936E+00
     8.780         5.2098304868E+00
     8.785         5.2098306797E+00
     8.790         5.2098308723E+00
     8.795         5.2098310645E+00
     8.800         5.2098312565E+00
     8.805         5.2098314481E+00
     8.810         5.2098316393E+00
     8.815         5.2098318303E+00
     8.820         5.2098320209E+00
     8.825         5.2098322112E+00
     8.830         5.2098324011E+00
     8.835         5.2098325908E+00
     8.840         5.2098327801E+00
     8.845         5.2098329691E+00
     8.850         5.2098331578E+00
     8.855         5.2098333461E+00
     8.860         5.2098335342E+00
     8.865         5.2098337219E+00
     8.870         5.2098339093E+00
     8.875         5.2098340964E+00
     8.880         5.2098342832E+00
     8.885         5.2098344696E+00
     8.890         5.2098346558E+00
     8.895         5.2098348416E+00
     8.900         5.2098350271E+00
     8.905         5.2098352124E+00
     8.910         5.2098353972E+00
     8.915         5.2098355818E+00
     8.920         5.2098357661E+00
     8.925         5.2098359501E+00
     8.930         5.2098361337E+00
     8.935         5.2098363171E+00
     8.940         5.2098365001E+00
     8.945         5.2098366828E+00
     8.950         5.2098368653E+00
     8.955         5.2098370474E+00
     8.960         5.2098372292E+00
     8.965         5.2098374107E+00
     8.970         5.2098375919E+00
     8.975         5.2098377728E+00
     8.980         5.2098379534E+00
     8.985         5.2098381337E+00
     8.990         5.2098383137E+00
     8.995         5.2098384934E+00
     9.000         5.2098386728E+00
     9.005         5.2098388519E+00
     9.010         5.2098390307E+00
     9.015         5.2098392093E+00
     9.020         5.2098393875E+00
     9.025         5.2098395654E+00
     9.030         5.2098397430E+00
     9.035         5.2098399203E+00
     9.040         5.2098400974E+00
     9.045         5.2098402741E+00
     9.050         5.2098404505E+00
     9.055         5.2098406267E+00
     9.060         5.2098408025E+00
     9.065         5.2098409781E+00
     9.070         5.2098411534E+00
     9.075         5.2098413284E+00
     9.080         5.2098415031E+00
     9.085         5.2098416775E+00
     9.090         5.2098418516E+00
     9.095         5.2098420255E+00
     9.100         5.2098421990E+00
     9.105         5.2098423723E+00
     9.110         5.2098425453E+00
     9.115         5.2098427180E+00
     9.120         5.2098428904E+00
     9.125         5.2098430625E+00
     9.130         5.2098432343E+00
     9.135         5.2098434059E+00
     9.140         5.2098435772E+00
     9.145         5.2098437482E+00
     9.150         5.2098439189E+00
     9.155         5.2098440893E+00
     9.160         5.2098442595E+00
     9.165         5.2098444294E+00
     9.170         5.2098445990E+00
     9.175         5.2098447683E+00
     9.180         5.2098449374E+00
     9.185         5.2098451061E+00
     9.190         5.2098452746E+00
     9.195         5.2098454429E+00
     9.200         5.2098456108E+00
     9.205         5.2098457785E+00
     9.210         5.2098459459E+00
     9.215         5.2098461130E+00
     9.220         5.2098462799E+00
     9.225         5.2098464465E+00
     9.230         5.2098466128E+00
     9.235         5.2098467789E+00
     9.240         5.2098469446E+00
     9.245         5.2098471101E+00
     9.250         5.2098472754E+00
     9.255         5.2098474404E+00
     9.260         5.2098476051E+00
     9.265         5.2098477695E+00
     9.270         5.2098479337E+00
     9.275         5.2098480976E+00
     9.280         5.2098482612E+00
     9.285         5.2098484246E+00
     9.290         5.2098485877E+00
     9.295         5.2098487506E+00
     9.300         5.2098489132E+00
     9.305         5.2098490755E+00
     9.310         5.2098492376E+00
     9.315         5.2098493994E+00
     9.320         5.2098495609E+00
     9.325         5.2098497222E+00
     9.330         5.2098498832E+00
     9.335         5.2098500440E+00
     9.340         5.2098502045E+00
     9.345         5.2098503648E+00
     9.350         5.2098505248E+00
     9.355         5.2098506845E+00
     9.360         5.2098508440E+00
     9.365         5.2098510032E+00
     9.370         5.2098511622E+00
     9.375         5.2098513209E+00
     9.380         5.2098514794E+00
     9.385         5.2098516376E+00
     9.390         5.2098517955E+00
     9.395         5.2098519532E+00
     9.400         5.2098521107E+00
     9.405         5.2098522679E+00
     9.410         5.2098524248E+00
     9.415         5.2098525815E+00
     9.420         5.2098527380E+00
     9.425         5.2098528942E+00
     9.430         5.2098530502E+00
     9.435         5.2098532059E+00
     9.440         5.2098533613E+00
     9.445         5.2098535165E+00
     9.450         5.2098536715E+00
     9.455         5.2098538262E+00
     9.460         5.2098539807E+00
     9.465         5.2098541349E+00
     9.470         5.2098542889E+00
     9.475         5.2098544427E+00
     9.480         5.2098545962E+00
     9.485         5.2098547494E+00
     9.490         5.2098549024E+00
     9.495         5.2098550552E+00
     9.500         5.2098552078E+00
     9.505         5.2098553600E+00
     9.510         5.2098555121E+00
     9.515         5.2098556639E+00
     9.520         5.2098558155E+00
     9.525         5.2098559668E+00
     9.530         5.2098561179E+00
     9.535         5.2098562688E+00
     9.540         5.2098564194E+00
     9.545         5.2098565698E+00
     9.550         5.2098567199E+00
     9.555         5.2098568699E+00
     9.560         5.2098570195E+00
     9.565         5.2098571690E+00
     9.570         5.2098573182E+00
     9.575         5.2098574672E+00
     9.580         5.2098576159E+00
     9.585         5.2098577644E+00
     9.590         5.2098579127E+00
     9.595         5.2098580607E+00
     9.600         5.2098582086E+00
     9.605         5.2098583561E+00
     9.610         5.2098585035E+00
     9.615         5.2098586506E+00
     9.620         5.2098587975E+00
     9.625         5.2098589442E+00
     9.630         5.2098590906E+00
     9.635         5.2098592368E+00
     9.640         5.2098593828E+00
     9.645         5.2098595286E+00
     9.650         5.2098596741E+00
     9.655         5.2098598194E+00
     9.660         5.2098599645E+00
     9.665         5.2098601093E+00
     9.670         5.2098602539E+00
     9.675         5.2098603983E+00
     9.680         5.2098605425E+00
     9.685         5.2098606865E+00
     9.690         5.2098608302E+00
     9.695         5.2098609737E+00
     9.700         5.2098611170E+00
     9.705         5.2098612601E+00
     9.710         5.2098614029E+00
     9.715         5.2098615456E+00
     9.720         5.2098616880E+00
     9.725         5.2098618301E+00
     9.730         5.2098619721E+00
     9.735         5.2098621139E+00
     9.740         5.2098622554E+00
     9.745         5.2098623967E+00
     9.750         5.2098625378E+00
     9.755         5.2098626787E+00
     9.760         5.2098628193E+00
     9.765         5.2098629598E+00
     9.770         5.2098631000E+00
     9.775         5.2098632400E+00
     9.780         5.2098633798E+00
     9.785         5.2098635194E+00
     9.790         5.2098636588E+00
     9.795         5.2098637980E+00
     9.800         5.2098639369E+00
     9.805         5.2098640756E+00
     9.810         5.2098642142E+00
     9.815         5.2098643525E+00
     9.820         5.2098644906E+00
     9.825         5.2098646285E+00
     9.830         5.2098647661E+00
     9.835         5.2098649036E+00
     9.840         5.2098650409E+00
     9.845         5.2098651779E+00
     9.850         5.2098653147E+00
     9.855         5.2098654514E+00
     9.860         5.2098655878E+00
     9.865         5.2098657240E+00
     9.870         5.2098658600E+00
     9.875         5.2098659958E+00
     9.880         5.2098661314E+00
     9.885         5.2098662668E+00
     9.890         5.2098664020E+00
     9.895         5.2098665370E+00
     9.900         5.2098666718E+00
     9.905         5.2098668063E+00
     9.910         5.2098669407E+00
     9.915         5.2098670749E+00
     9.920         5.2098672088E+00
     9.925         5.2098673426E+00
     9.930         5.2098674762E+00
     9.935         5.2098676095E+00
     9.940         5.2098677427E+00
     9.945         5.2098678756E+00
     9.950         5.2098680084E+00
     9.955         5.2098681409E+00
     9.960         5.2098682733E+00
     9.965         5.2098684055E+00
     9.970         5.2098685374E+00
     9.975         5.2098686692E+00
     9.980         5.2098688007E+00
     9.985         5.2098689321E+00
     9.990         5.2098690633E+00
     9.995         5.2098691942E+00
