   0.00500   1.73852577510236406510558E+03
   0.01000   1.70551328897504865267365E+03
   0.01500   1.67312955397084689934672E+03
   0.02000   1.64136259498514854726636E+03
   0.02500   1.61020065924075245789027E+03
   0.03000   1.57963224068762568208513E+03
   0.03500   1.54964601272256155084506E+03
   0.04000   1.52023090915569164849330E+03
   0.04500   1.49137604137115414459913E+03
   0.05000   1.46307071831277789897285E+03
   0.05500   1.43530451520563426015542E+03
   0.06000   1.40806714316259902375350E+03
   0.06500   1.38134853014417572580896E+03
   0.07000   1.35513877660084196463686E+03
   0.07500   1.32942824852259332146787E+03
   0.08000   1.30420736183778691952284E+03
   0.08500   1.27946682884534030222312E+03
   0.09000   1.25519753660947634443801E+03
   0.09500   1.23139043830568792259328E+03
   0.10000   1.20803676686660551808927E+03
   0.10500   1.18512792019347682526131E+03
   0.11000   1.16265535859286964637249E+03
   0.11500   1.14061083898045475848448E+03
   0.12000   1.11898614385658942182999E+03
   0.12500   1.09777330983335522773814E+03
   0.13000   1.07696452336873369404202E+03
   0.13500   1.05655205773077079811628E+03
   0.14000   1.03652830555285603963966E+03
   0.14500   1.01688598166722417204255E+03
   0.15000   9.97617762348097741664787E+02
   0.15500   9.78716466669326337068924E+02
   0.16000   9.60175217842345304575247E+02
   0.16500   9.41987102681995253306013E+02
   0.17000   9.24145342797932073608536E+02
   0.17500   9.06643446888584193743554E+02
   0.18000   8.89474889296042064756875E+02
   0.18500   8.72633271601119162141913E+02
   0.19000   8.56112466380280920930090E+02
   0.19500   8.39906313779542628594754E+02
   0.20000   8.24008774051116162695507E+02
   0.20500   8.08414063251865130155238E+02
   0.21000   7.93116366826132406231409E+02
   0.21500   7.78110027885552852922046E+02
   0.22000   7.63389453831768506120170E+02
   0.22500   7.48949288932715631972314E+02
   0.23000   7.34784149110190483611404E+02
   0.23500   7.20888755265938286242999E+02
   0.24000   7.07258051890161794972300E+02
   0.24500   6.93886956715902073256075E+02
   0.25000   6.80770486571366959083207E+02
   0.25500   6.67903869339690416495614E+02
   0.26000   6.55282307646751249308181E+02
   0.26500   6.42901134203861005289582E+02
   0.27000   6.30755770614766632320425E+02
   0.27500   6.18841655349902993066280E+02
   0.28000   6.07154524756019171150001E+02
   0.28500   5.95689985386573752634831E+02
   0.29000   5.84443797804623699221338E+02
   0.29500   5.73411803316865714919004E+02
   0.30000   5.62589922435805362965766E+02
   0.30500   5.51974090702669911934208E+02
   0.31000   5.41560509075358837094427E+02
   0.31500   5.31345262862082108767936E+02
   0.32000   5.21324574598191489371857E+02
   0.32500   5.11494738764027488286956E+02
   0.33000   5.01852120414666757142186E+02
   0.33500   4.92393153835767130033219E+02
   0.34000   4.83114286448981431476568E+02
   0.34500   4.74012197665896579223954E+02
   0.35000   4.65083465813402952448996E+02
   0.35500   4.56324789163062042973706E+02
   0.36000   4.47732928870628541062615E+02
   0.36500   4.39304707778367685477861E+02
   0.37000   4.31036960433107871892844E+02
   0.37500   4.22926728091621896510333E+02
   0.38000   4.14970961941205651157816E+02
   0.38500   4.07166720043431290321223E+02
   0.39000   3.99511116491560969166130E+02
   0.39500   3.92001320343375958543675E+02
   0.40000   3.84634511085772182070741E+02
   0.40500   3.77408052390365767791991E+02
   0.41000   3.70319227674184823229098E+02
   0.41500   3.63365415582422507156934E+02
   0.42000   3.56544044686177457492704E+02
   0.42500   3.49852592531572696543662E+02
   0.43000   3.43288584706985467676077E+02
   0.43500   3.36849555916458328397312E+02
   0.44000   3.30533201852417754196267E+02
   0.44500   3.24337148060014200723344E+02
   0.45000   3.18259103319469716097956E+02
   0.45500   3.12296820049212627168345E+02
   0.46000   3.06448093474751338760598E+02
   0.46500   3.00710726943923717158214E+02
   0.47000   2.95082667250015028059806E+02
   0.47500   2.89561798682997270759643E+02
   0.48000   2.84146079697771526184624E+02
   0.48500   2.78833507632181209601185E+02
   0.49000   2.73622117966453501480828E+02
   0.49500   2.68509983596745740896949E+02
   0.50000   2.63495184518613719149016E+02
   0.50500   2.58575926107453106794765E+02
   0.51000   2.53750359107051771445640E+02
   0.51500   2.49016699085750275344253E+02
   0.52000   2.44373195597889726116136E+02
   0.52500   2.39818131536520066759977E+02
   0.53000   2.35349822498436125783883E+02
   0.53500   2.30966616161307406684955E+02
   0.54000   2.26666891672670953283841E+02
   0.54500   2.22449009251922412033764E+02
   0.55000   2.18311509745373278690295E+02
   0.55500   2.14252812394227262871027E+02
   0.56000   2.10271416345206635156728E+02
   0.56500   2.06365849330045634246744E+02
   0.57000   2.02534667121065037775907E+02
   0.57500   1.98776452997115480769708E+02
   0.58000   1.95089817219692630345662E+02
   0.58500   1.91473396519029879669915E+02
   0.59000   1.87925853589979091395890E+02
   0.59500   1.84445876597492635085018E+02
   0.60000   1.81032178691523803593100E+02
   0.60500   1.77683497531166615601705E+02
   0.61000   1.74398556034033251904702E+02
   0.61500   1.71176217792319057764416E+02
   0.62000   1.68015251690585312616122E+02
   0.62500   1.64914488844846804482813E+02
   0.63000   1.61872782633496147042251E+02
   0.63500   1.58889008273298117046579E+02
   0.64000   1.55962062403459576387377E+02
   0.64500   1.53090862677620915377474E+02
   0.65000   1.50274347363618662853924E+02
   0.65500   1.47511474950870660194369E+02
   0.66000   1.44801223765239114982251E+02
   0.66500   1.42142591591228885761211E+02
   0.67000   1.39534595301381170173727E+02
   0.67500   1.36976240287380154114771E+02
   0.68000   1.34466641500098603501101E+02
   0.68500   1.32004840130876402781723E+02
   0.69000   1.29589925837715963297114E+02
   0.69500   1.27221005616848156449805E+02
   0.70000   1.24897203472511096222775E+02
   0.70500   1.22617660093018454148250E+02
   0.71000   1.20381532532997123752239E+02
   0.71500   1.18187993901677073083079E+02
   0.72000   1.16036233057117964762028E+02
   0.72500   1.13925454306259391401568E+02
   0.73000   1.11854877110684039820399E+02
   0.73500   1.09823735797984724626986E+02
   0.74000   1.07831255754313973582725E+02
   0.74500   1.05876747691940401807642E+02
   0.75000   1.03959464878252445529938E+02
   0.75500   1.02078698327103460030685E+02
   0.76000   1.00233752555583823351526E+02
   0.76500   9.84239453268404602681585E+01
   0.77000   9.66486073977945068236295E+01
   0.77500   9.49070822716640289939960E+01
   0.78000   9.31987259552000004703132E+01
   0.78500   9.15229067205461035428016E+01
   0.79000   8.98790048716339455836533E+01
   0.79500   8.82664125150275591380478E+01
   0.80000   8.66845146583766368308943E+01
   0.80500   8.51327640526442994683975E+01
   0.81000   8.36105678413442205965111E+01
   0.81500   8.21173631361958751284646E+01
   0.82000   8.06525977695991329596836E+01
   0.82500   7.92157300904498313798285E+01
   0.83000   7.78062287638443521586851E+01
   0.83500   7.64235725745988379031814E+01
   0.84000   7.50672502345106575916134E+01
   0.84500   7.37367601932907223982738E+01
   0.85000   7.24316104530967095342930E+01
   0.85500   7.11513183865986889031774E+01
   0.86000   6.98954105585098535158295E+01
   0.86500   6.86634080048168691234878E+01
   0.87000   6.74548845208769449754982E+01
   0.87500   6.62693783823745317107523E+01
   0.88000   6.51064512046211802953621E+01
   0.88500   6.39656729523332696629723E+01
   0.89000   6.28466217806105706955577E+01
   0.89500   6.17488838789435110498971E+01
   0.90000   6.06720533181914616349673E+01
   0.90500   5.96157319004754162605764E+01
   0.91000   5.85795290119296510056301E+01
   0.91500   5.75630614782577936239250E+01
   0.92000   5.65659534230399811960410E+01
   0.92500   5.55878361287386688616152E+01
   0.93000   5.46283365719724249842670E+01
   0.93500   5.36871228190414191416835E+01
   0.94000   5.27638352730643083177142E+01
   0.94500   5.18581325143638389718603E+01
   0.95000   5.09696796258874522678184E+01
   0.95500   5.00981480693593246300566E+01
   0.96000   4.92432155637912165602188E+01
   0.96500   4.84045659663071683453950E+01
   0.97000   4.75818891552379836795694E+01
   0.97500   4.67748809154422993117350E+01
   0.98000   4.59832428258117920094605E+01
   0.98500   4.52066821489189418770138E+01
   0.99000   4.44449117227665739804365E+01
   0.99500   4.36976410319104893176245E+01
   1.00000   4.29646115620830721937295E+01
   1.00500   4.22455432545724081094818E+01
   1.01000   4.15401702073087211175562E+01
   1.01500   4.08482315825506248074817E+01
   1.02000   4.01694715104307400466155E+01
   1.02500   3.95036389943383463574378E+01
   1.03000   3.88504878181041295448495E+01
   1.03500   3.82097764549526397459545E+01
   1.04000   3.75812679781888583363525E+01
   1.04500   3.69647299735857952640572E+01
   1.05000   3.63599344534407418194633E+01
   1.05500   3.57666577722683962647920E+01
   1.06000   3.51846805440996810432353E+01
   1.06500   3.46137875613556840193041E+01
   1.07000   3.40537677152666997670849E+01
   1.07500   3.35044139178069642071023E+01
   1.08000   3.29655230251162096877238E+01
   1.08500   3.24368957623797156131218E+01
   1.09000   3.19183244052079935215716E+01
   1.09500   3.14096419202904062473181E+01
   1.10000   3.09106477208128263001186E+01
   1.10500   3.04211572852366685104641E+01
   1.11000   2.99409896063911320496231E+01
   1.11500   2.94699671245391079388298E+01
   1.12000   2.90079156617179068078372E+01
   1.12500   2.85546643573305267693740E+01
   1.13000   2.81100456049636306943285E+01
   1.13500   2.76738949904088853415374E+01
   1.14000   2.72460512308647371249037E+01
   1.14500   2.68263561152961327316291E+01
   1.15000   2.64146544459301515495042E+01
   1.15500   2.60107939808658894520477E+01
   1.16000   2.56146253777773926785244E+01
   1.16500   2.52260021386888215744193E+01
   1.17000   2.48447805558014067628392E+01
   1.17500   2.44708196583521830902441E+01
   1.18000   2.41039811604848437376347E+01
   1.18500   2.37441294101134361405059E+01
   1.19000   2.33911313387599886226553E+01
   1.19500   2.30448564123475305720490E+01
   1.20000   2.27051765829302927279798E+01
   1.20500   2.23719662413432476277819E+01
   1.21000   2.20451021707534846605370E+01
   1.21500   2.17244635010962272581025E+01
   1.22000   2.14099242372202693829308E+01
   1.22500   2.11013830651331515397828E+01
   1.23000   2.07987183189773463531935E+01
   1.23500   2.05018180772822349311468E+01
   1.24000   2.02105725502156694517453E+01
   1.24500   1.99248740389851284326994E+01
   1.25000   1.96446168960121054780643E+01
   1.25500   1.93696974858650197148791E+01
   1.26000   1.91000141469361790491632E+01
   1.26500   1.88354671538486537762935E+01
   1.27000   1.85759586805791299113366E+01
   1.27500   1.83213927642831224673614E+01
   1.28000   1.80716752698091718265516E+01
   1.28500   1.78267138548888923743618E+01
   1.29000   1.75864179359900050236831E+01
   1.29500   1.73506986548197357222989E+01
   1.30000   1.71194688454661743115537E+01
   1.30500   1.68926430021654607749326E+01
   1.31000   1.66701372476828706403751E+01
   1.31500   1.64518693022961071115162E+01
   1.32000   1.62377584533693344326366E+01
   1.32500   1.60277255255067014871884E+01
   1.33000   1.58216928512743135737395E+01
   1.33500   1.56195842424798272407571E+01
   1.34000   1.54213249619990551142479E+01
   1.34500   1.52268371037327436834374E+01
   1.35000   1.50360580225879947313672E+01
   1.35500   1.48489124893811341721062E+01
   1.36000   1.46653313001379235203103E+01
   1.36500   1.44852465689319735986373E+01
   1.37000   1.43085917027814177870937E+01
   1.37500   1.41353013770236963786431E+01
   1.38000   1.39653115111593495445419E+01
   1.38500   1.37985592451558840565440E+01
   1.39000   1.36349829162029563267566E+01
   1.39500   1.34745220359102690910191E+01
   1.40000   1.33171172679397546989577E+01
   1.40500   1.31627104060637727389604E+01
   1.41000   1.30112443526412062677622E+01
   1.41500   1.28626630975035003423557E+01
   1.42000   1.27169116972428339895629E+01
   1.42500   1.25739362548947632980401E+01
   1.43000   1.24336839000078296368912E+01
   1.43500   1.22961027690927573452484E+01
   1.44000   1.21611419864440102323044E+01
   1.44500   1.20287516453266236649000E+01
   1.45000   1.18988827895213424845622E+01
   1.45500   1.17714873952212522034699E+01
   1.46000   1.16465183532732019511258E+01
   1.46500   1.15239294517574548670780E+01
   1.47000   1.14036753588991235375261E+01
   1.47500   1.12857088207826739001405E+01
   1.48000   1.11699918400503004356494E+01
   1.48500   1.10564787864686180363094E+01
   1.49000   1.09451276843927836068815E+01
   1.49500   1.08358973576393877724655E+01
   1.50000   1.07287474142600398607783E+01
   1.50500   1.06236382316049537966052E+01
   1.51000   1.05205309416710079961632E+01
   1.51500   1.04193874167288673682208E+01
   1.52000   1.03201702552238450127930E+01
   1.52500   1.02228427679452973375618E+01
   1.53000   1.01273689644594320213855E+01
   1.53500   1.00337135398005161679436E+01
   1.54000   9.94184186141556014426612E+00
   1.54500   9.85171995635765362919756E+00
   1.55000   9.76331449872321099903161E+00
   1.55500   9.67659279732848953692326E+00
   1.56000   9.59152278362081522899985E+00
   1.56500   9.50807299982005194038948E+00
   1.57000   9.42621258728592370523813E+00
   1.57500   9.34591127510689378965481E+00
   1.58000   9.26713936890637612897592E+00
   1.58500   9.18986773986214311449316E+00
   1.59000   9.11406781393486764564216E+00
   1.59500   9.03971156130181530130585E+00
   1.60000   8.96676976363038891193469E+00
   1.60500   8.89521892615987641583786E+00
   1.61000   8.82503083452284409204935E+00
   1.61500   8.75617953407959337397415E+00
   1.62000   8.68863956451835228733671E+00
   1.62500   8.62238595044038436121525E+00
   1.63000   8.55739419212441143614001E+00
   1.63500   8.49364025646693865390091E+00
   1.64000   8.43110056809512453668276E+00
   1.64500   8.36975200064891744489159E+00
   1.65000   8.30957186822922921898282E+00
   1.65500   8.25053791700898564442923E+00
   1.66000   8.19262831700395199874265E+00
   1.66500   8.13582165400028989310499E+00
   1.67000   8.08009692163586135116304E+00
   1.67500   8.02543351363234913620204E+00
   1.68000   7.97181121617532517653615E+00
   1.68500   7.91921020043944545729886E+00
   1.69000   7.86761101525600947681482E+00
   1.69500   7.81699457992017199270407E+00
   1.70000   7.76734217713514807357456E+00
   1.70500   7.71863544609080010072688E+00
   1.71000   7.67085637567405120851305E+00
   1.71500   7.62398729780860973104240E+00
   1.72000   7.57801088092154628839126E+00
   1.72500   7.53291012353430367021190E+00
   1.73000   7.48866730327810892209328E+00
   1.73500   7.44526816941458802201481E+00
   1.74000   7.40269560852966479469472E+00
   1.74500   7.36093387784628072623150E+00
   1.75000   7.31996753442179715065663E+00
   1.75500   7.27978142943739670034375E+00
   1.76000   7.24036070259624797706977E+00
   1.76500   7.20169077662836187858630E+00
   1.77000   7.16375735190010765052193E+00
   1.77500   7.12654640112639470306277E+00
   1.78000   7.09004416418356608886597E+00
   1.78500   7.05423714302108462170793E+00
   1.79000   7.01911209667012947477360E+00
   1.79500   6.98465603634725951120998E+00
   1.80000   6.95085622065133024172212E+00
   1.80500   6.91770015085189038384073E+00
   1.81000   6.88517556626731463964575E+00
   1.81500   6.85327043973096328155492E+00
   1.82000   6.82197297314369333065542E+00
   1.82500   6.79127159311107575501154E+00
   1.83000   6.76115494666370497878205E+00
   1.83500   6.73161189705901918944875E+00
   1.84000   6.70263151966307835216696E+00
   1.84500   6.67420309791077726035979E+00
   1.85000   6.64631611934299981747643E+00
   1.85500   6.61896027171924872245512E+00
   1.86000   6.59212480554333435378567E+00
   1.86500   6.56580107703519444406481E+00
   1.87000   6.53997870605988462777702E+00
   1.87500   6.51464814384183332762746E+00
   1.88000   6.48980002346992512762824E+00
   1.88500   6.46542515643373905120939E+00
   1.89000   6.44151452922575751269818E+00
   1.89500   6.41805930000828861459183E+00
   1.90000   6.39505079534387066431123E+00
   1.90500   6.37248050698794754609366E+00
   1.91000   6.35034008874263156130269E+00
   1.91500   6.32862135337038811400134E+00
   1.92000   6.30731626956650237580959E+00
   1.92500   6.28641695898920760399164E+00
   1.93000   6.26591569334637710220193E+00
   1.93500   6.24580489153770290755574E+00
   1.94000   6.22607711685130416068290E+00
   1.94500   6.20672507421372732228093E+00
   1.95000   6.18774160749232415845711E+00
   1.95500   6.16911969684900696186958E+00
   1.96000   6.15085245614440401240586E+00
   1.96500   6.13293313039145537857166E+00
   1.97000   6.11535509325750670228672E+00
   1.97500   6.09811184461397826073181E+00
   1.98000   6.08119700813270169792446E+00
   1.98500   6.06460393711887146839246E+00
   1.99000   6.04832728689706977664997E+00
   1.99500   6.03236063915821485448276E+00
   2.00000   6.01669808964448171728634E+00
   2.00500   6.00133420935140760033022E+00
   2.01000   5.98626222837711008395445E+00
   2.01500   5.97147801095312080743582E+00
   2.02000   5.95697467979694827988624E+00
   2.02500   5.94274825517827165466400E+00
   2.03000   5.92879211928715610380181E+00
   2.03500   5.91510244254427475230074E+00
   2.04000   5.90167285682262576784751E+00
   2.04500   5.88849967702883858589047E+00
   2.05000   5.87557677529857291798265E+00
   2.05500   5.86290000690452550724530E+00
   2.06000   5.85046527118592585292589E+00
   2.06500   5.83826678378586205742096E+00
   2.07000   5.82630119742572250007839E+00
   2.07500   5.81456294598623191216547E+00
   2.08000   5.80304880847804194221595E+00
   2.08500   5.79175342878563992332630E+00
   2.09000   5.78067370744418118633234E+00
   2.09500   5.76980449041869680737449E+00
   2.10000   5.75914279518385541223324E+00
   2.10500   5.74868366216094794918234E+00
   2.11000   5.73842422135215302070321E+00
   2.11500   5.72835970029839314232589E+00
   2.12000   5.71848733728381342089619E+00
   2.12500   5.70880253990914365846976E+00
   2.13000   5.69930265065513197431102E+00
   2.13500   5.68998325038885000015654E+00
   2.14000   5.68084178185642185709980E+00
   2.14500   5.67187399265410652215991E+00
   2.15000   5.66307742201049779673383E+00
   2.15500   5.65444797796052678329204E+00
   2.16000   5.64598329257507647316316E+00
   2.16500   5.63767942827456935983577E+00
   2.17000   5.62953410646933649630341E+00
   2.17500   5.62154353814049179138834E+00
   2.18000   5.61370516049467693786568E+00
   2.18500   5.60601643798602444768164E+00
   2.19000   5.59847379399528055632373E+00
   2.19500   5.59107515881248229305811E+00
   2.20000   5.58381709076041776729227E+00
   2.20500   5.57669759821708055369527E+00
   2.21000   5.56971336935608096752048E+00
   2.21500   5.56286248769719315898641E+00
   2.22000   5.55614176636571632794670E+00
   2.22500   5.54954936118818598078661E+00
   2.23000   5.54308220552729546959370E+00
   2.23500   5.53673852478828476542105E+00
   2.24000   5.53051536803481214032985E+00
   2.24500   5.52441102762569125061987E+00
   2.25000   5.51842266396027136821090E+00
   2.25500   5.51254863382485238432196E+00
   2.26000   5.50678620475389712929370E+00
   2.26500   5.50113379553041159653048E+00
   2.27000   5.49558877678187818194289E+00
   2.27500   5.49014962694893893235815E+00
   2.28000   5.48481381586250582582664E+00
   2.28500   5.47957987937003787592971E+00
   2.29000   5.47444538276303682700075E+00
   2.29500   5.46940891712988030981535E+00
   2.30000   5.46446813962103328243813E+00
   2.30500   5.45962146559429484238279E+00
   2.31000   5.45486732725530032439565E+00
   2.31500   5.45020351308676598289793E+00
   2.32000   5.44562874333285795724890E+00
   2.32500   5.44114088991448840992859E+00
   2.33000   5.43673872135965041696437E+00
   2.33500   5.43242018987941766017258E+00
   2.34000   5.42818411046391269270117E+00
   2.34500   5.42402851258510820819936E+00
   2.35000   5.41995225594228968724053E+00
   2.35500   5.41595344435335734889492E+00
   2.36000   5.41203098053993014726615E+00
   2.36500   5.40818303986084303325299E+00
   2.37000   5.40440856643686184934694E+00
   2.37500   5.40070580446859249690306E+00
   2.38000   5.39707373791400191187506E+00
   2.38500   5.39351067721814048105955E+00
   2.39000   5.39001564467316074402703E+00
   2.39500   5.38658701446922505429171E+00
   2.40000   5.38322384578636359275805E+00
   2.40500   5.37992457415481539761970E+00
   2.41000   5.37668829425074779049254E+00
   2.41500   5.37351350063018062819253E+00
   2.42000   5.37039932212618698059714E+00
   2.42500   5.36734431009358747832749E+00
   2.43000   5.36434762623365724021340E+00
   2.43500   5.36140787655705930436767E+00
   2.44000   5.35852411820583474089119E+00
   2.44500   5.35569541834644313738067E+00
   2.45000   5.35292046113189312617209E+00
   2.45500   5.35019848511081563824376E+00
   2.46000   5.34752822408172712176366E+00
   2.46500   5.34490894532200933042532E+00
   2.47000   5.34233943040261460843965E+00
   2.47500   5.33981897424576978927746E+00
   2.48000   5.33734640439245999754547E+00
   2.48500   5.33492104236674669071050E+00
   2.49000   5.33254175994524715065381E+00
   2.49500   5.33020790425019885816482E+00
   2.50000   5.32791838962488750741642E+00
   2.50500   5.32567258782393471161498E+00
   2.51000   5.32346945415129957357436E+00
   2.51500   5.32130838406463391176970E+00
   2.52000   5.31918837228316809806472E+00
   2.52500   5.31710883707329362568572E+00
   2.53000   5.31506881108241546751714E+00
   2.53500   5.31306773452511604816095E+00
   2.54000   5.31110467654598517039943E+00
   2.54500   5.30917909847971369874386E+00
   2.55000   5.30729010459107664043898E+00
   2.55500   5.30543717653803426070880E+00
   2.56000   5.30361945238049925510637E+00
   2.56500   5.30183634912472123712490E+00
   2.57000   5.30008728997531008975130E+00
   2.57500   5.29837146130963565493488E+00
   2.58000   5.29668839230238952531238E+00
   2.58500   5.29503730002805839127689E+00
   2.59000   5.29341773142507199256812E+00
   2.59500   5.29182893310686430776713E+00
   2.60000   5.29027046910539644475335E+00
   2.60500   5.28874161445857648988778E+00
   2.61000   5.28724194964697624676830E+00
   2.61500   5.28577077706055276085095E+00
   2.62000   5.28432769300789983990541E+00
   2.62500   5.28291202619905975179648E+00
   2.63000   5.28152338817347388744139E+00
   2.63500   5.28016113296824085576731E+00
   2.64000   5.27882488677900596485415E+00
   2.64500   5.27751402801436142464553E+00
   2.65000   5.27622819697319334064645E+00
   2.65500   5.27496679551607683400505E+00
   2.66000   5.27372947751303855490335E+00
   2.66500   5.27251566739181853904483E+00
   2.67000   5.27132503208155911433863E+00
   2.67500   5.27015701772572953132112E+00
   2.68000   5.26901130381988191953013E+00
   2.68500   5.26788735740390334783001E+00
   2.69000   5.26678481799750120018189E+00
   2.69500   5.26570332895299120234966E+00
   2.70000   5.26464238718620902712786E+00
   2.70500   5.26360170157354478881473E+00
   2.71000   5.26258078801166473414952E+00
   2.71500   5.26157936636074363700999E+00
   2.72000   5.26059697078215160459536E+00
   2.72500   5.25963333170544100614308E+00
   2.73000   5.25868800086757859357789E+00
   2.73500   5.25776071886872287119985E+00
   2.74000   5.25685105435832833453702E+00
   2.74500   5.25595875772343368304007E+00
   2.75000   5.25508341388789079751120E+00
   2.75500   5.25422478265637038497005E+00
   2.76000   5.25338246461310565127434E+00
   2.76500   5.25255622862508197989939E+00
   2.77000   5.25174569034606475437243E+00
   2.77500   5.25095062736344220244433E+00
   2.78000   5.25017066983195468399259E+00
   2.78500   5.24940560373038156427583E+00
   2.79000   5.24865507316733193032832E+00
   2.79500   5.24791887219637798178695E+00
   2.80000   5.24719665835353266114538E+00
   2.80500   5.24648823346250825494508E+00
   2.81000   5.24579326798011946753064E+00
   2.81500   5.24511157120705917566994E+00
   2.82000   5.24444282603345646176507E+00
   2.82500   5.24378681797448131796102E+00
   2.83000   5.24314333482569561173392E+00
   2.83500   5.24251207725333934206446E+00
   2.84000   5.24189287203962717143213E+00
   2.84500   5.24128543114434353178410E+00
   2.85000   5.24068958788502614609683E+00
   2.85500   5.24010506508891038546238E+00
   2.86000   5.23953170236228604750295E+00
   2.86500   5.23896923298982220007503E+00
   2.87000   5.23841750262929295445247E+00
   2.87500   5.23787625462825334743400E+00
   2.88000   5.23734534046764521608708E+00
   2.88500   5.23682451317824770864462E+00
   2.89000   5.23631362984446890873613E+00
   2.89500   5.23581245281497387189518E+00
   2.90000   5.23532084456622415213900E+00
   2.90500   5.23483857641321692621972E+00
   2.91000   5.23436551602103083968842E+00
   2.91500   5.23390144333270490584198E+00
   2.92000   5.23344623100617367672527E+00
   2.92500   5.23299966728699150753101E+00
   2.93000   5.23256162963757354145145E+00
   2.93500   5.23213191429274426802465E+00
   2.94000   5.23171040333813153200282E+00
   2.94500   5.23129690069640340688295E+00
   2.95000   5.23089127374597651076726E+00
   2.95500   5.23049339127529344661838E+00
   2.96000   5.23010306819845693926396E+00
   2.96500   5.22972019741037719153809E+00
   2.97000   5.22934460080825103123203E+00
   2.97500   5.22897617532794989347877E+00
   2.98000   5.22861474958629990350545E+00
   2.98500   5.22826022440767268495421E+00
   2.99000   5.22791243487499923681128E+00
   2.99500   5.22757128555444205986191E+00
   3.00000   5.22723661775107795168793E+00
   3.00500   5.22690833963168666187471E+00
   3.01000   5.22658629848873568235490E+00
   3.01500   5.22627040595377456710935E+00
   3.02000   5.22596051508076353542265E+00
   3.02500   5.22565654083529984585965E+00
   3.03000   5.22535834181546177124034E+00
   3.03500   5.22506583619510400762209E+00
   3.04000   5.22477888790724898093742E+00
   3.04500   5.22449741821296498311966E+00
   3.05000   5.22422129617893671316153E+00
   3.05500   5.22395044603696867557829E+00
   3.06000   5.22368474179372044297054E+00
   3.06500   5.22342411053964994493981E+00
   3.07000   5.22316843103501138312339E+00
   3.07500   5.22291762127640923907279E+00
   3.08000   5.22267160013230380410931E+00
   3.08500   5.22243025315924103146870E+00
   3.09000   5.22219351413134114103798E+00
   3.09500   5.22196127292297973543356E+00
   3.10000   5.22173346580690933560476E+00
   3.10500   5.22150998681242828336480E+00
   3.11000   5.22129077461665014325831E+00
   3.11500   5.22107572724703528077583E+00
   3.12000   5.22086478569434464525045E+00
   3.12500   5.22065785183335417940498E+00
   3.13000   5.22045486888118037693829E+00
   3.13500   5.22025574241475975867388E+00
   3.14000   5.22006041779356666499012E+00
   3.14500   5.21986880415701937074857E+00
   3.15000   5.21968084892612116387767E+00
   3.15500   5.21949646466836347791229E+00
   3.16000   5.21931560078849920980559E+00
   3.16500   5.21913817315275541108832E+00
   3.17000   5.21896413307479001275624E+00
   3.17500   5.21879339959510757385175E+00
   3.18000   5.21862592586425000362738E+00
   3.18500   5.21846163397723783461402E+00
   3.19000   5.21830047885219294734327E+00
   3.19500   5.21814238552340792232087E+00
   3.20000   5.21798730328603721506653E+00
   3.20500   5.21783518197432660823409E+00
   3.21000   5.21768595082489361480782E+00
   3.21500   5.21753956888854342199835E+00
   3.22000   5.21739596807172079095949E+00
   3.22500   5.21725510897020072764718E+00
   3.23000   5.21711692605952515044976E+00
   3.23500   5.21698138142214862256196E+00
   3.24000   5.21684841200578131026333E+00
   3.24500   5.21671798132346642429269E+00
   3.25000   5.21659002870180987798676E+00
   3.25500   5.21646451903046914910789E+00
   3.26000   5.21634139392519269318171E+00
   3.26500   5.21622061960031380145608E+00
   3.27000   5.21610213987435689109162E+00
   3.27500   5.21598592223635248998903E+00
   3.28000   5.21587191262449212381114E+00
   3.28500   5.21576007975441080510848E+00
   3.29000   5.21565037160399469495786E+00
   3.29500   5.21554275806920453195659E+00
   3.30000   5.21543718909066544853204E+00
   3.30500   5.21533363570013175358753E+00
   3.31000   5.21523204972691556413622E+00
   3.31500   5.21513240329571203801606E+00
   3.32000   5.21503465005326249936957E+00
   3.32500   5.21493876317596749547789E+00
   3.33000   5.21484469805942740805449E+00
   3.33500   5.21475242453439213896615E+00
   3.34000   5.21466191275236912172630E+00
   3.34500   5.21457312060933120267947E+00
   3.35000   5.21448602374061476183442E+00
   3.35500   5.21440058163073272279320E+00
   3.36000   5.21431677083427447261244E+00
   3.36500   5.21423455236435906545722E+00
   3.37000   5.21415390366014630529889E+00
   3.37500   5.21407478720568884344999E+00
   3.38000   5.21399718129134293054250E+00
   3.38500   5.21392104981659809670447E+00
   3.39000   5.21384637189089239495132E+00
   3.39500   5.21377311277574917447453E+00
   3.40000   5.21370125236878534380480E+00
   3.40500   5.21363075724216973316771E+00
   3.41000   5.21356160805196100493930E+00
   3.41500   5.21349377263152458095163E+00
   3.42000   5.21342723236674521203327E+00
   3.42500   5.21336195630460141892115E+00
   3.43000   5.21329792653326884455112E+00
   3.43500   5.21323511326755040240499E+00
   3.44000   5.21317349927141571175326E+00
   3.44500   5.21311305588343187888967E+00
   3.45000   5.21305376651786545050271E+00
   3.45500   5.21299560359464875247681E+00
   3.46000   5.21293854845934490072068E+00
   3.46500   5.21288258265585002781961E+00
   3.47000   5.21282768015014208451419E+00
   3.47500   5.21277382587691195947599E+00
   3.48000   5.21272099478437389574736E+00
   3.48500   5.21266917237561666631507E+00
   3.49000   5.21261833454403178400582E+00
   3.49500   5.21256846733966106022251E+00
   3.50000   5.21251954756541269198067E+00
   3.50500   5.21247156179764581374059E+00
   3.51000   5.21242448771446986732769E+00
   3.51500   5.21237831239870397226355E+00
   3.52000   5.21233301437063867300736E+00
   3.52500   5.21228858120044447055363E+00
   3.53000   5.21224499221881876209750E+00
   3.53500   5.21220223546489602739484E+00
   3.54000   5.21216029104920464121165E+00
   3.54500   5.21211914746214999283325E+00
   3.55000   5.21207878556466874808706E+00
   3.55500   5.21203919428141104752683E+00
   3.56000   5.21200035519541027273505E+00
   3.56500   5.21196225764917775435947E+00
   3.57000   5.21192488392059938284717E+00
   3.57500   5.21188822375428217892335E+00
   3.58000   5.21185226009674851255227E+00
   3.58500   5.21181698141347193864448E+00
   3.59000   5.21178237629256035923220E+00
   3.59500   5.21174842863649656621305E+00
   3.60000   5.21171512913000600786262E+00
   3.60500   5.21168246228291354160689E+00
   3.61000   5.21165041913139981399894E+00
   3.61500   5.21161898476971785498790E+00
   3.62000   5.21158815057224344968745E+00
   3.62500   5.21155790219560777210006E+00
   3.63000   5.21152823133962228574489E+00
   3.63500   5.21149912420207794827576E+00
   3.64000   5.21147057279594372314335E+00
   3.64500   5.21144256383975312818535E+00
   3.65000   5.21141508964781741131134E+00
   3.65500   5.21138813743976581083217E+00
   3.66000   5.21136169981988206512113E+00
   3.66500   5.21133576448998558916514E+00
   3.67000   5.21131032433339247411652E+00
   3.67500   5.21128536751591930897831E+00
   3.68000   5.21126088718938740296238E+00
   3.68500   5.21123687196610418936871E+00
   3.69000   5.21121331525626563241360E+00
   3.69500   5.21119020610182470676364E+00
   3.70000   5.21116753816160371837185E+00
   3.70500   5.21114530089099092791116E+00
   3.71000   5.21112348818805459771397E+00
   3.71500   5.21110208990602019607508E+00
   3.72000   5.21108109918187456521821E+00
   3.72500   5.21106050922557184623685E+00
   3.73000   5.21104031045913151931614E+00
   3.73500   5.21102049733998951008829E+00
   3.74000   5.21100106065153245715749E+00
   3.74500   5.21098199506031101169157E+00
   3.75000   5.21096329169744487685989E+00
   3.75500   5.21094494543071040659754E+00
   3.76000   5.21092694772584041906782E+00
   3.76500   5.21090929364424459979688E+00
   3.77000   5.21089197497364486899585E+00
   3.77500   5.21087498696177842116839E+00
   3.78000   5.21085832170620766312652E+00
   3.78500   5.21084197463396792127099E+00
   3.79000   5.21082593814077188465461E+00
   3.79500   5.21081020782618808961928E+00
   3.80000   5.21079477637283094981768E+00
   3.80500   5.21077963954629230780569E+00
   3.81000   5.21076479030526407143498E+00
   3.81500   5.21075022457509784423735E+00
   3.82000   5.21073593558014647175725E+00
   3.82500   5.21072191939949358463480E+00
   3.83000   5.21070816951313009468549E+00
   3.83500   5.21069468214807163253255E+00
   3.84000   5.21068145103030222475837E+00
   3.84500   5.21066847191624116231168E+00
   3.85000   5.21065574060742531248280E+00
   3.85500   5.21064325118153870430859E+00
   3.86000   5.21063100021146896612123E+00
   3.86500   5.21061898199834283573750E+00
   3.87000   5.21060719324434895582954E+00
   3.87500   5.21059562846562662752348E+00
   3.88000   5.21058428448878763195040E+00
   3.88500   5.21057315603687121186027E+00
   3.89000   5.21056224005621770878349E+00
   3.89500   5.21055153146896066207461E+00
   3.90000   5.21054102733665180924305E+00
   3.90500   5.21053072277300699521874E+00
   3.91000   5.21052061495044238625951E+00
   3.91500   5.21051069916702846995804E+00
   3.92000   5.21050097270186296505301E+00
   3.92500   5.21049143103041501046135E+00
   3.93000   5.21048207153443931893833E+00
   3.93500   5.21047288986011081224348E+00
   3.94000   5.21046388348796762901571E+00
   3.94500   5.21045504822844973702445E+00
   3.95000   5.21044638165715223721008E+00
   3.95500   5.21043787974258265638383E+00
   3.96000   5.21042954015180626026194E+00
   3.96500   5.21042135900543446069832E+00
   3.97000   5.21041333367955039612696E+00
   3.97500   5.21040546157813444505535E+00
   3.98000   5.21039773903926373144202E+00
   3.98500   5.21039016394386489405832E+00
   3.99000   5.21038273276817531787231E+00
   3.99500   5.21037544347307235437228E+00
   4.00000   5.21036829266774104141291E+00
   4.00500   5.21036127805872306684165E+00
   4.01000   5.21035439770190411667983E+00
   4.01500   5.21034764774043734902875E+00
   4.02000   5.21034102634069540282979E+00
   4.02500   5.21033453105405419680807E+00
   4.03000   5.21032816008033095034335E+00
   4.03500   5.21032190984821819146333E+00
   4.04000   5.21031577865983974717778E+00
   4.04500   5.21030976424785441381005E+00
   4.05000   5.21030386494535446839649E+00
   4.05500   5.21029807744543216330158E+00
   4.06000   5.21029240017591277478459E+00
   4.06500   5.21028683103731604653319E+00
   4.07000   5.21028136848614298326510E+00
   4.07500   5.21027600946031066442288E+00
   4.08000   5.21027075250403937101140E+00
   4.08500   5.21026559567328262367880E+00
   4.09000   5.21026053753881357444300E+00
   4.09500   5.21025557526524862872463E+00
   4.10000   5.21025070750458596524624E+00
   4.10500   5.21024593245670530894387E+00
   4.11000   5.21024124835577218117777E+00
   4.11500   5.21023665390357781923569E+00
   4.12000   5.21023214652465993523833E+00
   4.12500   5.21022772499458886041879E+00
   4.13000   5.21022338767826254102289E+00
   4.13500   5.21021913337358422158019E+00
   4.14000   5.21021495969576453610728E+00
   4.14500   5.21021086551102374784250E+00
   4.15000   5.21020684930531352563321E+00
   4.15500   5.21020290996553370188593E+00
   4.16000   5.21019904528345134675504E+00
   4.16500   5.21019525420922535730028E+00
   4.17000   5.21019153534089918267114E+00
   4.17500   5.21018788764778029154456E+00
   4.18000   5.21018430908512097943230E+00
   4.18500   5.21018079868080441485745E+00
   4.19000   5.21017735513666713220715E+00
   4.19500   5.21017397749832322784158E+00
   4.20000   5.21017066387240679325998E+00
   4.20500   5.21016741335877109353447E+00
   4.21000   5.21016422475536122860262E+00
   4.21500   5.21016109717844888571392E+00
   4.22000   5.21015802887484236194382E+00
   4.22500   5.21015501901103650350677E+00
   4.23000   5.21015206647397011163747E+00
   4.23500   5.21014917017178147418122E+00
   4.24000   5.21014632930175403124906E+00
   4.24500   5.21014354227141218700581E+00
   4.25000   5.21014080832365888973357E+00
   4.25500   5.21013812644746787672290E+00
   4.26000   5.21013549589955127228080E+00
   4.26500   5.21013291520533128320380E+00
   4.27000   5.21013038366376224352905E+00
   4.27500   5.21012790033866857175582E+00
   4.28000   5.21012546454179115151817E+00
   4.28500   5.21012307490772197393625E+00
   4.29000   5.21012073078731663411389E+00
   4.29500   5.21011843131370866455399E+00
   4.30000   5.21011617584959407789569E+00
   4.30500   5.21011396313065167085199E+00
   4.31000   5.21011179255579637281670E+00
   4.31500   5.21010966332233971254340E+00
   4.32000   5.21010757484015973872715E+00
   4.32500   5.21010552593853881742092E+00
   4.33000   5.21010351606089272546996E+00
   4.33500   5.21010154446395956640004E+00
   4.34000   5.21009961060130677434898E+00
   4.34500   5.21009771338889005054540E+00
   4.35000   5.21009585231133165450501E+00
   4.35500   5.21009402668039633965691E+00
   4.36000   5.21009223582095759574884E+00
   4.36500   5.21009047923667478752208E+00
   4.37000   5.21008875594287856891640E+00
   4.37500   5.21008706547143596310434E+00
   4.38000   5.21008540719720303346918E+00
   4.38500   5.21008378066058541744354E+00
   4.39000   5.21008218494981312218783E+00
   4.39500   5.21008061963141122507892E+00
   4.40000   5.21007908412651776774993E+00
   4.40500   5.21007757800956439186990E+00
   4.41000   5.21007610043628321960796E+00
   4.41500   5.21007465100529154611309E+00
   4.42000   5.21007322918058313199197E+00
   4.42500   5.21007183456809619404027E+00
   4.43000   5.21007046638606785560199E+00
   4.43500   5.21006912426283141925865E+00
   4.44000   5.21006780770206356923069E+00
   4.44500   5.21006651633887674091028E+00
   4.45000   5.21006524944938531618277E+00
   4.45500   5.21006400668943869813887E+00
   4.46000   5.21006278759945873346737E+00
   4.46500   5.21006159184157180419561E+00
   4.47000   5.21006041874548508907594E+00
   4.47500   5.21005926799252672143581E+00
   4.48000   5.21005813915714310891047E+00
   4.48500   5.21005703182188584232648E+00
   4.49000   5.21005594567985441667446E+00
   4.49500   5.21005488012220208116076E+00
   4.50000   5.21005383485946993449289E+00
   4.50500   5.21005280950511506787848E+00
   4.51000   5.21005180377495835664092E+00
   4.51500   5.21005081710522843785327E+00
   4.52000   5.21004984922789660117814E+00
   4.52500   5.21004889978503726855052E+00
   4.53000   5.21004796851351026365506E+00
   4.53500   5.21004705489128283613098E+00
   4.54000   5.21004615867016940278234E+00
   4.54500   5.21004527951874341074046E+00
   4.55000   5.21004441719334610017000E+00
   4.55500   5.21004357121059291646503E+00
   4.56000   5.21004274134067291157635E+00
   4.56500   5.21004192727669601659102E+00
   4.57000   5.21004112879304293048932E+00
   4.57500   5.21004034544211624968568E+00
   4.58000   5.21003957701111863887178E+00
   4.58500   5.21003882321588063231133E+00
   4.59000   5.21003808384748656745700E+00
   4.59500   5.21003735849147642245072E+00
   4.60000   5.21003664695080737079280E+00
   4.60500   5.21003594896234845101901E+00
   4.61000   5.21003526426798013737596E+00
   4.61500   5.21003459267793800346880E+00
   4.62000   5.21003393381575619081048E+00
   4.62500   5.21003328750245464640045E+00
   4.63000   5.21003265349902378034130E+00
   4.63500   5.21003203162974826145870E+00
   4.64000   5.21003142154603338109808E+00
   4.64500   5.21003082308214993112472E+00
   4.65000   5.21003023601678338927456E+00
   4.65500   5.21002966018722701857513E+00
   4.66000   5.21002909527069457684689E+00
   4.66500   5.21002854111372626366716E+00
   4.67000   5.21002799751139245021392E+00
   4.67500   5.21002746431303243035416E+00
   4.68000   5.21002694121975695740190E+00
   4.68500   5.21002642808946792030156E+00
   4.69000   5.21002592473240722092953E+00
   4.69500   5.21002543100906845285891E+00
   4.70000   5.21002494664269033552984E+00
   4.70500   5.21002447150169478717885E+00
   4.71000   5.21002400541037258285826E+00
   4.71500   5.21002354823954538787234E+00
   4.72000   5.21002309973294197575910E+00
   4.72500   5.21002265976872547259546E+00
   4.73000   5.21002222818419513661325E+00
   4.73500   5.21002180485973631629548E+00
   4.74000   5.21002138955805060849258E+00
   4.74500   5.21002098216632125726733E+00
   4.75000   5.21002058253389310760184E+00
   4.75500   5.21002019051298015384077E+00
   4.76000   5.21001980599493286216983E+00
   4.76500   5.21001942876420620631706E+00
   4.77000   5.21001905871832549088651E+00
   4.77500   5.21001869572044595813054E+00
   4.78000   5.21001833966996197311516E+00
   4.78500   5.21001799036728618919057E+00
   4.79000   5.21001764771753061999959E+00
   4.79500   5.21001731159398162596119E+00
   4.80000   5.21001698190348194739130E+00
   4.80500   5.21001665846122052894174E+00
   4.81000   5.21001634117933432044367E+00
   4.81500   5.21001602994049095585183E+00
   4.82000   5.21001572465842999193342E+00
   4.82500   5.21001542516202265087344E+00
   4.83000   5.21001513136991079022664E+00
   4.83500   5.21001484317344876195932E+00
   4.84000   5.21001456049276234772094E+00
   4.84500   5.21001428316939207974201E+00
   4.85000   5.21001401112800333059738E+00
   4.85500   5.21001374426799368499985E+00
   4.86000   5.21001348251540252753955E+00
   4.86500   5.21001322572350189510360E+00
   4.87000   5.21001297382253436563104E+00
   4.87500   5.21001272671934567704000E+00
   4.88000   5.21001248432255614773112E+00
   4.88500   5.21001224656498473919441E+00
   4.89000   5.21001201331335450639415E+00
   4.89500   5.21001178450430235677970E+00
   4.90000   5.21001156005321386377460E+00
   4.90500   5.21001133989788189904147E+00
   4.91000   5.21001112391489629160901E+00
   4.91500   5.21001091204558541836178E+00
   4.92000   5.21001070421159873102823E+00
   4.92500   5.21001050035533497251095E+00
   4.93000   5.21001030036252033017519E+00
   4.93500   5.21001010417882681746704E+00
   4.94000   5.21000991173170502346323E+00
   4.94500   5.21000972296781750259242E+00
   4.95000   5.21000953778135111882364E+00
   4.95500   5.21000935612199989055426E+00
   4.96000   5.21000917792258544380957E+00
   4.96500   5.21000900313371928529449E+00
   4.97000   5.21000883165742201263981E+00
   4.97500   5.21000866344711199840134E+00
   4.98000   5.21000849844058444571004E+00
   4.98500   5.21000833659210738080247E+00
   4.99000   5.21000817781095504344080E+00
   4.99500   5.21000802205399460298452E+00
   5.00000   5.21000786926362646767075E+00
   5.00500   5.21000771938334794608494E+00
   5.01000   5.21000757237161948864923E+00
   5.01500   5.21000742814603234887016E+00
   5.02000   5.21000728666740764438714E+00
   5.02500   5.21000714788342578209779E+00
   5.03000   5.21000701175562264122476E+00
   5.03500   5.21000687820769037283952E+00
   5.04000   5.21000674720335088530021E+00
   5.04500   5.21000661869415793159277E+00
   5.05000   5.21000649264449522402032E+00
   5.05500   5.21000636898370417249282E+00
   5.06000   5.21000624767819242588729E+00
   5.06500   5.21000612868310064573762E+00
   5.07000   5.21000601196544910198583E+00
   5.07500   5.21000589745981068645619E+00
   5.08000   5.21000578513507983657860E+00
   5.08500   5.21000567494971844606511E+00
   5.09000   5.21000556687318827631117E+00
   5.09500   5.21000546084490623321983E+00
   5.10000   5.21000535683606957881864E+00
   5.10500   5.21000525480821541357557E+00
   5.11000   5.21000515473306646807572E+00
   5.11500   5.21000505655452472719702E+00
   5.12000   5.21000496024591996935271E+00
   5.12500   5.21000486577163679502434E+00
   5.13000   5.21000477309673826198377E+00
   5.13500   5.21000468219553936055632E+00
   5.14000   5.21000459301708451764767E+00
   5.14500   5.21000450553714833379360E+00
   5.15000   5.21000441972338046436874E+00
   5.15500   5.21000433555199726765039E+00
   5.16000   5.21000425297581593042651E+00
   5.16500   5.21000417197240439648454E+00
   5.17000   5.21000409251180740533016E+00
   5.17500   5.21000401457200223998001E+00
   5.18000   5.21000393810929895987982E+00
   5.18500   5.21000386310292651348419E+00
   5.19000   5.21000378952514719976818E+00
   5.19500   5.21000371735556877528239E+00
   5.20000   5.21000364655373593425480E+00
   5.20500   5.21000357710041539505141E+00
   5.21000   5.21000350896992281413134E+00
   5.21500   5.21000344214337596238096E+00
   5.22000   5.21000337658331436063719E+00
   5.22500   5.21000331227192881033972E+00
   5.23000   5.21000324918543655794423E+00
   5.23500   5.21000318730635303410281E+00
   5.24000   5.21000312659999131881250E+00
   5.24500   5.21000306704986060335472E+00
   5.25000   5.21000300863393905892451E+00
   5.25500   5.21000295133062396590873E+00
   5.26000   5.21000289512403380598471E+00
   5.26500   5.21000283998266144891431E+00
   5.27000   5.21000278589152754360470E+00
   5.27500   5.21000273283062909079888E+00
   5.28000   5.21000268078526018733498E+00
   5.28500   5.21000262972624628154961E+00
   5.29000   5.21000257963971702412920E+00
   5.29500   5.21000253050715045333163E+00
   5.30000   5.21000248231492923967068E+00
   5.30500   5.21000243503603877037733E+00
   5.31000   5.21000238865763587448043E+00
   5.31500   5.21000234316256938260636E+00
   5.32000   5.21000229853823038084215E+00
   5.32500   5.21000225475960432319766E+00
   5.33000   5.21000221181479861165542E+00
   5.33500   5.21000216968793217198197E+00
   5.34000   5.21000212836732934373885E+00
   5.34500   5.21000208782982765498559E+00
   5.35000   5.21000204806441491456326E+00
   5.35500   5.21000200905638577442147E+00
   5.36000   5.21000197079492899376874E+00
   5.36500   5.21000193325859695114843E+00
   5.37000   5.21000189643719269216859E+00
   5.37500   5.21000186031709966449910E+00
   5.38000   5.21000182488496033084147E+00
   5.38500   5.21000179013095476854289E+00
   5.39000   5.21000175603560111703416E+00
   5.39500   5.21000172258963756277694E+00
   5.40000   5.21000168978069544412079E+00
   5.40500   5.21000165759968181244943E+00
   5.41000   5.21000162602855731996954E+00
   5.41500   5.21000159505874560483818E+00
   5.42000   5.21000156467879382837793E+00
   5.42500   5.21000153488028228121465E+00
   5.43000   5.21000150564650710283132E+00
   5.43500   5.21000147696952675691051E+00
   5.44000   5.21000144883873661516560E+00
   5.44500   5.21000142124634002538386E+00
   5.45000   5.21000139417686980447542E+00
   5.45500   5.21000136762297261228127E+00
   5.46000   5.21000134157482863717092E+00
   5.46500   5.21000131602521854290444E+00
   5.47000   5.21000129095982034144185E+00
   5.47500   5.21000126637182503497314E+00
   5.48000   5.21000124225213978590432E+00
   5.48500   5.21000121859407983038182E+00
   5.49000   5.21000119538438333233188E+00
   5.49500   5.21000117261674555724227E+00
   5.50000   5.21000115028274668471653E+00
   5.50500   5.21000112837412776567447E+00
   5.51000   5.21000110688481654630522E+00
   5.51500   5.21000108580276721781388E+00
   5.52000   5.21000106512225258370563E+00
   5.52500   5.21000104483562509471994E+00
   5.53000   5.21000102493726224839321E+00
   5.53500   5.21000100541600974501932E+00
   5.54000   5.21000098626656460432116E+00
   5.54500   5.21000096748184549078076E+00
   5.55000   5.21000094905664590250183E+00
   5.55500   5.21000093098063765673089E+00
   5.56000   5.21000091324891034805233E+00
   5.56500   5.21000089585490655519351E+00
   5.57000   5.21000087879380568978149E+00
   5.57500   5.21000086205604384659296E+00
   5.58000   5.21000084563707432927515E+00
   5.58500   5.21000082953082521708410E+00
   5.59000   5.21000081373283263630469E+00
   5.59500   5.21000079823424100400331E+00
   5.60000   5.21000078303084002140366E+00
   5.60500   5.21000076811700740808675E+00
   5.61000   5.21000075348860980373189E+00
   5.61500   5.21000073913744710107920E+00
   5.62000   5.21000072505962086300002E+00
   5.62500   5.21000071124992492066497E+00
   5.63000   5.21000069770453189121895E+00
   5.63500   5.21000068441584895939656E+00
   5.64000   5.21000067138026612401092E+00
   5.64500   5.21000065859296279668911E+00
   5.65000   5.21000064604921009348004E+00
   5.65500   5.21000063374553157302671E+00
   5.66000   5.21000062167503030785554E+00
   5.66500   5.21000060983442725426329E+00
   5.67000   5.21000059821934380366315E+00
   5.67500   5.21000058682656075337292E+00
   5.68000   5.21000057564969176748804E+00
   5.68500   5.21000056468570071910307E+00
   5.69000   5.21000055393053296270978E+00
   5.69500   5.21000054338120788255395E+00
   5.70000   5.21000053303181165365032E+00
   5.70500   5.21000052287953308027824E+00
   5.71000   5.21000051292061783225762E+00
   5.71500   5.21000050315230556208235E+00
   5.72000   5.21000049356912076081727E+00
   5.72500   5.21000048416846006649195E+00
   5.73000   5.21000047494684714877167E+00
   5.73500   5.21000046590172605220914E+00
   5.74000   5.21000045702802661029551E+00
   5.74500   5.21000044832333819577741E+00
   5.75000   5.21000043978444182801724E+00
   5.75500   5.21000043140897084459340E+00
   5.76000   5.21000042319223044540166E+00
   5.76500   5.21000041513198841602872E+00
   5.77000   5.21000040722526402969805E+00
   5.77500   5.21000039946913351407431E+00
   5.78000   5.21000039186144714431492E+00
   5.78500   5.21000038439794033173769E+00
   5.79000   5.21000037707658558705504E+00
   5.79500   5.21000036989467552039912E+00
   5.80000   5.21000036285021961290909E+00
   5.80500   5.21000035593926902333095E+00
   5.81000   5.21000034915994647555237E+00
   5.81500   5.21000034250974475291684E+00
   5.82000   5.21000033598682088520349E+00
   5.82500   5.21000032958751846390300E+00
   5.83000   5.21000032331009899078111E+00
   5.83500   5.21000031715224098949335E+00
   5.84000   5.21000031111223793622855E+00
   5.84500   5.21000030518670398382852E+00
   5.85000   5.21000029937402941992985E+00
   5.85500   5.21000029367206474173457E+00
   5.86000   5.21000028807922976881173E+00
   5.86500   5.21000028259238912031748E+00
   5.87000   5.21000027721005243286356E+00
   5.87500   5.21000027193022940963374E+00
   5.88000   5.21000026675145655463695E+00
   5.88500   5.21000026167083085670839E+00
   5.89000   5.21000025668697230862847E+00
   5.89500   5.21000025179803771813170E+00
   5.90000   5.21000024700221919804477E+00
   5.90500   5.21000024229818770038491E+00
   5.91000   5.21000023768330600137944E+00
   5.91500   5.21000023315632088127813E+00
   5.92000   5.21000022871555790171527E+00
   5.92500   5.21000022435978649149035E+00
   5.93000   5.21000022008656482608302E+00
   5.93500   5.21000021589473227834333E+00
   5.94000   5.21000021178273853283969E+00
   5.94500   5.21000020774944405665963E+00
   5.95000   5.21000020379258788061350E+00
   5.95500   5.21000019991109508676885E+00
   5.96000   5.21000019610353037879946E+00
   5.96500   5.21000019236883837869811E+00
   5.97000   5.21000018870492564992958E+00
   5.97500   5.21000018511079687755227E+00
   5.98000   5.21000018158512301358343E+00
   5.98500   5.21000017812692672869446E+00
   5.99000   5.21000017473426957348437E+00
   5.99500   5.21000017140622995182042E+00
   6.00000   5.21000016814157718147982E+00
   6.00500   5.21000016493940631967519E+00
   6.01000   5.21000016179792257986492E+00
   6.01500   5.21000015871627242258768E+00
   6.02000   5.21000015569331620390869E+00
   6.02500   5.21000015272793615128677E+00
   6.03000   5.21000014981931025559447E+00
   6.03500   5.21000014696580826534245E+00
   6.04000   5.21000014416665480077029E+00
   6.04500   5.21000014142081491197445E+00
   6.05000   5.21000013872752743004924E+00
   6.05500   5.21000013608528267372577E+00
   6.06000   5.21000013349336288381863E+00
   6.06500   5.21000013095080949376836E+00
   6.07000   5.21000012845691795604353E+00
   6.07500   5.21000012601029027781152E+00
   6.08000   5.21000012361026165752520E+00
   6.08500   5.21000012125594480494328E+00
   6.09000   5.21000011894668701994959E+00
   6.09500   5.21000011668119389351972E+00
   6.10000   5.21000011445885002903111E+00
   6.10500   5.21000011227883352837864E+00
   6.11000   5.21000011014054031921461E+00
   6.11500   5.21000010804277158271702E+00
   6.12000   5.21000010598495766345195E+00
   6.12500   5.21000010396633739251371E+00
   6.13000   5.21000010198635132852019E+00
   6.13500   5.21000010004388969253597E+00
   6.14000   5.21000009813842479555746E+00
   6.14500   5.21000009626925186800861E+00
   6.15000   5.21000009443567979605660E+00
   6.15500   5.21000009263720031960077E+00
   6.16000   5.21000009087280524511243E+00
   6.16500   5.21000008914201540033417E+00
   6.17000   5.21000008744419074169230E+00
   6.17500   5.21000008577886064564666E+00
   6.18000   5.21000008414509152565586E+00
   6.18500   5.21000008254243973659925E+00
   6.19000   5.21000008097031253040399E+00
   6.19500   5.21000007942827403351060E+00
   6.20000   5.21000007791546015933903E+00
   6.20500   5.21000007643145968128096E+00
   6.21000   5.21000007497572392711760E+00
   6.21500   5.21000007354784933077951E+00
   6.22000   5.21000007214703564351055E+00
   6.22500   5.21000007077290228085786E+00
   6.23000   5.21000006942494109374309E+00
   6.23500   5.21000006810277838109613E+00
   6.24000   5.21000006680567306904805E+00
   6.24500   5.21000006553327288383315E+00
   6.25000   5.21000006428510720191127E+00
   6.25500   5.21000006306082996676565E+00
   6.26000   5.21000006185975517158937E+00
   6.26500   5.21000006068155629979088E+00
   6.27000   5.21000005952579769985533E+00
   6.27500   5.21000005839205215796284E+00
   6.28000   5.21000005728000525895283E+00
   6.28500   5.21000005618903361259697E+00
   6.29000   5.21000005511884101139231E+00
   6.29500   5.21000005406903154980824E+00
   6.30000   5.21000005303931434941234E+00
   6.30500   5.21000005202911220525408E+00
   6.31000   5.21000005103815055917948E+00
   6.31500   5.21000005006606314861273E+00
   6.32000   5.21000004911258041140343E+00
   6.32500   5.21000004817716799720984E+00
   6.33000   5.21000004725957166495931E+00
   6.33500   5.21000004635945213049553E+00
   6.34000   5.21000004547656003772715E+00
   6.34500   5.21000004461040022718521E+00
   6.35000   5.21000004376073755363308E+00
   6.35500   5.21000004292725793497709E+00
   6.36000   5.21000004210973011176122E+00
   6.36500   5.21000004130769600596551E+00
   6.37000   5.21000004052093756978792E+00
   6.37500   5.21000003974916403581830E+00
   6.38000   5.21000003899216146407980E+00
   6.38500   5.21000003824950541631011E+00
   6.39000   5.21000003752099427600797E+00
   6.39500   5.21000003680635848102298E+00
   6.40000   5.21000003610533390929760E+00
   6.40500   5.21000003541772616078021E+00
   6.41000   5.21000003474314987705895E+00
   6.41500   5.21000003408142176031248E+00
   6.42000   5.21000003343229711738616E+00
   6.42500   5.21000003279559609214999E+00
   6.43000   5.21000003217096163687927E+00
   6.43500   5.21000003155822410949582E+00
   6.44000   5.21000003095715702450264E+00
   6.44500   5.21000003036759373742370E+00
   6.45000   5.21000002978920373486460E+00
   6.45500   5.21000002922182992026734E+00
   6.46000   5.21000002866526246148027E+00
   6.46500   5.21000002811934714852526E+00
   6.47000   5.21000002758377789291444E+00
   6.47500   5.21000002705840925543157E+00
   6.48000   5.21000002654304694704734E+00
   6.48500   5.21000002603754808205849E+00
   6.49000   5.21000002554162944257143E+00
   6.49500   5.21000002505515613648868E+00
   6.50000   5.21000002457794830768023E+00
   6.50500   5.21000002410987383960617E+00
   6.51000   5.21000002365067016452116E+00
   6.51500   5.21000002320021260437954E+00
   6.52000   5.21000002275833462572763E+00
   6.52500   5.21000002232491377096579E+00
   6.53000   5.21000002189970701227395E+00
   6.53500   5.21000002148259877543524E+00
   6.54000   5.21000002107343496149383E+00
   6.54500   5.21000002067206424705148E+00
   6.55000   5.21000002027837527673881E+00
   6.55500   5.21000001989214744924084E+00
   6.56000   5.21000001951327584848173E+00
   6.56500   5.21000001914162036431577E+00
   6.57000   5.21000001877707796804629E+00
   6.57500   5.21000001841944426761444E+00
   6.58000   5.21000001806862211850557E+00
   6.58500   5.21000001772448195769272E+00
   6.59000   5.21000001738692819497345E+00
   6.59500   5.21000001705577175936668E+00
   6.60000   5.21000001673092250076280E+00
   6.60500   5.21000001641226051507516E+00
   6.61000   5.21000001609969742855100E+00
   6.61500   5.21000001579305782595242E+00
   6.62000   5.21000001549225866259718E+00
   6.62500   5.21000001519718869413822E+00
   6.63000   5.21000001490776587509401E+00
   6.63500   5.21000001462382833494758E+00
   6.64000   5.21000001434529858013178E+00
   6.64500   5.21000001407207391501686E+00
   6.65000   5.21000001380407840034792E+00
   6.65500   5.21000001354116193397203E+00
   6.66000   5.21000001328325301752642E+00
   6.66500   5.21000001303025628285326E+00
   6.67000   5.21000001278207824917388E+00
   6.67500   5.21000001253865008266075E+00
   6.68000   5.21000001229983533690415E+00
   6.68500   5.21000001206556906385714E+00
   6.69000   5.21000001183576477714610E+00
   6.69500   5.21000001161035863894710E+00
   6.70000   5.21000001138922441690227E+00
   6.70500   5.21000001117230193692365E+00
   6.71000   5.21000001095951104090886E+00
   6.71500   5.21000001075079266499301E+00
   6.72000   5.21000001054603001371390E+00
   6.72500   5.21000001034516724285339E+00
   6.73000   5.21000001014813018951344E+00
   6.73500   5.21000000995486423072123E+00
   6.74000   5.21000000976526100870956E+00
   6.74500   5.21000000957926900913009E+00
   6.75000   5.21000000939681939815529E+00
   6.75500   5.21000000921786177165984E+00
   6.76000   5.21000000904229576548232E+00
   6.76500   5.21000000887007352901037E+00
   6.77000   5.21000000870113155748697E+00
   6.77500   5.21000000853542288847819E+00
   6.78000   5.21000000837285481836147E+00
   6.78500   5.21000000821338293821583E+00
   6.79000   5.21000000805694851724326E+00
   6.79500   5.21000000790349349077957E+00
   6.80000   5.21000000775297544830522E+00
   6.80500   5.21000000760531001287035E+00
   6.81000   5.21000000746045710542376E+00
   6.81500   5.21000000731836310219336E+00
   6.82000   5.21000000717898859026178E+00
   6.82500   5.21000000704225552095039E+00
   6.83000   5.21000000690812659076556E+00
   6.83500   5.21000000677655250580500E+00
   6.84000   5.21000000664749640666429E+00
   6.84500   5.21000000652088635089143E+00
   6.85000   5.21000000639668758850576E+00
   6.85500   5.21000000627485448934095E+00
   6.86000   5.21000000615535308057247E+00
   6.86500   5.21000000603811641575192E+00
   6.87000   5.21000000592311263147849E+00
   6.87500   5.21000000581029931723265E+00
   6.88000   5.21000000569964516472510E+00
   6.88500   5.21000000559108811248876E+00
   6.89000   5.21000000548459862859119E+00
   6.89500   5.21000000538013730011500E+00
   6.90000   5.21000000527767537228385E+00
   6.90500   5.21000000517715522452278E+00
   6.91000   5.21000000507854965636767E+00
   6.91500   5.21000000498182203045872E+00
   6.92000   5.21000000488693681965913E+00
   6.92500   5.21000000479386760066092E+00
   6.93000   5.21000000470256219298193E+00
   6.93500   5.21000000461299583864871E+00
   6.94000   5.21000000452513545301514E+00
   6.94500   5.21000000443895650015236E+00
   6.95000   5.21000000435441079638110E+00
   6.95500   5.21000000427147547110707E+00
   6.96000   5.21000000419011966013016E+00
   6.96500   5.21000000411032104796760E+00
   6.97000   5.21000000403203467058688E+00
   6.97500   5.21000000395523932272823E+00
   6.98000   5.21000000387990669370453E+00
   6.98500   5.21000000380601580030060E+00
   6.99000   5.21000000373352534221993E+00
   6.99500   5.21000000366241555749269E+00
   7.00000   5.21000000359266013383319E+00
   7.00500   5.21000000352423975336080E+00
   7.01000   5.21000000345711600235887E+00
   7.01500   5.21000000339127078419210E+00
   7.02000   5.21000000332667967395395E+00
   7.02500   5.21000000326332479705371E+00
   7.03000   5.21000000320117051533231E+00
   7.03500   5.21000000314020006442206E+00
   7.04000   5.21000000308039090679557E+00
   7.04500   5.21000000302172094901465E+00
   7.05000   5.21000000296417375977853E+00
   7.05500   5.21000000290771725364181E+00
   7.06000   5.21000000285233599850443E+00
   7.06500   5.21000000279800967728505E+00
   7.07000   5.21000000274472296890593E+00
   7.07500   5.21000000269244611939001E+00
   7.08000   5.21000000264116502890488E+00
   7.08500   5.21000000259086060161451E+00
   7.09000   5.21000000254151907075340E+00
   7.09500   5.21000000249311256972362E+00
   7.10000   5.21000000244562799789350E+00
   7.10500   5.21000000239904781373923E+00
   7.11000   5.21000000235335913867374E+00
   7.11500   5.21000000230853643756745E+00
   7.12000   5.21000000226456738694480E+00
   7.12500   5.21000000222143577754963E+00
   7.13000   5.21000000217912961897326E+00
   7.13500   5.21000000213762526346528E+00
   7.14000   5.21000000209691149777314E+00
   7.14500   5.21000000205697311184139E+00
   7.15000   5.21000000201779911446209E+00
   7.15500   5.21000000197936752321937E+00
   7.16000   5.21000000194166790201677E+00
   7.16500   5.21000000190468637306651E+00
   7.17000   5.21000000186840905858077E+00
   7.17500   5.21000000183282618859693E+00
   7.18000   5.21000000179791766807824E+00
   7.18500   5.21000000176367406012901E+00
   7.19000   5.21000000173008259718443E+00
   7.19500   5.21000000169713406439342E+00
   7.20000   5.21000000166480992103146E+00
   7.20500   5.21000000163310150735896E+00
   7.21000   5.21000000160199694398955E+00
   7.21500   5.21000000157148768220594E+00
   7.22000   5.21000000154155673559586E+00
   7.22500   5.21000000151219577748662E+00
   7.23000   5.21000000148339403871489E+00
   7.23500   5.21000000145514352567488E+00
   7.24000   5.21000000142742847319965E+00
   7.24500   5.21000000140024122075033E+00
   7.25000   5.21000000137357188734200E+00
   7.25500   5.21000000134741292345808E+00
   7.26000   5.21000000132174967415466E+00
   7.26500   5.21000000129657525604898E+00
   7.27000   5.21000000127188023224534E+00
   7.27500   5.21000000124765794140558E+00
   7.28000   5.21000000122389472778650E+00
   7.28500   5.21000000120058404107226E+00
   7.29000   5.21000000117771733254557E+00
   7.29500   5.21000000115528838495749E+00
   7.30000   5.21000000113328443074323E+00
   7.30500   5.21000000111169958572077E+00
   7.31000   5.21000000109052574526203E+00
   7.31500   5.21000000106975535985043E+00
   7.32000   5.21000000104938232325935E+00
   7.32500   5.21000000102939553325854E+00
   7.33000   5.21000000100978932771056E+00
   7.33500   5.21000000099055660118808E+00
   7.34000   5.21000000097169191359825E+00
   7.34500   5.21000000095318482884466E+00
   7.35000   5.21000000093503023990138E+00
   7.35500   5.21000000091722137440797E+00
   7.36000   5.21000000089975334738313E+00
   7.36500   5.21000000088261638886422E+00
   7.37000   5.21000000086580583591456E+00
   7.37500   5.21000000084931536026289E+00
   7.38000   5.21000000083314063203943E+00
   7.38500   5.21000000081727243639307E+00
   7.39000   5.21000000080170633243171E+00
   7.39500   5.21000000078643688006252E+00
   7.40000   5.21000000077145952737112E+00
   7.40500   5.21000000075676616972942E+00
   7.41000   5.21000000074235247726762E+00
   7.41500   5.21000000072821345398211E+00
   7.42000   5.21000000071434499204770E+00
   7.42500   5.21000000070073943092552E+00
   7.43000   5.21000000068739288483499E+00
   7.43500   5.21000000067430057981710E+00
   7.44000   5.21000000066145774191284E+00
   7.44500   5.21000000064886059636393E+00
   7.45000   5.21000000063650214876532E+00
   7.45500   5.21000000062437917947022E+00
   7.46000   5.21000000061248702554195E+00
   7.46500   5.21000000060082257835603E+00
   7.47000   5.21000000058937906555201E+00
   7.47500   5.21000000057815360055002E+00
   7.48000   5.21000000056714196450258E+00
   7.48500   5.21000000055634104878521E+00
   7.49000   5.21000000054574474717128E+00
   7.49500   5.21000000053535039512553E+00
   7.50000   5.21000000052515388482277E+00
   7.50500   5.21000000051515266275004E+00
   7.51000   5.21000000050534084472531E+00
   7.51500   5.21000000049571598825793E+00
   7.52000   5.21000000048627442961191E+00
   7.52500   5.21000000047701361527430E+00
   7.53000   5.21000000046792832719689E+00
   7.53500   5.21000000045901601186671E+00
   7.54000   5.21000000045027344963700E+00
   7.54500   5.21000000044169819801709E+00
   7.55000   5.21000000043328548304800E+00
   7.55500   5.21000000042503297326135E+00
   7.56000   5.21000000041693767105500E+00
   7.56500   5.21000000040899657882676E+00
   7.57000   5.21000000040120747613059E+00
   7.57500   5.21000000039356592207440E+00
   7.58000   5.21000000038606991825674E+00
   7.58500   5.21000000037871680014234E+00
   7.59000   5.21000000037150434728517E+00
   7.59500   5.21000000036442856288232E+00
   7.60000   5.21000000035748755955467E+00
   7.60500   5.21000000035067867276695E+00
   7.61000   5.21000000034400023718462E+00
   7.61500   5.21000000033744825600479E+00
   7.62000   5.21000000033102117491524E+00
   7.62500   5.21000000032471644040299E+00
   7.63000   5.21000000031853238713353E+00
   7.63500   5.21000000031246546239316E+00
   7.64000   5.21000000030651422289196E+00
   7.64500   5.21000000030067622613927E+00
   7.65000   5.21000000029495002884516E+00
   7.65500   5.21000000028933230034056E+00
   7.66000   5.21000000028382159733553E+00
   7.66500   5.21000000027841581040633E+00
   7.67000   5.21000000027311349626302E+00
   7.67500   5.21000000026791176832575E+00
   7.68000   5.21000000026280907228227E+00
   7.68500   5.21000000025780352075344E+00
   7.69000   5.21000000025289322636013E+00
   7.69500   5.21000000024807707887931E+00
   7.70000   5.21000000024335208070880E+00
   7.70500   5.21000000023871712162560E+00
   7.71000   5.21000000023417042527285E+00
   7.71500   5.21000000022971077040523E+00
   7.72000   5.21000000022533571453209E+00
   7.72500   5.21000000022104381436350E+00
   7.73000   5.21000000021683384865412E+00
   7.73500   5.21000000021270426309172E+00
   7.74000   5.21000000020865305927487E+00
   7.74500   5.21000000020467901595822E+00
   7.75000   5.21000000020078068985185E+00
   7.75500   5.21000000019695685971044E+00
   7.76000   5.21000000019320552713253E+00
   7.76500   5.21000000018952569291741E+00
   7.77000   5.21000000018591591377515E+00
   7.77500   5.21000000018237530152732E+00
   7.78000   5.21000000017890174675017E+00
   7.78500   5.21000000017549425024299E+00
   7.79000   5.21000000017215181280505E+00
   7.79500   5.21000000016887321319103E+00
   7.80000   5.21000000016565678606639E+00
   7.80500   5.21000000016250164325271E+00
   7.81000   5.21000000015940667452696E+00
   7.81500   5.21000000015637054762152E+00
   7.82000   5.21000000015339248538027E+00
   7.82500   5.21000000015047093349096E+00
   7.83000   5.21000000014760500377520E+00
   7.83500   5.21000000014479369703224E+00
   7.84000   5.21000000014203623610598E+00
   7.84500   5.21000000013933095566188E+00
   7.85000   5.21000000013667718956611E+00
   7.85500   5.21000000013407404964028E+00
   7.86000   5.21000000013152064770594E+00
   7.86500   5.21000000012901565149548E+00
   7.87000   5.21000000012655839487508E+00
   7.87500   5.21000000012414787864401E+00
   7.88000   5.21000000012178354769077E+00
   7.88500   5.21000000011946406974772E+00
   7.89000   5.21000000011718866765875E+00
   7.89500   5.21000000011495667529005E+00
   7.90000   5.21000000011276742650779E+00
   7.90500   5.21000000011061958904435E+00
   7.91000   5.21000000010851271881052E+00
   7.91500   5.21000000010644592762787E+00
   7.92000   5.21000000010441877140721E+00
   7.92500   5.21000000010242991788090E+00
   7.93000   5.21000000010047903398203E+00
   7.93500   5.21000000009856523153218E+00
   7.94000   5.21000000009668795541984E+00
   7.94500   5.21000000009484665053350E+00
   7.95000   5.21000000009304009562783E+00
   7.95500   5.21000000009126806865822E+00
   7.96000   5.21000000008952968144627E+00
   7.96500   5.21000000008782471194735E+00
   7.97000   5.21000000008615193891615E+00
   7.97500   5.21000000008451102928575E+00
   7.98000   5.21000000008290142794465E+00
   7.98500   5.21000000008132257978133E+00
   7.99000   5.21000000007977370763967E+00
   7.99500   5.21000000007825436743047E+00
   8.00000   5.21000000007676389301992E+00
   8.00500   5.21000000007530184031879E+00
   8.01000   5.21000000007386754319327E+00
   8.01500   5.21000000007246100164338E+00
   8.02000   5.21000000007108088340146E+00
   8.02500   5.21000000006972696642293E+00
   8.03000   5.21000000006839902866318E+00
   8.03500   5.21000000006709618194378E+00
   8.04000   5.21000000006581831524244E+00
   8.04500   5.21000000006456465140303E+00
   8.05000   5.21000000006333496838096E+00
   8.05500   5.21000000006212893310931E+00
   8.06000   5.21000000006094554638736E+00
   8.06500   5.21000000005978480821511E+00
   8.07000   5.21000000005864616348106E+00
   8.07500   5.21000000005752916809598E+00
   8.08000   5.21000000005643337797068E+00
   8.08500   5.21000000005535857106054E+00
   8.09000   5.21000000005430419225405E+00
   8.09500   5.21000000005326990848431E+00
   8.10000   5.21000000005225549770671E+00
   8.10500   5.21000000005126018276513E+00
   8.11000   5.21000000005028385263728E+00
   8.11500   5.21000000004932617425624E+00
   8.12000   5.21000000004838670353280E+00
   8.12500   5.21000000004746510740006E+00
   8.13000   5.21000000004656105279111E+00
   8.13500   5.21000000004567420663903E+00
   8.14000   5.21000000004480445792154E+00
   8.14500   5.21000000004395114050482E+00
   8.15000   5.21000000004311403234425E+00
   8.15500   5.21000000004229291139524E+00
   8.16000   5.21000000004148733356857E+00
   8.16500   5.21000000004069718784194E+00
   8.17000   5.21000000003992203012615E+00
   8.17500   5.21000000003916163837658E+00
   8.18000   5.21000000003841590157094E+00
   8.18500   5.21000000003768426459771E+00
   8.19000   5.21000000003696650541229E+00
   8.19500   5.21000000003626240197008E+00
   8.20000   5.21000000003557173222646E+00
   8.20500   5.21000000003489427413683E+00
   8.21000   5.21000000003422958361199E+00
   8.21500   5.21000000003357766065193E+00
   8.22000   5.21000000003293817218974E+00
   8.22500   5.21000000003231089618083E+00
   8.23000   5.21000000003169549955828E+00
   8.23500   5.21000000003109187129979E+00
   8.24000   5.21000000003049967833846E+00
   8.24500   5.21000000002991869862967E+00
   8.25000   5.21000000002934893217343E+00
   8.25500   5.21000000002878993488054E+00
   8.26000   5.21000000002824159572867E+00
   8.26500   5.21000000002770380369554E+00
   8.27000   5.21000000002717611469194E+00
   8.27500   5.21000000002665852871786E+00
   8.28000   5.21000000002615082372870E+00
   8.28500   5.21000000002565266665755E+00
   8.29000   5.21000000002516405750441E+00
   8.29500   5.21000000002468477422468E+00
   8.30000   5.21000000002421470579606E+00
   8.30500   5.21000000002375351915163E+00
   8.31000   5.21000000002330110326909E+00
   8.31500   5.21000000002285734712615E+00
   8.32000   5.21000000002242202867819E+00
   8.32500   5.21000000002199492588062E+00
   8.33000   5.21000000002157603873343E+00
   8.33500   5.21000000002116503416971E+00
   8.34000   5.21000000002076191218947E+00
   8.34500   5.21000000002036656177040E+00
   8.35000   5.21000000001997864984560E+00
   8.35500   5.21000000001959817641506E+00
   8.36000   5.21000000001922491943418E+00
   8.36500   5.21000000001885876788066E+00
   8.37000   5.21000000001849949970989E+00
   8.37500   5.21000000001814722594418E+00
   8.38000   5.21000000001780150249431E+00
   8.38500   5.21000000001746244038259E+00
   8.39000   5.21000000001712992858671E+00
   8.39500   5.21000000001680374506208E+00
   8.40000   5.21000000001648366776408E+00
   8.40500   5.21000000001616969669271E+00
   8.41000   5.21000000001586172082568E+00
   8.41500   5.21000000001555962914068E+00
   8.42000   5.21000000001526331061541E+00
   8.42500   5.21000000001497254320526E+00
   8.43000   5.21000000001468743793254E+00
   8.43500   5.21000000001440766173033E+00
   8.44000   5.21000000001413332562095E+00
   8.44500   5.21000000001386409653747E+00
   8.45000   5.21000000001359997447992E+00
   8.45500   5.21000000001334095944827E+00
   8.46000   5.21000000001308694042024E+00
   8.46500   5.21000000001283769535121E+00
   8.47000   5.21000000001259311321888E+00
   8.47500   5.21000000001235330504556E+00
   8.48000   5.21000000001211804878665E+00
   8.48500   5.21000000001188723341983E+00
   8.49000   5.21000000001166085894511E+00
   8.49500   5.21000000001143870331788E+00
   8.50000   5.21000000001122087756045E+00
   8.50500   5.21000000001100715962821E+00
   8.51000   5.21000000001079754952116E+00
   8.51500   5.21000000001059193621700E+00
   8.52000   5.21000000001039009767112E+00
   8.52500   5.21000000001019225592813E+00
   8.53000   5.21000000000999807792113E+00
   8.53500   5.21000000000980767467240E+00
   8.54000   5.21000000000962093515966E+00
   8.54500   5.21000000000943763733829E+00
   8.55000   5.21000000000925789223061E+00
   8.55500   5.21000000000908158881430E+00
   8.56000   5.21000000000890861606706E+00
   8.56500   5.21000000000873897398890E+00
   8.57000   5.21000000000857255155751E+00
   8.57500   5.21000000000840923775058E+00
   8.58000   5.21000000000824903256813E+00
   8.58500   5.21000000000809193601015E+00
   8.59000   5.21000000000793783705433E+00
   8.59500   5.21000000000778662467837E+00
   8.60000   5.21000000000763840990459E+00
   8.60500   5.21000000000749285966606E+00
   8.61000   5.21000000000735019600739E+00
   8.61500   5.21000000000721019688399E+00
   8.62000   5.21000000000707286229584E+00
   8.62500   5.21000000000693819224296E+00
   8.63000   5.21000000000680596468072E+00
   8.63500   5.21000000000667640165375E+00
   8.64000   5.21000000000654928111743E+00
   8.64500   5.21000000000642449204946E+00
   8.65000   5.21000000000630214547215E+00
   8.65500   5.21000000000618213036319E+00
   8.66000   5.21000000000606433570027E+00
   8.66500   5.21000000000594887250571E+00
   8.67000   5.21000000000583551873490E+00
   8.67500   5.21000000000572438541013E+00
   8.68000   5.21000000000561536150911E+00
   8.68500   5.21000000000550844703184E+00
   8.69000   5.21000000000540353095602E+00
   8.69500   5.21000000000530061328163E+00
   8.70000   5.21000000000519969400870E+00
   8.70500   5.21000000000510055109260E+00
   8.71000   5.21000000000500340657794E+00
   8.71500   5.21000000000490814944243E+00
   8.72000   5.21000000000481466866376E+00
   8.72500   5.21000000000472296424192E+00
   8.73000   5.21000000000463303617693E+00
   8.73500   5.21000000000454477344647E+00
   8.74000   5.21000000000445817605055E+00
   8.74500   5.21000000000437335501147E+00
   8.75000   5.21000000000428997726232E+00
   8.75500   5.21000000000420826484770E+00
   8.76000   5.21000000000412810674533E+00
   8.76500   5.21000000000404950295518E+00
   8.77000   5.21000000000397245347727E+00
   8.77500   5.21000000000389673626700E+00
   8.78000   5.21000000000382257336895E+00
   8.78500   5.21000000000374974273853E+00
   8.79000   5.21000000000367835539805E+00
   8.79500   5.21000000000360830032520E+00
   8.80000   5.21000000000353957751997E+00
   8.80500   5.21000000000347207596008E+00
   8.81000   5.21000000000340601769011E+00
   8.81500   5.21000000000334106964317E+00
   8.82000   5.21000000000327745386386E+00
   8.82500   5.21000000000321505932988E+00
   8.83000   5.21000000000315377501892E+00
   8.83500   5.21000000000309371195328E+00
   8.84000   5.21000000000303487013298E+00
   8.84500   5.21000000000297702751340E+00
   8.85000   5.21000000000292029511684E+00
   8.85500   5.21000000000286467294330E+00
   8.86000   5.21000000000281016099279E+00
   8.86500   5.21000000000275664824301E+00
   8.87000   5.21000000000270413469394E+00
   8.87500   5.21000000000265262034560E+00
   8.88000   5.21000000000260210519798E+00
   8.88500   5.21000000000255258925108E+00
   8.89000   5.21000000000250396148260E+00
   8.89500   5.21000000000245622189254E+00
   8.90000   5.21000000000240948150321E+00
   8.90500   5.21000000000236351826999E+00
   8.91000   5.21000000000231855423749E+00
   8.91500   5.21000000000227436736111E+00
   8.92000   5.21000000000223106866315E+00
   8.92500   5.21000000000218854712131E+00
   8.93000   5.21000000000214691375788E+00
   8.93500   5.21000000000210594652827E+00
   8.94000   5.21000000000206586747709E+00
   8.94500   5.21000000000202656558201E+00
   8.95000   5.21000000000198792982076E+00
   8.95500   5.21000000000195007121562E+00
   8.96000   5.21000000000191298976659E+00
   8.96500   5.21000000000187646342908E+00
   8.97000   5.21000000000184071424769E+00
   8.97500   5.21000000000180574222242E+00
   8.98000   5.21000000000177132530865E+00
   8.98500   5.21000000000173757452870E+00
   8.99000   5.21000000000170448988257E+00
   8.99500   5.21000000000167207137025E+00
   9.00000   5.21000000000164020796944E+00
   9.00500   5.21000000000160889968015E+00
   9.01000   5.21000000000157825752467E+00
   9.01500   5.21000000000154828150301E+00
   9.02000   5.21000000000151874957055E+00
   9.02500   5.21000000000148977274961E+00
   9.03000   5.21000000000146146206248E+00
   9.03500   5.21000000000143359546456E+00
   9.04000   5.21000000000140628397816E+00
   9.04500   5.21000000000137952760326E+00
   9.05000   5.21000000000135321531758E+00
   9.05500   5.21000000000132745814341E+00
   9.06000   5.21000000000130214505845E+00
   9.06500   5.21000000000127738708500E+00
   9.07000   5.21000000000125307320076E+00
   9.07500   5.21000000000122920340573E+00
   9.08000   5.21000000000120577769991E+00
   9.08500   5.21000000000118279608330E+00
   9.09000   5.21000000000116025855590E+00
   9.09500   5.21000000000113816511771E+00
   9.10000   5.21000000000111651576873E+00
   9.10500   5.21000000000109519948666E+00
   9.11000   5.21000000000107432729379E+00
   9.11500   5.21000000000105389919014E+00
   9.12000   5.21000000000103380415339E+00
   9.12500   5.21000000000101415320586E+00
   9.13000   5.21000000000099483532523E+00
   9.13500   5.21000000000097585051151E+00
   9.14000   5.21000000000095730978700E+00
   9.14500   5.21000000000093910212939E+00
   9.15000   5.21000000000092122753870E+00
   9.15500   5.21000000000090368601491E+00
   9.16000   5.21000000000088636653572E+00
   9.16500   5.21000000000086949114575E+00
   9.17000   5.21000000000085294882268E+00
   9.17500   5.21000000000083673956652E+00
   9.18000   5.21000000000082075235497E+00
   9.18500   5.21000000000080520923262E+00
   9.19000   5.21000000000078977713258E+00
   9.19500   5.21000000000077478912175E+00
   9.20000   5.21000000000076002315552E+00
   9.20500   5.21000000000074559025620E+00
   9.21000   5.21000000000073137940149E+00
   9.21500   5.21000000000071739059138E+00
   9.22000   5.21000000000070373484817E+00
   9.22500   5.21000000000069030114958E+00
   9.23000   5.21000000000067720051788E+00
   9.23500   5.21000000000066432193080E+00
   9.24000   5.21000000000065166538832E+00
   9.24500   5.21000000000063923089044E+00
   9.25000   5.21000000000062701843717E+00
   9.25500   5.21000000000061513905081E+00
   9.26000   5.21000000000060337068675E+00
   9.26500   5.21000000000059193538959E+00
   9.27000   5.21000000000058061111474E+00
   9.27500   5.21000000000056961990680E+00
   9.28000   5.21000000000055873972116E+00
   9.28500   5.21000000000054808158012E+00
   9.29000   5.21000000000053764548369E+00
   9.29500   5.21000000000052743143186E+00
   9.30000   5.21000000000051732840234E+00
   9.30500   5.21000000000050755843972E+00
   9.31000   5.21000000000049778847711E+00
   9.31500   5.21000000000048835158140E+00
   9.32000   5.21000000000047902570799E+00
   9.32500   5.21000000000046992187919E+00
   9.33000   5.21000000000046092907269E+00
   9.33500   5.21000000000045215831079E+00
   9.34000   5.21000000000044360959350E+00
   9.34500   5.21000000000043517189852E+00
   9.35000   5.21000000000042684522583E+00
   9.35500   5.21000000000041874059775E+00
   9.36000   5.21000000000041074699197E+00
   9.36500   5.21000000000040286440850E+00
   9.37000   5.21000000000039520386963E+00
   9.37500   5.21000000000038776537536E+00
   9.38000   5.21000000000038032688110E+00
   9.38500   5.21000000000037311043144E+00
   9.39000   5.21000000000036600500408E+00
   9.39500   5.21000000000035901059903E+00
   9.40000   5.21000000000035212721627E+00
   9.40500   5.21000000000034546587813E+00
   9.41000   5.21000000000033891556228E+00
   9.41500   5.21000000000033247626874E+00
   9.42000   5.21000000000032614799750E+00
   9.42500   5.21000000000031993074856E+00
   9.43000   5.21000000000031382452192E+00
   9.43500   5.21000000000030782931759E+00
   9.44000   5.21000000000030194513556E+00
   9.44500   5.21000000000029617197583E+00
   9.45000   5.21000000000029050983841E+00
   9.45500   5.21000000000028506974559E+00
   9.46000   5.21000000000027962965277E+00
   9.46500   5.21000000000027430058225E+00
   9.47000   5.21000000000026908253403E+00
   9.47500   5.21000000000026386448582E+00
   9.48000   5.21000000000025886848221E+00
   9.48500   5.21000000000025398350090E+00
   9.49000   5.21000000000024909851959E+00
   9.49500   5.21000000000024432456058E+00
   9.50000   5.21000000000023977264618E+00
   9.50500   5.21000000000023510970948E+00
   9.51000   5.21000000000023066881738E+00
   9.51500   5.21000000000022622792528E+00
   9.52000   5.21000000000022200907779E+00
   9.52500   5.21000000000021779023029E+00
   9.53000   5.21000000000021357138280E+00
   9.53500   5.21000000000020957457991E+00
   9.54000   5.21000000000020557777702E+00
   9.54500   5.21000000000020158097414E+00
   9.55000   5.21000000000019780621585E+00
   9.55500   5.21000000000019403145757E+00
   9.56000   5.21000000000019036772159E+00
   9.56500   5.21000000000018670398561E+00
   9.57000   5.21000000000018315127193E+00
   9.57500   5.21000000000017959855825E+00
   9.58000   5.21000000000017626788917E+00
   9.58500   5.21000000000017282619780E+00
   9.59000   5.21000000000016960655103E+00
   9.59500   5.21000000000016638690425E+00
   9.60000   5.21000000000016316725748E+00
   9.60500   5.21000000000016005863301E+00
   9.61000   5.21000000000015706103085E+00
   9.61500   5.21000000000015406342868E+00
   9.62000   5.21000000000015106582651E+00
   9.62500   5.21000000000014817924665E+00
   9.63000   5.21000000000014540368909E+00
   9.63500   5.21000000000014262813153E+00
   9.64000   5.21000000000013985257397E+00
   9.64500   5.21000000000013718803871E+00
   9.65000   5.21000000000013463452575E+00
   9.65500   5.21000000000013208101279E+00
   9.66000   5.21000000000012952749984E+00
   9.66500   5.21000000000012708500918E+00
   9.67000   5.21000000000012464251853E+00
   9.67500   5.21000000000012231105018E+00
   9.68000   5.21000000000011997958183E+00
   9.68500   5.21000000000011764811347E+00
   9.69000   5.21000000000011542766742E+00
   9.69500   5.21000000000011320722137E+00
   9.70000   5.21000000000011109779763E+00
   9.70500   5.21000000000010898837388E+00
   9.71000   5.21000000000010687895013E+00
   9.71500   5.21000000000010488054869E+00
   9.72000   5.21000000000010288214725E+00
   9.72500   5.21000000000010088374580E+00
   9.73000   5.21000000000009899636666E+00
   9.73500   5.21000000000009710898752E+00
   9.74000   5.21000000000009522160838E+00
   9.74500   5.21000000000009344525154E+00
   9.75000   5.21000000000009166889470E+00
   9.75500   5.21000000000008989253786E+00
   9.76000   5.21000000000008811618102E+00
   9.76500   5.21000000000008645084648E+00
   9.77000   5.21000000000008489653425E+00
   9.77500   5.21000000000008323119971E+00
   9.78000   5.21000000000008167688748E+00
   9.78500   5.21000000000008012257524E+00
   9.79000   5.21000000000007856826301E+00
   9.79500   5.21000000000007701395077E+00
   9.80000   5.21000000000007557066084E+00
   9.80500   5.21000000000007412737091E+00
   9.81000   5.21000000000007279510328E+00
   9.81500   5.21000000000007135181335E+00
   9.82000   5.21000000000007001954572E+00
   9.82500   5.21000000000006868727809E+00
   9.83000   5.21000000000006735501046E+00
   9.83500   5.21000000000006602274283E+00
   9.84000   5.21000000000006480149750E+00
   9.84500   5.21000000000006358025217E+00
   9.85000   5.21000000000006235900685E+00
   9.85500   5.21000000000006113776152E+00
   9.86000   5.21000000000006002753850E+00
   9.86500   5.21000000000005891731547E+00
   9.87000   5.21000000000005769607014E+00
   9.87500   5.21000000000005669686942E+00
   9.88000   5.21000000000005558664640E+00
   9.88500   5.21000000000005447642337E+00
   9.89000   5.21000000000005347722265E+00
   9.89500   5.21000000000005247802193E+00
   9.90000   5.21000000000005147882121E+00
   9.90500   5.21000000000005047962048E+00
   9.91000   5.21000000000004948041976E+00
   9.91500   5.21000000000004859224134E+00
   9.92000   5.21000000000004759304062E+00
   9.92500   5.21000000000004670486220E+00
   9.93000   5.21000000000004581668378E+00
   9.93500   5.21000000000004492850536E+00
   9.94000   5.21000000000004415134924E+00
   9.94500   5.21000000000004326317082E+00
   9.95000   5.21000000000004248601471E+00
   9.95500   5.21000000000004159783629E+00
   9.96000   5.21000000000004082068017E+00
   9.96500   5.21000000000004004352405E+00
   9.97000   5.21000000000003926636793E+00
   9.97500   5.21000000000003860023412E+00
   9.98000   5.21000000000003782307800E+00
   9.98500   5.21000000000003704592189E+00
   9.99000   5.21000000000003637978807E+00
   9.99500   5.21000000000003571365426E+00
