 0.00500  1.62667351e+07
 0.01000  1.58786228e+07
 0.01500  1.54996982e+07
 0.02000  1.51297453e+07
 0.02500  1.47685527e+07
 0.03000  1.44159143e+07
 0.03500  1.40716285e+07
 0.04000  1.37354987e+07
 0.04500  1.34073328e+07
 0.05000  1.30869434e+07
 0.05500  1.27741471e+07
 0.06000  1.24687652e+07
 0.06500  1.21706230e+07
 0.07000  1.18795500e+07
 0.07500  1.15953796e+07
 0.08000  1.13179492e+07
 0.08500  1.10470999e+07
 0.09000  1.07826767e+07
 0.09500  1.05245281e+07
 0.10000  1.02725063e+07
 0.10500  1.00264668e+07
 0.11000  9.78626864e+06
 0.11500  9.55177407e+06
 0.12000  9.32284863e+06
 0.12500  9.09936100e+06
 0.13000  8.88118297e+06
 0.13500  8.66818932e+06
 0.14000  8.46025777e+06
 0.14500  8.25726892e+06
 0.15000  8.05910618e+06
 0.15500  7.86565570e+06
 0.16000  7.67680630e+06
 0.16500  7.49244941e+06
 0.17000  7.31247902e+06
 0.17500  7.13679161e+06
 0.18000  6.96528609e+06
 0.18500  6.79786373e+06
 0.19000  6.63442817e+06
 0.19500  6.47488526e+06
 0.20000  6.31914309e+06
 0.20500  6.16711192e+06
 0.21000  6.01870410e+06
 0.21500  5.87383404e+06
 0.22000  5.73241819e+06
 0.22500  5.59437493e+06
 0.23000  5.45962459e+06
 0.23500  5.32808934e+06
 0.24000  5.19969322e+06
 0.24500  5.07436203e+06
 0.25000  4.95202332e+06
 0.25500  4.83260635e+06
 0.26000  4.71604204e+06
 0.26500  4.60226292e+06
 0.27000  4.49120315e+06
 0.27500  4.38279840e+06
 0.28000  4.27698586e+06
 0.28500  4.17370421e+06
 0.29000  4.07289356e+06
 0.29500  3.97449545e+06
 0.30000  3.87845278e+06
 0.30500  3.78470979e+06
 0.31000  3.69321204e+06
 0.31500  3.60390637e+06
 0.32000  3.51674088e+06
 0.32500  3.43166488e+06
 0.33000  3.34862887e+06
 0.33500  3.26758454e+06
 0.34000  3.18848469e+06
 0.34500  3.11128325e+06
 0.35000  3.03593522e+06
 0.35500  2.96239667e+06
 0.36000  2.89062470e+06
 0.36500  2.82057744e+06
 0.37000  2.75221396e+06
 0.37500  2.68549435e+06
 0.38000  2.62037961e+06
 0.38500  2.55683165e+06
 0.39000  2.49481331e+06
 0.39500  2.43428827e+06
 0.40000  2.37522109e+06
 0.40500  2.31757716e+06
 0.41000  2.26132268e+06
 0.41500  2.20642466e+06
 0.42000  2.15285088e+06
 0.42500  2.10056986e+06
 0.43000  2.04955090e+06
 0.43500  1.99976400e+06
 0.44000  1.95117988e+06
 0.44500  1.90376993e+06
 0.45000  1.85750623e+06
 0.45500  1.81236153e+06
 0.46000  1.76830920e+06
 0.46500  1.72532325e+06
 0.47000  1.68337831e+06
 0.47500  1.64244959e+06
 0.48000  1.60251290e+06
 0.48500  1.56354462e+06
 0.49000  1.52552168e+06
 0.49500  1.48842157e+06
 0.50000  1.45222229e+06
 0.50500  1.41690237e+06
 0.51000  1.38244086e+06
 0.51500  1.34881728e+06
 0.52000  1.31601165e+06
 0.52500  1.28400446e+06
 0.53000  1.25277666e+06
 0.53500  1.22230965e+06
 0.54000  1.19258527e+06
 0.54500  1.16358579e+06
 0.55000  1.13529389e+06
 0.55500  1.10769267e+06
 0.56000  1.08076563e+06
 0.56500  1.05449666e+06
 0.57000  1.02887002e+06
 0.57500  1.00387036e+06
 0.58000  9.79482674e+05
 0.58500  9.55692326e+05
 0.59000  9.32485019e+05
 0.59500  9.09846798e+05
 0.60000  8.87764036e+05
 0.60500  8.66223429e+05
 0.61000  8.45211988e+05
 0.61500  8.24717033e+05
 0.62000  8.04726182e+05
 0.62500  7.85227347e+05
 0.63000  7.66208728e+05
 0.63500  7.47658804e+05
 0.64000  7.29566324e+05
 0.64500  7.11920307e+05
 0.65000  6.94710032e+05
 0.65500  6.77925031e+05
 0.66000  6.61555084e+05
 0.66500  6.45590215e+05
 0.67000  6.30020683e+05
 0.67500  6.14836979e+05
 0.68000  6.00029819e+05
 0.68500  5.85590140e+05
 0.69000  5.71509093e+05
 0.69500  5.57778040e+05
 0.70000  5.44388549e+05
 0.70500  5.31332385e+05
 0.71000  5.18601511e+05
 0.71500  5.06188082e+05
 0.72000  4.94084437e+05
 0.72500  4.82283098e+05
 0.73000  4.70776764e+05
 0.73500  4.59558309e+05
 0.74000  4.48620775e+05
 0.74500  4.37957371e+05
 0.75000  4.27561466e+05
 0.75500  4.17426587e+05
 0.76000  4.07546416e+05
 0.76500  3.97914785e+05
 0.77000  3.88525672e+05
 0.77500  3.79373198e+05
 0.78000  3.70451627e+05
 0.78500  3.61755355e+05
 0.79000  3.53278917e+05
 0.79500  3.45016972e+05
 0.80000  3.36964312e+05
 0.80500  3.29115849e+05
 0.81000  3.21466620e+05
 0.81500  3.14011776e+05
 0.82000  3.06746588e+05
 0.82500  2.99666436e+05
 0.83000  2.92766813e+05
 0.83500  2.86043320e+05
 0.84000  2.79491659e+05
 0.84500  2.73107640e+05
 0.85000  2.66887168e+05
 0.85500  2.60826250e+05
 0.86000  2.54920987e+05
 0.86500  2.49167572e+05
 0.87000  2.43562289e+05
 0.87500  2.38101514e+05
 0.88000  2.32781707e+05
 0.88500  2.27599412e+05
 0.89000  2.22551258e+05
 0.89500  2.17633954e+05
 0.90000  2.12844287e+05
 0.90500  2.08179122e+05
 0.91000  2.03635398e+05
 0.91500  1.99210128e+05
 0.92000  1.94900397e+05
 0.92500  1.90703359e+05
 0.93000  1.86616238e+05
 0.93500  1.82636323e+05
 0.94000  1.78760968e+05
 0.94500  1.74987591e+05
 0.95000  1.71313673e+05
 0.95500  1.67736754e+05
 0.96000  1.64254434e+05
 0.96500  1.60864370e+05
 0.97000  1.57564277e+05
 0.97500  1.54351923e+05
 0.98000  1.51225130e+05
 0.98500  1.48181774e+05
 0.99000  1.45219781e+05
 0.99500  1.42337127e+05
 1.00000  1.39531837e+05
 1.00500  1.36801983e+05
 1.01000  1.34145684e+05
 1.01500  1.31561105e+05
 1.02000  1.29046455e+05
 1.02500  1.26599986e+05
 1.03000  1.24219991e+05
 1.03500  1.21904806e+05
 1.04000  1.19652807e+05
 1.04500  1.17462409e+05
 1.05000  1.15332065e+05
 1.05500  1.13260266e+05
 1.06000  1.11245539e+05
 1.06500  1.09286448e+05
 1.07000  1.07381589e+05
 1.07500  1.05529596e+05
 1.08000  1.03729132e+05
 1.08500  1.01978895e+05
 1.09000  1.00277615e+05
 1.09500  9.86240513e+04
 1.10000  9.70169936e+04
 1.10500  9.54552617e+04
 1.11000  9.39377037e+04
 1.11500  9.24631958e+04
 1.12000  9.10306416e+04
 1.12500  8.96389715e+04
 1.13000  8.82871418e+04
 1.13500  8.69741343e+04
 1.14000  8.56989556e+04
 1.14500  8.44606368e+04
 1.15000  8.32582323e+04
 1.15500  8.20908198e+04
 1.16000  8.09574996e+04
 1.16500  7.98573940e+04
 1.17000  7.87896467e+04
 1.17500  7.77534223e+04
 1.18000  7.67479061e+04
 1.18500  7.57723032e+04
 1.19000  7.48258384e+04
 1.19500  7.39077552e+04
 1.20000  7.30173159e+04
 1.20500  7.21538010e+04
 1.21000  7.13165086e+04
 1.21500  7.05047541e+04
 1.22000  6.97178696e+04
 1.22500  6.89552040e+04
 1.23000  6.82161219e+04
 1.23500  6.75000038e+04
 1.24000  6.68062454e+04
 1.24500  6.61342574e+04
 1.25000  6.54834650e+04
 1.25500  6.48533077e+04
 1.26000  6.42432389e+04
 1.26500  6.36527254e+04
 1.27000  6.30812472e+04
 1.27500  6.25282975e+04
 1.28000  6.19933819e+04
 1.28500  6.14760181e+04
 1.29000  6.09757361e+04
 1.29500  6.04920776e+04
 1.30000  6.00245954e+04
 1.30500  5.95728537e+04
 1.31000  5.91364276e+04
 1.31500  5.87149026e+04
 1.32000  5.83078749e+04
 1.32500  5.79149505e+04
 1.33000  5.75268131e+04
 1.33500  5.71734640e+04
 1.34000  5.67887688e+04
 1.34500  5.64616338e+04
 1.35000  5.61289685e+04
 1.35500  5.58172564e+04
 1.36000  5.55206986e+04
 1.36500  5.52294067e+04
 1.37000  5.49552789e+04
 1.37500  5.46904988e+04
 1.38000  5.44324574e+04
 1.38500  5.41854829e+04
 1.39000  5.39481818e+04
 1.39500  5.37184165e+04
 1.40000  5.34967347e+04
 1.40500  5.32836844e+04
 1.41000  5.30786890e+04
 1.41500  5.28811816e+04
 1.42000  5.26911017e+04
 1.42500  5.25087057e+04
 1.43000  5.23337974e+04
 1.43500  5.21661245e+04
 1.44000  5.20054449e+04
 1.44500  5.18516318e+04
 1.45000  5.17046083e+04
 1.45500  5.15642680e+04
 1.46000  5.14304823e+04
 1.46500  5.13031032e+04
 1.47000  5.11819815e+04
 1.47500  5.10669723e+04
 1.48000  5.09579372e+04
 1.48500  5.08547449e+04
 1.49000  5.07572800e+04
 1.49500  5.06654044e+04
 1.50000  5.05789580e+04
 1.50500  5.04977887e+04
 1.51000  5.04217518e+04
 1.51500  5.03507092e+04
 1.52000  5.02845285e+04
 1.52500  5.02230823e+04
 1.53000  5.01662478e+04
 1.53500  5.01139060e+04
 1.54000  5.00659414e+04
 1.54500  5.00222412e+04
 1.55000  4.99826956e+04
 1.55500  4.99471972e+04
 1.56000  4.99156408e+04
 1.56500  4.98879226e+04
 1.57000  4.98639396e+04
 1.57500  4.98435901e+04
 1.58000  4.98267774e+04
 1.58500  4.98134058e+04
 1.59000  4.98033800e+04
 1.59500  4.97966042e+04
 1.60000  4.97929831e+04
 1.60500  4.97924212e+04
 1.61000  4.97948255e+04
 1.61500  4.98001085e+04
 1.62000  4.98081834e+04
 1.62500  4.98189636e+04
 1.63000  4.98323624e+04
 1.63500  4.98482930e+04
 1.64000  4.98666689e+04
 1.64500  4.98874053e+04
 1.65000  4.99104225e+04
 1.65500  4.99356418e+04
 1.66000  4.99629845e+04
 1.66500  4.99923742e+04
 1.67000  5.00237346e+04
 1.67500  5.00569919e+04
 1.68000  5.00920740e+04
 1.68500  5.01289101e+04
 1.69000  5.01674312e+04
 1.69500  5.02075702e+04
 1.70000  5.02492613e+04
 1.70500  5.02924408e+04
 1.71000  5.03370464e+04
 1.71500  5.03830178e+04
 1.72000  5.04302963e+04
 1.72500  5.04788249e+04
 1.73000  5.05285485e+04
 1.73500  5.05794135e+04
 1.74000  5.06313683e+04
 1.74500  5.06843627e+04
 1.75000  5.07383483e+04
 1.75500  5.07932786e+04
 1.76000  5.08491078e+04
 1.76500  5.09057869e+04
 1.77000  5.09632632e+04
 1.77500  5.10214882e+04
 1.78000  5.10804145e+04
 1.78500  5.11399960e+04
 1.79000  5.12001874e+04
 1.79500  5.12609447e+04
 1.80000  5.13222246e+04
 1.80500  5.13839851e+04
 1.81000  5.14461847e+04
 1.81500  5.15087830e+04
 1.82000  5.15717406e+04
 1.82500  5.16350194e+04
 1.83000  5.16985827e+04
 1.83500  5.17623953e+04
 1.84000  5.18264231e+04
 1.84500  5.18906332e+04
 1.85000  5.19549936e+04
 1.85500  5.20194734e+04
 1.86000  5.20840429e+04
 1.86500  5.21486739e+04
 1.87000  5.22133427e+04
 1.87500  5.22780304e+04
 1.88000  5.23427156e+04
 1.88500  5.24073771e+04
 1.89000  5.24719931e+04
 1.89500  5.25365424e+04
 1.90000  5.26010047e+04
 1.90500  5.26653605e+04
 1.91000  5.27295913e+04
 1.91500  5.27936757e+04
 1.92000  5.28575719e+04
 1.92500  5.29212387e+04
 1.93000  5.29846419e+04
 1.93500  5.30477475e+04
 1.94000  5.31105240e+04
 1.94500  5.31729414e+04
 1.95000  5.32349707e+04
 1.95500  5.32965842e+04
 1.96000  5.33577554e+04
 1.96500  5.34184647e+04
 1.97000  5.34787038e+04
 1.97500  5.35384626e+04
 1.98000  5.35977315e+04
 1.98500  5.36565020e+04
 1.99000  5.37147688e+04
 1.99500  5.37725291e+04
 2.00000  5.38297804e+04
 2.00500  5.38865203e+04
 2.01000  5.39427499e+04
 2.01500  5.39984851e+04
 2.02000  5.40537353e+04
 2.02500  5.41084998e+04
 2.03000  5.41627795e+04
 2.03500  5.42165759e+04
 2.04000  5.42698903e+04
 2.04500  5.43227194e+04
 2.05000  5.43750583e+04
 2.05500  5.44269033e+04
 2.06000  5.44782423e+04
 2.06500  5.45290167e+04
 2.07000  5.45791845e+04
 2.07500  5.46287257e+04
 2.08000  5.46776197e+04
 2.08500  5.47258485e+04
 2.09000  5.47733954e+04
 2.09500  5.48202477e+04
 2.10000  5.48663972e+04
 2.10500  5.49118364e+04
 2.11000  5.49565600e+04
 2.11500  5.50005938e+04
 2.12000  5.50439933e+04
 2.12500  5.50867790e+04
 2.13000  5.51289699e+04
 2.13500  5.51705838e+04
 2.14000  5.52116384e+04
 2.14500  5.52521509e+04
 2.15000  5.52921374e+04
 2.15500  5.53316136e+04
 2.16000  5.53705935e+04
 2.16500  5.54090907e+04
 2.17000  5.54471080e+04
 2.17500  5.54846149e+04
 2.18000  5.55215951e+04
 2.18500  5.55580419e+04
 2.19000  5.55939484e+04
 2.19500  5.56293092e+04
 2.20000  5.56641197e+04
 2.20500  5.56983760e+04
 2.21000  5.57320753e+04
 2.21500  5.57652158e+04
 2.22000  5.57977956e+04
 2.22500  5.58298121e+04
 2.23000  5.58612644e+04
 2.23500  5.58921627e+04
 2.24000  5.59225204e+04
 2.24500  5.59523480e+04
 2.25000  5.59816560e+04
 2.25500  5.60104549e+04
 2.26000  5.60387549e+04
 2.26500  5.60665660e+04
 2.27000  5.60938978e+04
 2.27500  5.61207596e+04
 2.28000  5.61471606e+04
 2.28500  5.61731095e+04
 2.29000  5.61986150e+04
 2.29500  5.62236866e+04
 2.30000  5.62483356e+04
 2.30500  5.62725763e+04
 2.31000  5.62964207e+04
 2.31500  5.63198761e+04
 2.32000  5.63429490e+04
 2.32500  5.63656460e+04
 2.33000  5.63879734e+04
 2.33500  5.64099376e+04
 2.34000  5.64315445e+04
 2.34500  5.64527994e+04
 2.35000  5.64737072e+04
 2.35500  5.64942732e+04
 2.36000  5.65145022e+04
 2.36500  5.65343992e+04
 2.37000  5.65539693e+04
 2.37500  5.65732173e+04
 2.38000  5.65921472e+04
 2.38500  5.66107613e+04
 2.39000  5.66290621e+04
 2.39500  5.66470534e+04
 2.40000  5.66647394e+04
 2.40500  5.66821244e+04
 2.41000  5.66992125e+04
 2.41500  5.67160080e+04
 2.42000  5.67325152e+04
 2.42500  5.67487383e+04
 2.43000  5.67646815e+04
 2.43500  5.67803490e+04
 2.44000  5.67957450e+04
 2.44500  5.68108737e+04
 2.45000  5.68257393e+04
 2.45500  5.68403464e+04
 2.46000  5.68546995e+04
 2.46500  5.68688033e+04
 2.47000  5.68826621e+04
 2.47500  5.68962824e+04
 2.48000  5.69096714e+04
 2.48500  5.69228352e+04
 2.49000  5.69357789e+04
 2.49500  5.69485074e+04
 2.50000  5.69610252e+04
 2.50500  5.69733367e+04
 2.51000  5.69854461e+04
 2.51500  5.69973577e+04
 2.52000  5.70090755e+04
 2.52500  5.70206034e+04
 2.53000  5.70319451e+04
 2.53500  5.70431045e+04
 2.54000  5.70540851e+04
 2.54500  5.70648903e+04
 2.55000  5.70755236e+04
 2.55500  5.70859882e+04
 2.56000  5.70962874e+04
 2.56500  5.71064242e+04
 2.57000  5.71164017e+04
 2.57500  5.71262228e+04
 2.58000  5.71358905e+04
 2.58500  5.71454088e+04
 2.59000  5.71547821e+04
 2.59500  5.71640140e+04
 2.60000  5.71731075e+04
 2.60500  5.71820655e+04
 2.61000  5.71908902e+04
 2.61500  5.71995839e+04
 2.62000  5.72081491e+04
 2.62500  5.72165878e+04
 2.63000  5.72249024e+04
 2.63500  5.72330950e+04
 2.64000  5.72411677e+04
 2.64500  5.72491227e+04
 2.65000  5.72569618e+04
 2.65500  5.72646872e+04
 2.66000  5.72723007e+04
 2.66500  5.72798043e+04
 2.67000  5.72871998e+04
 2.67500  5.72944891e+04
 2.68000  5.73016739e+04
 2.68500  5.73087560e+04
 2.69000  5.73157371e+04
 2.69500  5.73226189e+04
 2.70000  5.73294030e+04
 2.70500  5.73360910e+04
 2.71000  5.73426844e+04
 2.71500  5.73491852e+04
 2.72000  5.73555954e+04
 2.72500  5.73619169e+04
 2.73000  5.73681517e+04
 2.73500  5.73743013e+04
 2.74000  5.73803674e+04
 2.74500  5.73863514e+04
 2.75000  5.73922547e+04
 2.75500  5.73980786e+04
 2.76000  5.74038244e+04
 2.76500  5.74094934e+04
 2.77000  5.74150870e+04
 2.77500  5.74206063e+04
 2.78000  5.74260527e+04
 2.78500  5.74314273e+04
 2.79000  5.74367313e+04
 2.79500  5.74419659e+04
 2.80000  5.74471322e+04
 2.80500  5.74522313e+04
 2.81000  5.74572643e+04
 2.81500  5.74622323e+04
 2.82000  5.74671364e+04
 2.82500  5.74719775e+04
 2.83000  5.74767567e+04
 2.83500  5.74814750e+04
 2.84000  5.74861333e+04
 2.84500  5.74907326e+04
 2.85000  5.74952739e+04
 2.85500  5.74997580e+04
 2.86000  5.75041858e+04
 2.86500  5.75085582e+04
 2.87000  5.75128762e+04
 2.87500  5.75171409e+04
 2.88000  5.75213535e+04
 2.88500  5.75255149e+04
 2.89000  5.75296263e+04
 2.89500  5.75336885e+04
 2.90000  5.75377024e+04
 2.90500  5.75416690e+04
 2.91000  5.75455889e+04
 2.91500  5.75494629e+04
 2.92000  5.75532918e+04
 2.92500  5.75570763e+04
 2.93000  5.75608170e+04
 2.93500  5.75645148e+04
 2.94000  5.75681702e+04
 2.94500  5.75717840e+04
 2.95000  5.75753569e+04
 2.95500  5.75788894e+04
 2.96000  5.75823822e+04
 2.96500  5.75858360e+04
 2.97000  5.75892514e+04
 2.97500  5.75926289e+04
 2.98000  5.75959692e+04
 2.98500  5.75992729e+04
 2.99000  5.76025405e+04
 2.99500  5.76057726e+04
 3.00000  5.76089698e+04
 3.00500  5.76121325e+04
 3.01000  5.76152614e+04
 3.01500  5.76183569e+04
 3.02000  5.76214196e+04
 3.02500  5.76244499e+04
 3.03000  5.76274484e+04
 3.03500  5.76304155e+04
 3.04000  5.76333518e+04
 3.04500  5.76362576e+04
 3.05000  5.76391335e+04
 3.05500  5.76419798e+04
 3.06000  5.76447970e+04
 3.06500  5.76475853e+04
 3.07000  5.76503450e+04
 3.07500  5.76530763e+04
 3.08000  5.76557796e+04
 3.08500  5.76584551e+04
 3.09000  5.76611031e+04
 3.09500  5.76637240e+04
 3.10000  5.76663180e+04
 3.10500  5.76688855e+04
 3.11000  5.76714269e+04
 3.11500  5.76739424e+04
 3.12000  5.76764325e+04
 3.12500  5.76788974e+04
 3.13000  5.76813375e+04
 3.13500  5.76837530e+04
 3.14000  5.76861443e+04
 3.14500  5.76885117e+04
 3.15000  5.76908555e+04
 3.15500  5.76931760e+04
 3.16000  5.76954734e+04
 3.16500  5.76977481e+04
 3.17000  5.77000002e+04
 3.17500  5.77022302e+04
 3.18000  5.77044383e+04
 3.18500  5.77066247e+04
 3.19000  5.77087897e+04
 3.19500  5.77109335e+04
 3.20000  5.77130565e+04
 3.20500  5.77151588e+04
 3.21000  5.77172408e+04
 3.21500  5.77193027e+04
 3.22000  5.77213446e+04
 3.22500  5.77233669e+04
 3.23000  5.77253698e+04
 3.23500  5.77273536e+04
 3.24000  5.77293184e+04
 3.24500  5.77312644e+04
 3.25000  5.77331920e+04
 3.25500  5.77351013e+04
 3.26000  5.77369925e+04
 3.26500  5.77388659e+04
 3.27000  5.77407216e+04
 3.27500  5.77425600e+04
 3.28000  5.77443810e+04
 3.28500  5.77461849e+04
 3.29000  5.77479717e+04
 3.29500  5.77497412e+04
 3.30000  5.77514937e+04
 3.30500  5.77532290e+04
 3.31000  5.77549472e+04
 3.31500  5.77566485e+04
 3.32000  5.77583329e+04
 3.32500  5.77600005e+04
 3.33000  5.77616513e+04
 3.33500  5.77632855e+04
 3.34000  5.77649034e+04
 3.34500  5.77665050e+04
 3.35000  5.77680906e+04
 3.35500  5.77696603e+04
 3.36000  5.77712142e+04
 3.36500  5.77727526e+04
 3.37000  5.77742756e+04
 3.37500  5.77757832e+04
 3.38000  5.77772757e+04
 3.38500  5.77787532e+04
 3.39000  5.77802159e+04
 3.39500  5.77816639e+04
 3.40000  5.77830973e+04
 3.40500  5.77845164e+04
 3.41000  5.77859211e+04
 3.41500  5.77873118e+04
 3.42000  5.77886884e+04
 3.42500  5.77900512e+04
 3.43000  5.77914002e+04
 3.43500  5.77927357e+04
 3.44000  5.77940577e+04
 3.44500  5.77953664e+04
 3.45000  5.77966619e+04
 3.45500  5.77979444e+04
 3.46000  5.77992139e+04
 3.46500  5.78004706e+04
 3.47000  5.78017146e+04
 3.47500  5.78029460e+04
 3.48000  5.78041651e+04
 3.48500  5.78053718e+04
 3.49000  5.78065663e+04
 3.49500  5.78077488e+04
 3.50000  5.78089193e+04
 3.50500  5.78100780e+04
 3.51000  5.78112249e+04
 3.51500  5.78123603e+04
 3.52000  5.78134842e+04
 3.52500  5.78145967e+04
 3.53000  5.78156980e+04
 3.53500  5.78167881e+04
 3.54000  5.78178671e+04
 3.54500  5.78189353e+04
 3.55000  5.78199926e+04
 3.55500  5.78210393e+04
 3.56000  5.78220753e+04
 3.56500  5.78231008e+04
 3.57000  5.78241160e+04
 3.57500  5.78251208e+04
 3.58000  5.78261155e+04
 3.58500  5.78271001e+04
 3.59000  5.78280747e+04
 3.59500  5.78290394e+04
 3.60000  5.78299944e+04
 3.60500  5.78309396e+04
 3.61000  5.78318753e+04
 3.61500  5.78328015e+04
 3.62000  5.78337183e+04
 3.62500  5.78346257e+04
 3.63000  5.78355240e+04
 3.63500  5.78364131e+04
 3.64000  5.78372932e+04
 3.64500  5.78381644e+04
 3.65000  5.78390267e+04
 3.65500  5.78398803e+04
 3.66000  5.78407252e+04
 3.66500  5.78415615e+04
 3.67000  5.78423893e+04
 3.67500  5.78432086e+04
 3.68000  5.78440197e+04
 3.68500  5.78448225e+04
 3.69000  5.78456171e+04
 3.69500  5.78464037e+04
 3.70000  5.78471822e+04
 3.70500  5.78479529e+04
 3.71000  5.78487157e+04
 3.71500  5.78494707e+04
 3.72000  5.78502181e+04
 3.72500  5.78509578e+04
 3.73000  5.78516900e+04
 3.73500  5.78524148e+04
 3.74000  5.78531322e+04
 3.74500  5.78538423e+04
 3.75000  5.78545451e+04
 3.75500  5.78552408e+04
 3.76000  5.78559295e+04
 3.76500  5.78566111e+04
 3.77000  5.78572858e+04
 3.77500  5.78579536e+04
 3.78000  5.78586147e+04
 3.78500  5.78592690e+04
 3.79000  5.78599166e+04
 3.79500  5.78605577e+04
 3.80000  5.78611923e+04
 3.80500  5.78618205e+04
 3.81000  5.78624422e+04
 3.81500  5.78630577e+04
 3.82000  5.78636669e+04
 3.82500  5.78642699e+04
 3.83000  5.78648669e+04
 3.83500  5.78654577e+04
 3.84000  5.78660426e+04
 3.84500  5.78666216e+04
 3.85000  5.78671947e+04
 3.85500  5.78677620e+04
 3.86000  5.78683235e+04
 3.86500  5.78688794e+04
 3.87000  5.78694296e+04
 3.87500  5.78699743e+04
 3.88000  5.78705135e+04
 3.88500  5.78710472e+04
 3.89000  5.78715756e+04
 3.89500  5.78720986e+04
 3.90000  5.78726163e+04
 3.90500  5.78731288e+04
 3.91000  5.78736361e+04
 3.91500  5.78741383e+04
 3.92000  5.78746354e+04
 3.92500  5.78751276e+04
 3.93000  5.78756147e+04
 3.93500  5.78760970e+04
 3.94000  5.78765744e+04
 3.94500  5.78770470e+04
 3.95000  5.78775148e+04
 3.95500  5.78779779e+04
 3.96000  5.78784363e+04
 3.96500  5.78788902e+04
 3.97000  5.78793395e+04
 3.97500  5.78797842e+04
 3.98000  5.78802245e+04
 3.98500  5.78806604e+04
 3.99000  5.78810918e+04
 3.99500  5.78815190e+04
 4.00000  5.78819418e+04
 4.00500  5.78823604e+04
 4.01000  5.78827748e+04
 4.01500  5.78831851e+04
 4.02000  5.78835912e+04
 4.02500  5.78839933e+04
 4.03000  5.78843913e+04
 4.03500  5.78847853e+04
 4.04000  5.78851754e+04
 4.04500  5.78855616e+04
 4.05000  5.78859439e+04
 4.05500  5.78863223e+04
 4.06000  5.78866970e+04
 4.06500  5.78870680e+04
 4.07000  5.78874352e+04
 4.07500  5.78877987e+04
 4.08000  5.78881586e+04
 4.08500  5.78885150e+04
 4.09000  5.78888677e+04
 4.09500  5.78892169e+04
 4.10000  5.78895627e+04
 4.10500  5.78899049e+04
 4.11000  5.78902438e+04
 4.11500  5.78905793e+04
 4.12000  5.78909114e+04
 4.12500  5.78912402e+04
 4.13000  5.78915657e+04
 4.13500  5.78918880e+04
 4.14000  5.78922071e+04
 4.14500  5.78925230e+04
 4.15000  5.78928357e+04
 4.15500  5.78931453e+04
 4.16000  5.78934518e+04
 4.16500  5.78937553e+04
 4.17000  5.78940558e+04
 4.17500  5.78943532e+04
 4.18000  5.78946477e+04
 4.18500  5.78949393e+04
 4.19000  5.78952280e+04
 4.19500  5.78955138e+04
 4.20000  5.78957967e+04
 4.20500  5.78960768e+04
 4.21000  5.78963542e+04
 4.21500  5.78966288e+04
 4.22000  5.78969006e+04
 4.22500  5.78971698e+04
 4.23000  5.78974363e+04
 4.23500  5.78977001e+04
 4.24000  5.78979613e+04
 4.24500  5.78982200e+04
 4.25000  5.78984760e+04
 4.25500  5.78987295e+04
 4.26000  5.78989805e+04
 4.26500  5.78992290e+04
 4.27000  5.78994751e+04
 4.27500  5.78997187e+04
 4.28000  5.78999598e+04
 4.28500  5.79001986e+04
 4.29000  5.79004351e+04
 4.29500  5.79006692e+04
 4.30000  5.79009010e+04
 4.30500  5.79011304e+04
 4.31000  5.79013576e+04
 4.31500  5.79015826e+04
 4.32000  5.79018053e+04
 4.32500  5.79020258e+04
 4.33000  5.79022441e+04
 4.33500  5.79024603e+04
 4.34000  5.79026743e+04
 4.34500  5.79028862e+04
 4.35000  5.79030960e+04
 4.35500  5.79033037e+04
 4.36000  5.79035093e+04
 4.36500  5.79037130e+04
 4.37000  5.79039146e+04
 4.37500  5.79041142e+04
 4.38000  5.79043118e+04
 4.38500  5.79045076e+04
 4.39000  5.79047013e+04
 4.39500  5.79048932e+04
 4.40000  5.79050832e+04
 4.40500  5.79052714e+04
 4.41000  5.79054577e+04
 4.41500  5.79056370e+04
 4.42000  5.79057984e+04
 4.42500  5.79059582e+04
 4.43000  5.79061163e+04
 4.43500  5.79062728e+04
 4.44000  5.79064278e+04
 4.44500  5.79065812e+04
 4.45000  5.79067330e+04
 4.45500  5.79068833e+04
 4.46000  5.79070321e+04
 4.46500  5.79071794e+04
 4.47000  5.79073253e+04
 4.47500  5.79074696e+04
 4.48000  5.79076126e+04
 4.48500  5.79077541e+04
 4.49000  5.79078941e+04
 4.49500  5.79080328e+04
 4.50000  5.79081701e+04
 4.50500  5.79083061e+04
 4.51000  5.79084407e+04
 4.51500  5.79085739e+04
 4.52000  5.79087058e+04
 4.52500  5.79088365e+04
 4.53000  5.79089658e+04
 4.53500  5.79090939e+04
 4.54000  5.79092206e+04
 4.54500  5.79093462e+04
 4.55000  5.79094705e+04
 4.55500  5.79095936e+04
 4.56000  5.79097154e+04
 4.56500  5.79098361e+04
 4.57000  5.79099556e+04
 4.57500  5.79100739e+04
 4.58000  5.79101911e+04
 4.58500  5.79103071e+04
 4.59000  5.79104220e+04
 4.59500  5.79105357e+04
 4.60000  5.79106484e+04
 4.60500  5.79107599e+04
 4.61000  5.79108704e+04
 4.61500  5.79109798e+04
 4.62000  5.79110881e+04
 4.62500  5.79111954e+04
 4.63000  5.79113017e+04
 4.63500  5.79114069e+04
 4.64000  5.79115111e+04
 4.64500  5.79116143e+04
 4.65000  5.79117165e+04
 4.65500  5.79118177e+04
 4.66000  5.79119179e+04
 4.66500  5.79120172e+04
 4.67000  5.79121156e+04
 4.67500  5.79122129e+04
 4.68000  5.79123094e+04
 4.68500  5.79124049e+04
 4.69000  5.79124995e+04
 4.69500  5.79125932e+04
 4.70000  5.79126861e+04
 4.70500  5.79127780e+04
 4.71000  5.79128691e+04
 4.71500  5.79129592e+04
 4.72000  5.79130486e+04
 4.72500  5.79131371e+04
 4.73000  5.79132247e+04
 4.73500  5.79133115e+04
 4.74000  5.79133975e+04
 4.74500  5.79134827e+04
 4.75000  5.79135671e+04
 4.75500  5.79136507e+04
 4.76000  5.79137335e+04
 4.76500  5.79138155e+04
 4.77000  5.79138968e+04
 4.77500  5.79139772e+04
 4.78000  5.79140570e+04
 4.78500  5.79141360e+04
 4.79000  5.79142142e+04
 4.79500  5.79142917e+04
 4.80000  5.79143685e+04
 4.80500  5.79144446e+04
 4.81000  5.79145199e+04
 4.81500  5.79145946e+04
 4.82000  5.79146686e+04
 4.82500  5.79147418e+04
 4.83000  5.79148144e+04
 4.83500  5.79148864e+04
 4.84000  5.79149576e+04
 4.84500  5.79150282e+04
 4.85000  5.79150982e+04
 4.85500  5.79151675e+04
 4.86000  5.79152361e+04
 4.86500  5.79153042e+04
 4.87000  5.79153716e+04
 4.87500  5.79154384e+04
 4.88000  5.79155045e+04
 4.88500  5.79155701e+04
 4.89000  5.79156350e+04
 4.89500  5.79156994e+04
 4.90000  5.79157632e+04
 4.90500  5.79158264e+04
 4.91000  5.79158890e+04
 4.91500  5.79159510e+04
 4.92000  5.79160125e+04
 4.92500  5.79160734e+04
 4.93000  5.79161338e+04
 4.93500  5.79161936e+04
 4.94000  5.79162529e+04
 4.94500  5.79163116e+04
 4.95000  5.79163698e+04
 4.95500  5.79164275e+04
 4.96000  5.79164847e+04
 4.96500  5.79165413e+04
 4.97000  5.79165974e+04
 4.97500  5.79166531e+04
 4.98000  5.79167082e+04
 4.98500  5.79167628e+04
 4.99000  5.79168170e+04
 4.99500  5.79168706e+04
 5.00000  5.79169238e+04
 5.00500  5.79169765e+04
 5.01000  5.79170287e+04
 5.01500  5.79170804e+04
 5.02000  5.79171317e+04
 5.02500  5.79171826e+04
 5.03000  5.79172329e+04
 5.03500  5.79172829e+04
 5.04000  5.79173324e+04
 5.04500  5.79173814e+04
 5.05000  5.79174300e+04
 5.05500  5.79174782e+04
 5.06000  5.79175260e+04
 5.06500  5.79175733e+04
 5.07000  5.79176202e+04
 5.07500  5.79176667e+04
 5.08000  5.79177128e+04
 5.08500  5.79177585e+04
 5.09000  5.79178038e+04
 5.09500  5.79178486e+04
 5.10000  5.79178931e+04
 5.10500  5.79179372e+04
 5.11000  5.79179809e+04
 5.11500  5.79180242e+04
 5.12000  5.79180672e+04
 5.12500  5.79181098e+04
 5.13000  5.79181520e+04
 5.13500  5.79181938e+04
 5.14000  5.79182352e+04
 5.14500  5.79182763e+04
 5.15000  5.79183171e+04
 5.15500  5.79183575e+04
 5.16000  5.79183975e+04
 5.16500  5.79184372e+04
 5.17000  5.79184766e+04
 5.17500  5.79185156e+04
 5.18000  5.79185542e+04
 5.18500  5.79185926e+04
 5.19000  5.79186306e+04
 5.19500  5.79186682e+04
 5.20000  5.79187056e+04
 5.20500  5.79187426e+04
 5.21000  5.79187793e+04
 5.21500  5.79188157e+04
 5.22000  5.79188518e+04
 5.22500  5.79188876e+04
 5.23000  5.79189230e+04
 5.23500  5.79189582e+04
 5.24000  5.79189931e+04
 5.24500  5.79190276e+04
 5.25000  5.79190619e+04
 5.25500  5.79190959e+04
 5.26000  5.79191295e+04
 5.26500  5.79191629e+04
 5.27000  5.79191960e+04
 5.27500  5.79192289e+04
 5.28000  5.79192614e+04
 5.28500  5.79192937e+04
 5.29000  5.79193257e+04
 5.29500  5.79193574e+04
 5.30000  5.79193889e+04
 5.30500  5.79194201e+04
 5.31000  5.79194510e+04
 5.31500  5.79194817e+04
 5.32000  5.79195121e+04
 5.32500  5.79195423e+04
 5.33000  5.79195722e+04
 5.33500  5.79196018e+04
 5.34000  5.79196312e+04
 5.34500  5.79196604e+04
 5.35000  5.79196893e+04
 5.35500  5.79197180e+04
 5.36000  5.79197464e+04
 5.36500  5.79197746e+04
 5.37000  5.79198025e+04
 5.37500  5.79198303e+04
 5.38000  5.79198578e+04
 5.38500  5.79198850e+04
 5.39000  5.79199121e+04
 5.39500  5.79199389e+04
 5.40000  5.79199655e+04
 5.40500  5.79199918e+04
 5.41000  5.79200180e+04
 5.41500  5.79200439e+04
 5.42000  5.79200696e+04
 5.42500  5.79200951e+04
 5.43000  5.79201204e+04
 5.43500  5.79201455e+04
 5.44000  5.79201704e+04
 5.44500  5.79201951e+04
 5.45000  5.79202195e+04
 5.45500  5.79202438e+04
 5.46000  5.79202679e+04
 5.46500  5.79202918e+04
 5.47000  5.79203154e+04
 5.47500  5.79203389e+04
 5.48000  5.79203622e+04
 5.48500  5.79203853e+04
 5.49000  5.79204082e+04
 5.49500  5.79204309e+04
 5.50000  5.79204535e+04
 5.50500  5.79204758e+04
 5.51000  5.79204980e+04
 5.51500  5.79205200e+04
 5.52000  5.79205418e+04
 5.52500  5.79205635e+04
 5.53000  5.79205849e+04
 5.53500  5.79206062e+04
 5.54000  5.79206273e+04
 5.54500  5.79206483e+04
 5.55000  5.79206690e+04
 5.55500  5.79206897e+04
 5.56000  5.79207101e+04
 5.56500  5.79207304e+04
 5.57000  5.79207505e+04
 5.57500  5.79207704e+04
 5.58000  5.79207902e+04
 5.58500  5.79208099e+04
 5.59000  5.79208293e+04
 5.59500  5.79208487e+04
 5.60000  5.79208678e+04
 5.60500  5.79208868e+04
 5.61000  5.79209057e+04
 5.61500  5.79209244e+04
 5.62000  5.79209430e+04
 5.62500  5.79209614e+04
 5.63000  5.79209796e+04
 5.63500  5.79209977e+04
 5.64000  5.79210157e+04
 5.64500  5.79210336e+04
 5.65000  5.79210512e+04
 5.65500  5.79210688e+04
 5.66000  5.79210862e+04
 5.66500  5.79211035e+04
 5.67000  5.79211206e+04
 5.67500  5.79211376e+04
 5.68000  5.79211545e+04
 5.68500  5.79211712e+04
 5.69000  5.79211878e+04
 5.69500  5.79212043e+04
 5.70000  5.79212206e+04
 5.70500  5.79212368e+04
 5.71000  5.79212529e+04
 5.71500  5.79212689e+04
 5.72000  5.79212847e+04
 5.72500  5.79213004e+04
 5.73000  5.79213160e+04
 5.73500  5.79213315e+04
 5.74000  5.79213468e+04
 5.74500  5.79213620e+04
 5.75000  5.79213771e+04
 5.75500  5.79213921e+04
 5.76000  5.79214070e+04
 5.76500  5.79214218e+04
 5.77000  5.79214364e+04
 5.77500  5.79214509e+04
 5.78000  5.79214653e+04
 5.78500  5.79214796e+04
 5.79000  5.79214938e+04
 5.79500  5.79215079e+04
 5.80000  5.79215219e+04
 5.80500  5.79215357e+04
 5.81000  5.79215495e+04
 5.81500  5.79215632e+04
 5.82000  5.79215767e+04
 5.82500  5.79215901e+04
 5.83000  5.79216035e+04
 5.83500  5.79216167e+04
 5.84000  5.79216298e+04
 5.84500  5.79216429e+04
 5.85000  5.79216558e+04
 5.85500  5.79216686e+04
 5.86000  5.79216814e+04
 5.86500  5.79216940e+04
 5.87000  5.79217066e+04
 5.87500  5.79217190e+04
 5.88000  5.79217314e+04
 5.88500  5.79217436e+04
 5.89000  5.79217558e+04
 5.89500  5.79217679e+04
 5.90000  5.79217798e+04
 5.90500  5.79217917e+04
 5.91000  5.79218035e+04
 5.91500  5.79218152e+04
 5.92000  5.79218268e+04
 5.92500  5.79218384e+04
 5.93000  5.79218498e+04
 5.93500  5.79218612e+04
 5.94000  5.79218725e+04
 5.94500  5.79218836e+04
 5.95000  5.79218947e+04
 5.95500  5.79219058e+04
 5.96000  5.79219167e+04
 5.96500  5.79219275e+04
 5.97000  5.79219383e+04
 5.97500  5.79219490e+04
 5.98000  5.79219596e+04
 5.98500  5.79219702e+04
 5.99000  5.79219806e+04
 5.99500  5.79219910e+04
 6.00000  5.79220013e+04
 6.00500  5.79220115e+04
 6.01000  5.79220216e+04
 6.01500  5.79220317e+04
 6.02000  5.79220417e+04
 6.02500  5.79220516e+04
 6.03000  5.79220615e+04
 6.03500  5.79220712e+04
 6.04000  5.79220809e+04
 6.04500  5.79220906e+04
 6.05000  5.79221001e+04
 6.05500  5.79221096e+04
 6.06000  5.79221190e+04
 6.06500  5.79221284e+04
 6.07000  5.79221376e+04
 6.07500  5.79221468e+04
 6.08000  5.79221560e+04
 6.08500  5.79221651e+04
 6.09000  5.79221741e+04
 6.09500  5.79221830e+04
 6.10000  5.79221919e+04
 6.10500  5.79222007e+04
 6.11000  5.79222094e+04
 6.11500  5.79222181e+04
 6.12000  5.79222267e+04
 6.12500  5.79222353e+04
 6.13000  5.79222438e+04
 6.13500  5.79222522e+04
 6.14000  5.79222606e+04
 6.14500  5.79222689e+04
 6.15000  5.79222771e+04
 6.15500  5.79222853e+04
 6.16000  5.79222934e+04
 6.16500  5.79223015e+04
 6.17000  5.79223095e+04
 6.17500  5.79223174e+04
 6.18000  5.79223253e+04
 6.18500  5.79223332e+04
 6.19000  5.79223409e+04
 6.19500  5.79223486e+04
 6.20000  5.79223563e+04
 6.20500  5.79223639e+04
 6.21000  5.79223715e+04
 6.21500  5.79223790e+04
 6.22000  5.79223864e+04
 6.22500  5.79223938e+04
 6.23000  5.79224012e+04
 6.23500  5.79224084e+04
 6.24000  5.79224157e+04
 6.24500  5.79224229e+04
 6.25000  5.79224300e+04
 6.25500  5.79224371e+04
 6.26000  5.79224441e+04
 6.26500  5.79224511e+04
 6.27000  5.79224580e+04
 6.27500  5.79224649e+04
 6.28000  5.79224717e+04
 6.28500  5.79224785e+04
 6.29000  5.79224852e+04
 6.29500  5.79224919e+04
 6.30000  5.79224985e+04
 6.30500  5.79225051e+04
 6.31000  5.79225117e+04
 6.31500  5.79225182e+04
 6.32000  5.79225246e+04
 6.32500  5.79225310e+04
 6.33000  5.79225374e+04
 6.33500  5.79225437e+04
 6.34000  5.79225500e+04
 6.34500  5.79225562e+04
 6.35000  5.79225624e+04
 6.35500  5.79225685e+04
 6.36000  5.79225746e+04
 6.36500  5.79225806e+04
 6.37000  5.79225866e+04
 6.37500  5.79225926e+04
 6.38000  5.79225985e+04
 6.38500  5.79226044e+04
 6.39000  5.79226103e+04
 6.39500  5.79226161e+04
 6.40000  5.79226218e+04
 6.40500  5.79226275e+04
 6.41000  5.79226332e+04
 6.41500  5.79226389e+04
 6.42000  5.79226444e+04
 6.42500  5.79226500e+04
 6.43000  5.79226555e+04
 6.43500  5.79226610e+04
 6.44000  5.79226665e+04
 6.44500  5.79226719e+04
 6.45000  5.79226772e+04
 6.45500  5.79226826e+04
 6.46000  5.79226879e+04
 6.46500  5.79226931e+04
 6.47000  5.79226983e+04
 6.47500  5.79227035e+04
 6.48000  5.79227087e+04
 6.48500  5.79227138e+04
 6.49000  5.79227189e+04
 6.49500  5.79227239e+04
 6.50000  5.79227289e+04
 6.50500  5.79227339e+04
 6.51000  5.79227388e+04
 6.51500  5.79227437e+04
 6.52000  5.79227486e+04
 6.52500  5.79227535e+04
 6.53000  5.79227583e+04
 6.53500  5.79227630e+04
 6.54000  5.79227678e+04
 6.54500  5.79227725e+04
 6.55000  5.79227771e+04
 6.55500  5.79227818e+04
 6.56000  5.79227864e+04
 6.56500  5.79227910e+04
 6.57000  5.79227955e+04
 6.57500  5.79228000e+04
 6.58000  5.79228045e+04
 6.58500  5.79228090e+04
 6.59000  5.79228134e+04
 6.59500  5.79228178e+04
 6.60000  5.79228222e+04
 6.60500  5.79228265e+04
 6.61000  5.79228308e+04
 6.61500  5.79228351e+04
 6.62000  5.79228393e+04
 6.62500  5.79228436e+04
 6.63000  5.79228478e+04
 6.63500  5.79228519e+04
 6.64000  5.79228560e+04
 6.64500  5.79228602e+04
 6.65000  5.79228642e+04
 6.65500  5.79228683e+04
 6.66000  5.79228723e+04
 6.66500  5.79228763e+04
 6.67000  5.79228803e+04
 6.67500  5.79228842e+04
 6.68000  5.79228881e+04
 6.68500  5.79228920e+04
 6.69000  5.79228959e+04
 6.69500  5.79228997e+04
 6.70000  5.79229035e+04
 6.70500  5.79229073e+04
 6.71000  5.79229111e+04
 6.71500  5.79229148e+04
 6.72000  5.79229185e+04
 6.72500  5.79229222e+04
 6.73000  5.79229259e+04
 6.73500  5.79229295e+04
 6.74000  5.79229331e+04
 6.74500  5.79229367e+04
 6.75000  5.79229403e+04
 6.75500  5.79229438e+04
 6.76000  5.79229474e+04
 6.76500  5.79229508e+04
 6.77000  5.79229543e+04
 6.77500  5.79229578e+04
 6.78000  5.79229612e+04
 6.78500  5.79229646e+04
 6.79000  5.79229680e+04
 6.79500  5.79229713e+04
 6.80000  5.79229747e+04
 6.80500  5.79229780e+04
 6.81000  5.79229813e+04
 6.81500  5.79229846e+04
 6.82000  5.79229878e+04
 6.82500  5.79229910e+04
 6.83000  5.79229942e+04
 6.83500  5.79229974e+04
 6.84000  5.79230006e+04
 6.84500  5.79230037e+04
 6.85000  5.79230069e+04
 6.85500  5.79230100e+04
 6.86000  5.79230130e+04
 6.86500  5.79230161e+04
 6.87000  5.79230191e+04
 6.87500  5.79230222e+04
 6.88000  5.79230252e+04
 6.88500  5.79230282e+04
 6.89000  5.79230311e+04
 6.89500  5.79230341e+04
 6.90000  5.79230370e+04
 6.90500  5.79230399e+04
 6.91000  5.79230428e+04
 6.91500  5.79230457e+04
 6.92000  5.79230485e+04
 6.92500  5.79230513e+04
 6.93000  5.79230541e+04
 6.93500  5.79230569e+04
 6.94000  5.79230597e+04
 6.94500  5.79230625e+04
 6.95000  5.79230652e+04
 6.95500  5.79230679e+04
 6.96000  5.79230707e+04
 6.96500  5.79230733e+04
 6.97000  5.79230760e+04
 6.97500  5.79230787e+04
 6.98000  5.79230813e+04
 6.98500  5.79230839e+04
 6.99000  5.79230865e+04
 6.99500  5.79230891e+04
 7.00000  5.79230917e+04
 7.00500  5.79230942e+04
 7.01000  5.79230968e+04
 7.01500  5.79230993e+04
 7.02000  5.79231018e+04
 7.02500  5.79231043e+04
 7.03000  5.79231068e+04
 7.03500  5.79231092e+04
 7.04000  5.79231117e+04
 7.04500  5.79231141e+04
 7.05000  5.79231165e+04
 7.05500  5.79231189e+04
 7.06000  5.79231213e+04
 7.06500  5.79231236e+04
 7.07000  5.79231260e+04
 7.07500  5.79231283e+04
 7.08000  5.79231306e+04
 7.08500  5.79231329e+04
 7.09000  5.79231352e+04
 7.09500  5.79231375e+04
 7.10000  5.79231398e+04
 7.10500  5.79231420e+04
 7.11000  5.79231443e+04
 7.11500  5.79231465e+04
 7.12000  5.79231487e+04
 7.12500  5.79231509e+04
 7.13000  5.79231531e+04
 7.13500  5.79231552e+04
 7.14000  5.79231574e+04
 7.14500  5.79231595e+04
 7.15000  5.79231616e+04
 7.15500  5.79231637e+04
 7.16000  5.79231658e+04
 7.16500  5.79231679e+04
 7.17000  5.79231700e+04
 7.17500  5.79231720e+04
 7.18000  5.79231741e+04
 7.18500  5.79231761e+04
 7.19000  5.79231781e+04
 7.19500  5.79231801e+04
 7.20000  5.79231821e+04
 7.20500  5.79231841e+04
 7.21000  5.79231861e+04
 7.21500  5.79231881e+04
 7.22000  5.79231900e+04
 7.22500  5.79231919e+04
 7.23000  5.79231939e+04
 7.23500  5.79231958e+04
 7.24000  5.79231977e+04
 7.24500  5.79231995e+04
 7.25000  5.79232014e+04
 7.25500  5.79232033e+04
 7.26000  5.79232051e+04
 7.26500  5.79232070e+04
 7.27000  5.79232088e+04
 7.27500  5.79232106e+04
 7.28000  5.79232124e+04
 7.28500  5.79232142e+04
 7.29000  5.79232160e+04
 7.29500  5.79232178e+04
 7.30000  5.79232195e+04
 7.30500  5.79232213e+04
 7.31000  5.79232230e+04
 7.31500  5.79232247e+04
 7.32000  5.79232265e+04
 7.32500  5.79232282e+04
 7.33000  5.79232299e+04
 7.33500  5.79232316e+04
 7.34000  5.79232332e+04
 7.34500  5.79232349e+04
 7.35000  5.79232366e+04
 7.35500  5.79232382e+04
 7.36000  5.79232398e+04
 7.36500  5.79232415e+04
 7.37000  5.79232431e+04
 7.37500  5.79232447e+04
 7.38000  5.79232463e+04
 7.38500  5.79232479e+04
 7.39000  5.79232495e+04
 7.39500  5.79232510e+04
 7.40000  5.79232526e+04
 7.40500  5.79232541e+04
 7.41000  5.79232557e+04
 7.41500  5.79232572e+04
 7.42000  5.79232587e+04
 7.42500  5.79232602e+04
 7.43000  5.79232617e+04
 7.43500  5.79232632e+04
 7.44000  5.79232647e+04
 7.44500  5.79232662e+04
 7.45000  5.79232677e+04
 7.45500  5.79232691e+04
 7.46000  5.79232706e+04
 7.46500  5.79232720e+04
 7.47000  5.79232734e+04
 7.47500  5.79232749e+04
 7.48000  5.79232763e+04
 7.48500  5.79232777e+04
 7.49000  5.79232791e+04
 7.49500  5.79232805e+04
 7.50000  5.79232818e+04
 7.50500  5.79232832e+04
 7.51000  5.79232846e+04
 7.51500  5.79232859e+04
 7.52000  5.79232873e+04
 7.52500  5.79232886e+04
 7.53000  5.79232900e+04
 7.53500  5.79232913e+04
 7.54000  5.79232926e+04
 7.54500  5.79232939e+04
 7.55000  5.79232952e+04
 7.55500  5.79232965e+04
 7.56000  5.79232978e+04
 7.56500  5.79232991e+04
 7.57000  5.79233003e+04
 7.57500  5.79233016e+04
 7.58000  5.79233029e+04
 7.58500  5.79233041e+04
 7.59000  5.79233053e+04
 7.59500  5.79233066e+04
 7.60000  5.79233078e+04
 7.60500  5.79233090e+04
 7.61000  5.79233102e+04
 7.61500  5.79233114e+04
 7.62000  5.79233126e+04
 7.62500  5.79233138e+04
 7.63000  5.79233150e+04
 7.63500  5.79233162e+04
 7.64000  5.79233173e+04
 7.64500  5.79233185e+04
 7.65000  5.79233197e+04
 7.65500  5.79233208e+04
 7.66000  5.79233220e+04
 7.66500  5.79233231e+04
 7.67000  5.79233242e+04
 7.67500  5.79233253e+04
 7.68000  5.79233265e+04
 7.68500  5.79233276e+04
 7.69000  5.79233287e+04
 7.69500  5.79233298e+04
 7.70000  5.79233309e+04
 7.70500  5.79233319e+04
 7.71000  5.79233330e+04
 7.71500  5.79233341e+04
 7.72000  5.79233352e+04
 7.72500  5.79233362e+04
 7.73000  5.79233373e+04
 7.73500  5.79233383e+04
 7.74000  5.79233393e+04
 7.74500  5.79233404e+04
 7.75000  5.79233414e+04
 7.75500  5.79233424e+04
 7.76000  5.79233434e+04
 7.76500  5.79233445e+04
 7.77000  5.79233455e+04
 7.77500  5.79233465e+04
 7.78000  5.79233475e+04
 7.78500  5.79233484e+04
 7.79000  5.79233494e+04
 7.79500  5.79233504e+04
 7.80000  5.79233514e+04
 7.80500  5.79233523e+04
 7.81000  5.79233533e+04
 7.81500  5.79233542e+04
 7.82000  5.79233552e+04
 7.82500  5.79233561e+04
 7.83000  5.79233571e+04
 7.83500  5.79233580e+04
 7.84000  5.79233589e+04
 7.84500  5.79233599e+04
 7.85000  5.79233608e+04
 7.85500  5.79233617e+04
 7.86000  5.79233626e+04
 7.86500  5.79233635e+04
 7.87000  5.79233644e+04
 7.87500  5.79233653e+04
 7.88000  5.79233662e+04
 7.88500  5.79233670e+04
 7.89000  5.79233679e+04
 7.89500  5.79233688e+04
 7.90000  5.79233696e+04
 7.90500  5.79233705e+04
 7.91000  5.79233714e+04
 7.91500  5.79233722e+04
 7.92000  5.79233731e+04
 7.92500  5.79233739e+04
 7.93000  5.79233747e+04
 7.93500  5.79233756e+04
 7.94000  5.79233764e+04
 7.94500  5.79233772e+04
 7.95000  5.79233780e+04
 7.95500  5.79233788e+04
 7.96000  5.79233797e+04
 7.96500  5.79233805e+04
 7.97000  5.79233813e+04
 7.97500  5.79233820e+04
 7.98000  5.79233828e+04
 7.98500  5.79233836e+04
 7.99000  5.79233844e+04
 7.99500  5.79233852e+04
 8.00000  5.79233860e+04
 8.00500  5.79233867e+04
 8.01000  5.79233875e+04
 8.01500  5.79233882e+04
 8.02000  5.79233890e+04
 8.02500  5.79233898e+04
 8.03000  5.79233905e+04
 8.03500  5.79233912e+04
 8.04000  5.79233920e+04
 8.04500  5.79233927e+04
 8.05000  5.79233934e+04
 8.05500  5.79233942e+04
 8.06000  5.79233949e+04
 8.06500  5.79233956e+04
 8.07000  5.79233963e+04
 8.07500  5.79233970e+04
 8.08000  5.79233977e+04
 8.08500  5.79233984e+04
 8.09000  5.79233991e+04
 8.09500  5.79233998e+04
 8.10000  5.79234005e+04
 8.10500  5.79234012e+04
 8.11000  5.79234019e+04
 8.11500  5.79234026e+04
 8.12000  5.79234033e+04
 8.12500  5.79234039e+04
 8.13000  5.79234046e+04
 8.13500  5.79234053e+04
 8.14000  5.79234059e+04
 8.14500  5.79234066e+04
 8.15000  5.79234072e+04
 8.15500  5.79234079e+04
 8.16000  5.79234085e+04
 8.16500  5.79234092e+04
 8.17000  5.79234098e+04
 8.17500  5.79234104e+04
 8.18000  5.79234111e+04
 8.18500  5.79234117e+04
 8.19000  5.79234123e+04
 8.19500  5.79234129e+04
 8.20000  5.79234136e+04
 8.20500  5.79234142e+04
 8.21000  5.79234148e+04
 8.21500  5.79234154e+04
 8.22000  5.79234160e+04
 8.22500  5.79234166e+04
 8.23000  5.79234172e+04
 8.23500  5.79234178e+04
 8.24000  5.79234184e+04
 8.24500  5.79234190e+04
 8.25000  5.79234196e+04
 8.25500  5.79234202e+04
 8.26000  5.79234207e+04
 8.26500  5.79234213e+04
 8.27000  5.79234219e+04
 8.27500  5.79234224e+04
 8.28000  5.79234230e+04
 8.28500  5.79234236e+04
 8.29000  5.79234241e+04
 8.29500  5.79234247e+04
 8.30000  5.79234253e+04
 8.30500  5.79234258e+04
 8.31000  5.79234264e+04
 8.31500  5.79234269e+04
 8.32000  5.79234274e+04
 8.32500  5.79234280e+04
 8.33000  5.79234285e+04
 8.33500  5.79234291e+04
 8.34000  5.79234296e+04
 8.34500  5.79234301e+04
 8.35000  5.79234306e+04
 8.35500  5.79234312e+04
 8.36000  5.79234317e+04
 8.36500  5.79234322e+04
 8.37000  5.79234327e+04
 8.37500  5.79234332e+04
 8.38000  5.79234337e+04
 8.38500  5.79234342e+04
 8.39000  5.79234347e+04
 8.39500  5.79234352e+04
 8.40000  5.79234357e+04
 8.40500  5.79234362e+04
 8.41000  5.79234367e+04
 8.41500  5.79234372e+04
 8.42000  5.79234377e+04
 8.42500  5.79234382e+04
 8.43000  5.79234387e+04
 8.43500  5.79234391e+04
 8.44000  5.79234396e+04
 8.44500  5.79234401e+04
 8.45000  5.79234406e+04
 8.45500  5.79234410e+04
 8.46000  5.79234415e+04
 8.46500  5.79234420e+04
 8.47000  5.79234424e+04
 8.47500  5.79234429e+04
 8.48000  5.79234433e+04
 8.48500  5.79234438e+04
 8.49000  5.79234443e+04
 8.49500  5.79234447e+04
 8.50000  5.79234452e+04
 8.50500  5.79234456e+04
 8.51000  5.79234460e+04
 8.51500  5.79234465e+04
 8.52000  5.79234469e+04
 8.52500  5.79234474e+04
 8.53000  5.79234478e+04
 8.53500  5.79234482e+04
 8.54000  5.79234487e+04
 8.54500  5.79234491e+04
 8.55000  5.79234495e+04
 8.55500  5.79234499e+04
 8.56000  5.79234503e+04
 8.56500  5.79234508e+04
 8.57000  5.79234512e+04
 8.57500  5.79234516e+04
 8.58000  5.79234520e+04
 8.58500  5.79234524e+04
 8.59000  5.79234528e+04
 8.59500  5.79234532e+04
 8.60000  5.79234536e+04
 8.60500  5.79234540e+04
 8.61000  5.79234544e+04
 8.61500  5.79234548e+04
 8.62000  5.79234552e+04
 8.62500  5.79234556e+04
 8.63000  5.79234560e+04
 8.63500  5.79234564e+04
 8.64000  5.79234568e+04
 8.64500  5.79234572e+04
 8.65000  5.79234575e+04
 8.65500  5.79234579e+04
 8.66000  5.79234583e+04
 8.66500  5.79234587e+04
 8.67000  5.79234590e+04
 8.67500  5.79234594e+04
 8.68000  5.79234598e+04
 8.68500  5.79234602e+04
 8.69000  5.79234605e+04
 8.69500  5.79234609e+04
 8.70000  5.79234613e+04
 8.70500  5.79234616e+04
 8.71000  5.79234620e+04
 8.71500  5.79234623e+04
 8.72000  5.79234627e+04
 8.72500  5.79234630e+04
 8.73000  5.79234634e+04
 8.73500  5.79234637e+04
 8.74000  5.79234641e+04
 8.74500  5.79234644e+04
 8.75000  5.79234648e+04
 8.75500  5.79234651e+04
 8.76000  5.79234655e+04
 8.76500  5.79234658e+04
 8.77000  5.79234661e+04
 8.77500  5.79234665e+04
 8.78000  5.79234668e+04
 8.78500  5.79234671e+04
 8.79000  5.79234675e+04
 8.79500  5.79234678e+04
 8.80000  5.79234681e+04
 8.80500  5.79234685e+04
 8.81000  5.79234688e+04
 8.81500  5.79234691e+04
 8.82000  5.79234694e+04
 8.82500  5.79234697e+04
 8.83000  5.79234701e+04
 8.83500  5.79234704e+04
 8.84000  5.79234707e+04
 8.84500  5.79234710e+04
 8.85000  5.79234713e+04
 8.85500  5.79234716e+04
 8.86000  5.79234719e+04
 8.86500  5.79234722e+04
 8.87000  5.79234726e+04
 8.87500  5.79234729e+04
 8.88000  5.79234732e+04
 8.88500  5.79234735e+04
 8.89000  5.79234738e+04
 8.89500  5.79234741e+04
 8.90000  5.79234743e+04
 8.90500  5.79234746e+04
 8.91000  5.79234749e+04
 8.91500  5.79234752e+04
 8.92000  5.79234755e+04
 8.92500  5.79234758e+04
 8.93000  5.79234761e+04
 8.93500  5.79234764e+04
 8.94000  5.79234767e+04
 8.94500  5.79234769e+04
 8.95000  5.79234772e+04
 8.95500  5.79234775e+04
 8.96000  5.79234778e+04
 8.96500  5.79234781e+04
 8.97000  5.79234783e+04
 8.97500  5.79234786e+04
 8.98000  5.79234789e+04
 8.98500  5.79234792e+04
 8.99000  5.79234794e+04
 8.99500  5.79234797e+04
 9.00000  5.79234800e+04
 9.00500  5.79234802e+04
 9.01000  5.79234805e+04
 9.01500  5.79234808e+04
 9.02000  5.79234810e+04
 9.02500  5.79234813e+04
 9.03000  5.79234815e+04
 9.03500  5.79234818e+04
 9.04000  5.79234821e+04
 9.04500  5.79234823e+04
 9.05000  5.79234826e+04
 9.05500  5.79234828e+04
 9.06000  5.79234831e+04
 9.06500  5.79234833e+04
 9.07000  5.79234836e+04
 9.07500  5.79234838e+04
 9.08000  5.79234841e+04
 9.08500  5.79234843e+04
 9.09000  5.79234846e+04
 9.09500  5.79234848e+04
 9.10000  5.79234850e+04
 9.10500  5.79234853e+04
 9.11000  5.79234855e+04
 9.11500  5.79234858e+04
 9.12000  5.79234860e+04
 9.12500  5.79234862e+04
 9.13000  5.79234865e+04
 9.13500  5.79234867e+04
 9.14000  5.79234869e+04
 9.14500  5.79234872e+04
 9.15000  5.79234874e+04
 9.15500  5.79234876e+04
 9.16000  5.79234879e+04
 9.16500  5.79234881e+04
 9.17000  5.79234883e+04
 9.17500  5.79234885e+04
 9.18000  5.79234888e+04
 9.18500  5.79234890e+04
 9.19000  5.79234892e+04
 9.19500  5.79234894e+04
 9.20000  5.79234896e+04
 9.20500  5.79234899e+04
 9.21000  5.79234901e+04
 9.21500  5.79234903e+04
 9.22000  5.79234905e+04
 9.22500  5.79234907e+04
 9.23000  5.79234909e+04
 9.23500  5.79234911e+04
 9.24000  5.79234914e+04
 9.24500  5.79234916e+04
 9.25000  5.79234918e+04
 9.25500  5.79234920e+04
 9.26000  5.79234922e+04
 9.26500  5.79234924e+04
 9.27000  5.79234926e+04
 9.27500  5.79234928e+04
 9.28000  5.79234930e+04
 9.28500  5.79234932e+04
 9.29000  5.79234934e+04
 9.29500  5.79234936e+04
 9.30000  5.79234938e+04
 9.30500  5.79234940e+04
 9.31000  5.79234942e+04
 9.31500  5.79234944e+04
 9.32000  5.79234946e+04
 9.32500  5.79234948e+04
 9.33000  5.79234950e+04
 9.33500  5.79234952e+04
 9.34000  5.79234954e+04
 9.34500  5.79234956e+04
 9.35000  5.79234958e+04
 9.35500  5.79234959e+04
 9.36000  5.79234961e+04
 9.36500  5.79234963e+04
 9.37000  5.79234965e+04
 9.37500  5.79234967e+04
 9.38000  5.79234969e+04
 9.38500  5.79234971e+04
 9.39000  5.79234972e+04
 9.39500  5.79234974e+04
 9.40000  5.79234976e+04
 9.40500  5.79234978e+04
 9.41000  5.79234980e+04
 9.41500  5.79234981e+04
 9.42000  5.79234983e+04
 9.42500  5.79234985e+04
 9.43000  5.79234987e+04
 9.43500  5.79234988e+04
 9.44000  5.79234990e+04
 9.44500  5.79234992e+04
 9.45000  5.79234994e+04
 9.45500  5.79234995e+04
 9.46000  5.79234997e+04
 9.46500  5.79234999e+04
 9.47000  5.79235000e+04
 9.47500  5.79235002e+04
 9.48000  5.79235004e+04
 9.48500  5.79235005e+04
 9.49000  5.79235007e+04
 9.49500  5.79235009e+04
 9.50000  5.79235010e+04
 9.50500  5.79235012e+04
 9.51000  5.79235014e+04
 9.51500  5.79235015e+04
 9.52000  5.79235017e+04
 9.52500  5.79235019e+04
 9.53000  5.79235020e+04
 9.53500  5.79235022e+04
 9.54000  5.79235023e+04
 9.54500  5.79235025e+04
 9.55000  5.79235026e+04
 9.55500  5.79235028e+04
 9.56000  5.79235030e+04
 9.56500  5.79235031e+04
 9.57000  5.79235033e+04
 9.57500  5.79235034e+04
 9.58000  5.79235036e+04
 9.58500  5.79235037e+04
 9.59000  5.79235039e+04
 9.59500  5.79235040e+04
 9.60000  5.79235042e+04
 9.60500  5.79235043e+04
 9.61000  5.79235045e+04
 9.61500  5.79235046e+04
 9.62000  5.79235048e+04
 9.62500  5.79235049e+04
 9.63000  5.79235051e+04
 9.63500  5.79235052e+04
 9.64000  5.79235053e+04
 9.64500  5.79235055e+04
 9.65000  5.79235056e+04
 9.65500  5.79235058e+04
 9.66000  5.79235059e+04
 9.66500  5.79235061e+04
 9.67000  5.79235062e+04
 9.67500  5.79235063e+04
 9.68000  5.79235065e+04
 9.68500  5.79235066e+04
 9.69000  5.79235068e+04
 9.69500  5.79235069e+04
 9.70000  5.79235070e+04
 9.70500  5.79235072e+04
 9.71000  5.79235073e+04
 9.71500  5.79235074e+04
 9.72000  5.79235076e+04
 9.72500  5.79235077e+04
 9.73000  5.79235078e+04
 9.73500  5.79235080e+04
 9.74000  5.79235081e+04
 9.74500  5.79235082e+04
 9.75000  5.79235084e+04
 9.75500  5.79235085e+04
 9.76000  5.79235086e+04
 9.76500  5.79235087e+04
 9.77000  5.79235089e+04
 9.77500  5.79235090e+04
 9.78000  5.79235091e+04
 9.78500  5.79235092e+04
 9.79000  5.79235094e+04
 9.79500  5.79235095e+04
 9.80000  5.79235096e+04
 9.80500  5.79235097e+04
 9.81000  5.79235099e+04
 9.81500  5.79235100e+04
 9.82000  5.79235101e+04
 9.82500  5.79235102e+04
 9.83000  5.79235104e+04
 9.83500  5.79235105e+04
 9.84000  5.79235106e+04
 9.84500  5.79235107e+04
 9.85000  5.79235108e+04
 9.85500  5.79235110e+04
 9.86000  5.79235111e+04
 9.86500  5.79235112e+04
 9.87000  5.79235113e+04
 9.87500  5.79235114e+04
 9.88000  5.79235115e+04
 9.88500  5.79235116e+04
 9.89000  5.79235118e+04
 9.89500  5.79235119e+04
 9.90000  5.79235120e+04
 9.90500  5.79235121e+04
 9.91000  5.79235122e+04
 9.91500  5.79235123e+04
 9.92000  5.79235124e+04
 9.92500  5.79235126e+04
 9.93000  5.79235127e+04
 9.93500  5.79235128e+04
 9.94000  5.79235129e+04
 9.94500  5.79235130e+04
 9.95000  5.79235131e+04
 9.95500  5.79235132e+04
 9.96000  5.79235133e+04
 9.96500  5.79235134e+04
 9.97000  5.79235135e+04
 9.97500  5.79235136e+04
 9.98000  5.79235137e+04
 9.98500  5.79235138e+04
 9.99000  5.79235139e+04
 9.99500  5.79235141e+04
10.00000  5.79235142e+04
