 0.00500  2.14141853e+07
 0.01000  2.08345761e+07
 0.01500  2.02703266e+07
 0.02000  1.97210343e+07
 0.02500  1.91863070e+07
 0.03000  1.86657631e+07
 0.03500  1.81590305e+07
 0.04000  1.76657472e+07
 0.04500  1.71855603e+07
 0.05000  1.67181262e+07
 0.05500  1.62631105e+07
 0.06000  1.58201873e+07
 0.06500  1.53890391e+07
 0.07000  1.49693569e+07
 0.07500  1.45608397e+07
 0.08000  1.41631943e+07
 0.08500  1.37761351e+07
 0.09000  1.33993842e+07
 0.09500  1.30326707e+07
 0.10000  1.26757308e+07
 0.10500  1.23283077e+07
 0.11000  1.19901512e+07
 0.11500  1.16610178e+07
 0.12000  1.13406700e+07
 0.12500  1.10288770e+07
 0.13000  1.07254135e+07
 0.13500  1.04300605e+07
 0.14000  1.01426045e+07
 0.14500  9.86283770e+06
 0.15000  9.59055760e+06
 0.15500  9.32556708e+06
 0.16000  9.06767413e+06
 0.16500  8.81669179e+06
 0.17000  8.57243797e+06
 0.17500  8.33473532e+06
 0.18000  8.10341115e+06
 0.18500  7.87829729e+06
 0.19000  7.65922994e+06
 0.19500  7.44604959e+06
 0.20000  7.23860093e+06
 0.20500  7.03673268e+06
 0.21000  6.84029752e+06
 0.21500  6.64915200e+06
 0.22000  6.46315640e+06
 0.22500  6.28217469e+06
 0.23000  6.10607436e+06
 0.23500  5.93472640e+06
 0.24000  5.76800515e+06
 0.24500  5.60578827e+06
 0.25000  5.44795660e+06
 0.25500  5.29439410e+06
 0.26000  5.14498779e+06
 0.26500  4.99962762e+06
 0.27000  4.85820646e+06
 0.27500  4.72061994e+06
 0.28000  4.58676646e+06
 0.28500  4.45654707e+06
 0.29000  4.32986543e+06
 0.29500  4.20662769e+06
 0.30000  4.08674250e+06
 0.30500  3.97012088e+06
 0.31000  3.85667620e+06
 0.31500  3.74632408e+06
 0.32000  3.63898237e+06
 0.32500  3.53457108e+06
 0.33000  3.43301232e+06
 0.33500  3.33423021e+06
 0.34000  3.23815092e+06
 0.34500  3.14470250e+06
 0.35000  3.05381494e+06
 0.35500  2.96542003e+06
 0.36000  2.87945138e+06
 0.36500  2.79584432e+06
 0.37000  2.71453590e+06
 0.37500  2.63546481e+06
 0.38000  2.55857136e+06
 0.38500  2.48379744e+06
 0.39000  2.41108643e+06
 0.39500  2.34038325e+06
 0.40000  2.27163423e+06
 0.40500  2.20478713e+06
 0.41000  2.13979109e+06
 0.41500  2.07659656e+06
 0.42000  2.01515534e+06
 0.42500  1.95542046e+06
 0.43000  1.89734620e+06
 0.43500  1.84088806e+06
 0.44000  1.78600269e+06
 0.44500  1.73264789e+06
 0.45000  1.68078258e+06
 0.45500  1.63036675e+06
 0.46000  1.58136146e+06
 0.46500  1.53372880e+06
 0.47000  1.48743183e+06
 0.47500  1.44243462e+06
 0.48000  1.39870218e+06
 0.48500  1.35620042e+06
 0.49000  1.31489619e+06
 0.49500  1.27475719e+06
 0.50000  1.23575197e+06
 0.50500  1.19784992e+06
 0.51000  1.16102126e+06
 0.51500  1.12523695e+06
 0.52000  1.09046877e+06
 0.52500  1.05668921e+06
 0.53000  1.02387151e+06
 0.53500  9.91989597e+05
 0.54000  9.61018111e+05
 0.54500  9.30932353e+05
 0.55000  9.01708279e+05
 0.55500  8.73322483e+05
 0.56000  8.45752182e+05
 0.56500  8.18975193e+05
 0.57000  7.92969926e+05
 0.57500  7.67715362e+05
 0.58000  7.43191040e+05
 0.58500  7.19377044e+05
 0.59000  6.96253984e+05
 0.59500  6.73802990e+05
 0.60000  6.52005689e+05
 0.60500  6.30844200e+05
 0.61000  6.10301117e+05
 0.61500  5.90359497e+05
 0.62000  5.71002847e+05
 0.62500  5.52215115e+05
 0.63000  5.33980677e+05
 0.63500  5.16284324e+05
 0.64000  4.99111252e+05
 0.64500  4.82447055e+05
 0.65000  4.66277709e+05
 0.65500  4.50589565e+05
 0.66000  4.35369338e+05
 0.66500  4.20604100e+05
 0.67000  4.06281265e+05
 0.67500  3.92388588e+05
 0.68000  3.78914148e+05
 0.68500  3.65846344e+05
 0.69000  3.53173887e+05
 0.69500  3.40885789e+05
 0.70000  3.28971357e+05
 0.70500  3.17420185e+05
 0.71000  3.06222146e+05
 0.71500  2.95367384e+05
 0.72000  2.84846309e+05
 0.72500  2.74649587e+05
 0.73000  2.64768137e+05
 0.73500  2.55193120e+05
 0.74000  2.45915936e+05
 0.74500  2.36928218e+05
 0.75000  2.28221821e+05
 0.75500  2.19788821e+05
 0.76000  2.11621510e+05
 0.76500  2.03712384e+05
 0.77000  1.96054144e+05
 0.77500  1.88639688e+05
 0.78000  1.81462105e+05
 0.78500  1.74514671e+05
 0.79000  1.67790845e+05
 0.79500  1.61284262e+05
 0.80000  1.54988730e+05
 0.80500  1.48898224e+05
 0.81000  1.43006884e+05
 0.81500  1.37309008e+05
 0.82000  1.31799048e+05
 0.82500  1.26471608e+05
 0.83000  1.21321439e+05
 0.83500  1.16343434e+05
 0.84000  1.11532626e+05
 0.84500  1.06884181e+05
 0.85000  1.02393401e+05
 0.85500  9.80557109e+04
 0.86000  9.38666652e+04
 0.86500  8.98219376e+04
 0.87000  8.59173205e+04
 0.87500  8.21487216e+04
 0.88000  7.85121607e+04
 0.88500  7.50037665e+04
 0.89000  7.16197742e+04
 0.89500  6.83565221e+04
 0.90000  6.52104494e+04
 0.90500  6.21780929e+04
 0.91000  5.92560851e+04
 0.91500  5.64411510e+04
 0.92000  5.37301061e+04
 0.92500  5.11198536e+04
 0.93000  4.86073824e+04
 0.93500  4.61897646e+04
 0.94000  4.38641534e+04
 0.94500  4.16277807e+04
 0.95000  3.94742574e+04
 0.95500  3.73686511e+04
 0.96000  3.54500658e+04
 0.96500  3.35586362e+04
 0.97000  3.17203410e+04
 0.97500  2.99542145e+04
 0.98000  2.82623465e+04
 0.98500  2.66434110e+04
 0.99000  2.50932895e+04
 0.99500  2.36097806e+04
 1.00000  2.21903215e+04
 1.00500  2.08330881e+04
 1.01000  1.95363602e+04
 1.01500  1.82981372e+04
 1.02000  1.71165207e+04
 1.02500  1.59894147e+04
 1.03000  1.49150428e+04
 1.03500  1.38916560e+04
 1.04000  1.29173745e+04
 1.04500  1.19905917e+04
 1.05000  1.11097210e+04
 1.05500  1.02731602e+04
 1.06000  9.47950987e+03
 1.06500  8.72741697e+03
 1.07000  8.01550734e+03
 1.07500  7.34251415e+03
 1.08000  6.70721627e+03
 1.08500  6.10835700e+03
 1.09000  5.54471073e+03
 1.09500  5.01513140e+03
 1.10000  4.51848210e+03
 1.10500  4.05360243e+03
 1.11000  3.61935929e+03
 1.11500  3.21471058e+03
 1.12000  2.83873204e+03
 1.12500  2.49050587e+03
 1.13000  2.16913386e+03
 1.13500  1.87370684e+03
 1.14000  1.60328766e+03
 1.14500  1.35698284e+03
 1.15000  1.13394030e+03
 1.15500  9.33343957e+02
 1.16000  7.54409600e+02
 1.16500  5.96381706e+02
 1.17000  4.58530504e+02
 1.17500  3.40150185e+02
 1.18000  2.40559523e+02
 1.18500  1.59090888e+02
 1.19000  9.50922982e+01
 1.19500  4.79575506e+01
 1.20000  1.70924396e+01
 1.20500  1.90275997e+00
 1.21000  1.79626950e+00
 1.21500  1.62189934e+01
 1.22000  4.46571591e+01
 1.22500  8.65993730e+01
 1.23000  1.41534241e+02
 1.23500  2.08954464e+02
 1.24000  2.88389668e+02
 1.24500  3.79389791e+02
 1.25000  4.81512771e+02
 1.25500  5.94326632e+02
 1.26000  7.17417183e+02
 1.26500  8.50383421e+02
 1.27000  9.92837513e+02
 1.27500  1.14440504e+03
 1.28000  1.30472443e+03
 1.28500  1.47344670e+03
 1.29000  1.65023516e+03
 1.29500  1.83476504e+03
 1.30000  2.02672325e+03
 1.30500  2.22580804e+03
 1.31000  2.43172747e+03
 1.31500  2.64418351e+03
 1.32000  2.86288098e+03
 1.32500  3.08753805e+03
 1.33000  3.31788170e+03
 1.33500  3.55364732e+03
 1.34000  3.79457747e+03
 1.34500  4.04042546e+03
 1.35000  4.29097297e+03
 1.35500  4.54600792e+03
 1.36000  4.80532063e+03
 1.36500  5.06870849e+03
 1.37000  5.33597489e+03
 1.37500  5.60692616e+03
 1.38000  5.88136388e+03
 1.38500  6.15909759e+03
 1.39000  6.43994457e+03
 1.39500  6.72372723e+03
 1.40000  7.01027308e+03
 1.40500  7.29941624e+03
 1.41000  7.59099787e+03
 1.41500  7.88486547e+03
 1.42000  8.18087271e+03
 1.42500  8.47887842e+03
 1.43000  8.77874678e+03
 1.43500  9.08034534e+03
 1.44000  9.38354524e+03
 1.44500  9.68821975e+03
 1.45000  9.99424492e+03
 1.45500  1.03014966e+04
 1.46000  1.06098566e+04
 1.46500  1.09192101e+04
 1.47000  1.12294469e+04
 1.47500  1.15404635e+04
 1.48000  1.18521607e+04
 1.48500  1.21644406e+04
 1.49000  1.24772081e+04
 1.49500  1.27903691e+04
 1.50000  1.31038270e+04
 1.50500  1.34174900e+04
 1.51000  1.37312698e+04
 1.51500  1.40450818e+04
 1.52000  1.43588469e+04
 1.52500  1.46724888e+04
 1.53000  1.49859323e+04
 1.53500  1.52991049e+04
 1.54000  1.56119330e+04
 1.54500  1.59243398e+04
 1.55000  1.62362550e+04
 1.55500  1.65476111e+04
 1.56000  1.68583427e+04
 1.56500  1.71683857e+04
 1.57000  1.74776793e+04
 1.57500  1.77861649e+04
 1.58000  1.80937853e+04
 1.58500  1.84004872e+04
 1.59000  1.87062184e+04
 1.59500  1.90109282e+04
 1.60000  1.93145673e+04
 1.60500  1.96170776e+04
 1.61000  1.99183991e+04
 1.61500  2.02184804e+04
 1.62000  2.05172719e+04
 1.62500  2.08147302e+04
 1.63000  2.11108195e+04
 1.63500  2.14055027e+04
 1.64000  2.16987439e+04
 1.64500  2.19905040e+04
 1.65000  2.22807309e+04
 1.65500  2.25693819e+04
 1.66000  2.28564170e+04
 1.66500  2.31417978e+04
 1.67000  2.34254880e+04
 1.67500  2.37074529e+04
 1.68000  2.39876603e+04
 1.68500  2.42660799e+04
 1.69000  2.45426778e+04
 1.69500  2.48174226e+04
 1.70000  2.50902859e+04
 1.70500  2.53612406e+04
 1.71000  2.56302545e+04
 1.71500  2.58972916e+04
 1.72000  2.61623234e+04
 1.72500  2.64253237e+04
 1.73000  2.66862643e+04
 1.73500  2.69451094e+04
 1.74000  2.72018323e+04
 1.74500  2.74564089e+04
 1.75000  2.77088173e+04
 1.75500  2.79590405e+04
 1.76000  2.82070621e+04
 1.76500  2.84528657e+04
 1.77000  2.86964369e+04
 1.77500  2.89377452e+04
 1.78000  2.91767429e+04
 1.78500  2.94134049e+04
 1.79000  2.96477100e+04
 1.79500  2.98796392e+04
 1.80000  3.01091775e+04
 1.80500  3.03363126e+04
 1.81000  3.05610337e+04
 1.81500  3.07833317e+04
 1.82000  3.10031877e+04
 1.82500  3.12205649e+04
 1.83000  3.14354452e+04
 1.83500  3.16478161e+04
 1.84000  3.18576669e+04
 1.84500  3.20649848e+04
 1.85000  3.22697578e+04
 1.85500  3.24719805e+04
 1.86000  3.26716492e+04
 1.86500  3.28687597e+04
 1.87000  3.30632736e+04
 1.87500  3.32551544e+04
 1.88000  3.34443930e+04
 1.88500  3.36309844e+04
 1.89000  3.38149255e+04
 1.89500  3.39962133e+04
 1.90000  3.41748464e+04
 1.90500  3.43508266e+04
 1.91000  3.45241580e+04
 1.91500  3.46948461e+04
 1.92000  3.48628764e+04
 1.92500  3.50282184e+04
 1.93000  3.51908705e+04
 1.93500  3.53508392e+04
 1.94000  3.55081336e+04
 1.94500  3.56627602e+04
 1.95000  3.58147056e+04
 1.95500  3.59639647e+04
 1.96000  3.61105478e+04
 1.96500  3.62544685e+04
 1.97000  3.63957429e+04
 1.97500  3.65343828e+04
 1.98000  3.66703863e+04
 1.98500  3.68037612e+04
 1.99000  3.69345264e+04
 1.99500  3.70627033e+04
 2.00000  3.71883160e+04
 2.00500  3.73113859e+04
 2.01000  3.74319165e+04
 2.01500  3.75499151e+04
 2.02000  3.76654052e+04
 2.02500  3.77784148e+04
 2.03000  3.78889741e+04
 2.03500  3.79971150e+04
 2.04000  3.81028617e+04
 2.04500  3.82062232e+04
 2.05000  3.83072161e+04
 2.05500  3.84058717e+04
 2.06000  3.85022242e+04
 2.06500  3.85963096e+04
 2.07000  3.86881650e+04
 2.07500  3.87778296e+04
 2.08000  3.88653480e+04
 2.08500  3.89507663e+04
 2.09000  3.90341295e+04
 2.09500  3.91154812e+04
 2.10000  3.91948648e+04
 2.10500  3.92723234e+04
 2.11000  3.93478998e+04
 2.11500  3.94216362e+04
 2.12000  3.94935747e+04
 2.12500  3.95637565e+04
 2.13000  3.96322226e+04
 2.13500  3.96990133e+04
 2.14000  3.97641683e+04
 2.14500  3.98277266e+04
 2.15000  3.98897267e+04
 2.15500  3.99501080e+04
 2.16000  4.00078571e+04
 2.16500  4.00638943e+04
 2.17000  4.01182741e+04
 2.17500  4.01710491e+04
 2.18000  4.02222703e+04
 2.18500  4.02719867e+04
 2.19000  4.03202460e+04
 2.19500  4.03670939e+04
 2.20000  4.04125749e+04
 2.20500  4.04567318e+04
 2.21000  4.04996060e+04
 2.21500  4.05412375e+04
 2.22000  4.05816651e+04
 2.22500  4.06209261e+04
 2.23000  4.06590568e+04
 2.23500  4.06960921e+04
 2.24000  4.07320658e+04
 2.24500  4.07670106e+04
 2.25000  4.08009582e+04
 2.25500  4.08339390e+04
 2.26000  4.08659828e+04
 2.26500  4.08971181e+04
 2.27000  4.09273725e+04
 2.27500  4.09567730e+04
 2.28000  4.09853453e+04
 2.28500  4.10131145e+04
 2.29000  4.10401049e+04
 2.29500  4.10663400e+04
 2.30000  4.10918424e+04
 2.30500  4.11166343e+04
 2.31000  4.11407367e+04
 2.31500  4.11641704e+04
 2.32000  4.11869553e+04
 2.32500  4.12091107e+04
 2.33000  4.12306553e+04
 2.33500  4.12516071e+04
 2.34000  4.12719837e+04
 2.34500  4.12918021e+04
 2.35000  4.13110787e+04
 2.35500  4.13298294e+04
 2.36000  4.13480697e+04
 2.36500  4.13658144e+04
 2.37000  4.13830781e+04
 2.37500  4.13998747e+04
 2.38000  4.14162178e+04
 2.38500  4.14321207e+04
 2.39000  4.14475960e+04
 2.39500  4.14626561e+04
 2.40000  4.14773129e+04
 2.40500  4.14915781e+04
 2.41000  4.15054630e+04
 2.41500  4.15189783e+04
 2.42000  4.15321347e+04
 2.42500  4.15449425e+04
 2.43000  4.15574115e+04
 2.43500  4.15695514e+04
 2.44000  4.15813715e+04
 2.44500  4.15928809e+04
 2.45000  4.16040884e+04
 2.45500  4.16150024e+04
 2.46000  4.16256312e+04
 2.46500  4.16359829e+04
 2.47000  4.16460652e+04
 2.47500  4.16558856e+04
 2.48000  4.16654515e+04
 2.48500  4.16747699e+04
 2.49000  4.16838477e+04
 2.49500  4.16926916e+04
 2.50000  4.17013081e+04
 2.50500  4.17097034e+04
 2.51000  4.17178837e+04
 2.51500  4.17258549e+04
 2.52000  4.17336227e+04
 2.52500  4.17411927e+04
 2.53000  4.17485703e+04
 2.53500  4.17557608e+04
 2.54000  4.17627692e+04
 2.54500  4.17696006e+04
 2.55000  4.17762597e+04
 2.55500  4.17827513e+04
 2.56000  4.17890797e+04
 2.56500  4.17952495e+04
 2.57000  4.18012649e+04
 2.57500  4.18071301e+04
 2.58000  4.18128490e+04
 2.58500  4.18184257e+04
 2.59000  4.18238639e+04
 2.59500  4.18291674e+04
 2.60000  4.18343396e+04
 2.60500  4.18393841e+04
 2.61000  4.18443043e+04
 2.61500  4.18491035e+04
 2.62000  4.18537849e+04
 2.62500  4.18583516e+04
 2.63000  4.18628065e+04
 2.63500  4.18671528e+04
 2.64000  4.18713931e+04
 2.64500  4.18755303e+04
 2.65000  4.18795670e+04
 2.65500  4.18835060e+04
 2.66000  4.18873496e+04
 2.66500  4.18911005e+04
 2.67000  4.18947610e+04
 2.67500  4.18983335e+04
 2.68000  4.19018202e+04
 2.68500  4.19052234e+04
 2.69000  4.19085452e+04
 2.69500  4.19117876e+04
 2.70000  4.19149528e+04
 2.70500  4.19180427e+04
 2.71000  4.19210593e+04
 2.71500  4.19240043e+04
 2.72000  4.19268797e+04
 2.72500  4.19296872e+04
 2.73000  4.19324285e+04
 2.73500  4.19351053e+04
 2.74000  4.19377193e+04
 2.74500  4.19402719e+04
 2.75000  4.19427648e+04
 2.75500  4.19451995e+04
 2.76000  4.19475774e+04
 2.76500  4.19499000e+04
 2.77000  4.19521686e+04
 2.77500  4.19543846e+04
 2.78000  4.19565493e+04
 2.78500  4.19586640e+04
 2.79000  4.19607299e+04
 2.79500  4.19627482e+04
 2.80000  4.19647201e+04
 2.80500  4.19666467e+04
 2.81000  4.19685293e+04
 2.81500  4.19703688e+04
 2.82000  4.19721663e+04
 2.82500  4.19739228e+04
 2.83000  4.19756394e+04
 2.83500  4.19773170e+04
 2.84000  4.19789566e+04
 2.84500  4.19805590e+04
 2.85000  4.19821253e+04
 2.85500  4.19836563e+04
 2.86000  4.19851528e+04
 2.86500  4.19866157e+04
 2.87000  4.19880457e+04
 2.87500  4.19894437e+04
 2.88000  4.19908105e+04
 2.88500  4.19921468e+04
 2.89000  4.19934533e+04
 2.89500  4.19947308e+04
 2.90000  4.19959799e+04
 2.90500  4.19972013e+04
 2.91000  4.19983956e+04
 2.91500  4.19995636e+04
 2.92000  4.20007059e+04
 2.92500  4.20018230e+04
 2.93000  4.20029155e+04
 2.93500  4.20039841e+04
 2.94000  4.20050292e+04
 2.94500  4.20060515e+04
 2.95000  4.20070515e+04
 2.95500  4.20080297e+04
 2.96000  4.20089867e+04
 2.96500  4.20099228e+04
 2.97000  4.20108386e+04
 2.97500  4.20117347e+04
 2.98000  4.20126113e+04
 2.98500  4.20134690e+04
 2.99000  4.20143083e+04
 2.99500  4.20151295e+04
 3.00000  4.20159331e+04
 3.00500  4.20167194e+04
 3.01000  4.20174890e+04
 3.01500  4.20182420e+04
 3.02000  4.20189791e+04
 3.02500  4.20197004e+04
 3.03000  4.20204064e+04
 3.03500  4.20210974e+04
 3.04000  4.20217738e+04
 3.04500  4.20224358e+04
 3.05000  4.20230839e+04
 3.05500  4.20237183e+04
 3.06000  4.20243394e+04
 3.06500  4.20249474e+04
 3.07000  4.20255427e+04
 3.07500  4.20261254e+04
 3.08000  4.20266960e+04
 3.08500  4.20272547e+04
 3.09000  4.20278017e+04
 3.09500  4.20283374e+04
 3.10000  4.20288619e+04
 3.10500  4.20293755e+04
 3.11000  4.20298785e+04
 3.11500  4.20303710e+04
 3.12000  4.20308534e+04
 3.12500  4.20313259e+04
 3.13000  4.20317886e+04
 3.13500  4.20322419e+04
 3.14000  4.20326858e+04
 3.14500  4.20331206e+04
 3.15000  4.20335465e+04
 3.15500  4.20339638e+04
 3.16000  4.20343725e+04
 3.16500  4.20347729e+04
 3.17000  4.20351652e+04
 3.17500  4.20355495e+04
 3.18000  4.20359260e+04
 3.18500  4.20362949e+04
 3.19000  4.20366563e+04
 3.19500  4.20370105e+04
 3.20000  4.20373575e+04
 3.20500  4.20376976e+04
 3.21000  4.20380308e+04
 3.21500  4.20383573e+04
 3.22000  4.20386773e+04
 3.22500  4.20389909e+04
 3.23000  4.20392983e+04
 3.23500  4.20395995e+04
 3.24000  4.20398948e+04
 3.24500  4.20401841e+04
 3.25000  4.20404678e+04
 3.25500  4.20407458e+04
 3.26000  4.20410183e+04
 3.26500  4.20412854e+04
 3.27000  4.20415473e+04
 3.27500  4.20418040e+04
 3.28000  4.20420557e+04
 3.28500  4.20423024e+04
 3.29000  4.20425443e+04
 3.29500  4.20427815e+04
 3.30000  4.20430141e+04
 3.30500  4.20432421e+04
 3.31000  4.20434656e+04
 3.31500  4.20436848e+04
 3.32000  4.20438998e+04
 3.32500  4.20441106e+04
 3.33000  4.20443173e+04
 3.33500  4.20445200e+04
 3.34000  4.20447188e+04
 3.34500  4.20449138e+04
 3.35000  4.20451050e+04
 3.35500  4.20452925e+04
 3.36000  4.20454765e+04
 3.36500  4.20456569e+04
 3.37000  4.20458339e+04
 3.37500  4.20460075e+04
 3.38000  4.20461777e+04
 3.38500  4.20463448e+04
 3.39000  4.20465086e+04
 3.39500  4.20466694e+04
 3.40000  4.20468271e+04
 3.40500  4.20469818e+04
 3.41000  4.20471336e+04
 3.41500  4.20472825e+04
 3.42000  4.20474286e+04
 3.42500  4.20475720e+04
 3.43000  4.20477126e+04
 3.43500  4.20478506e+04
 3.44000  4.20479861e+04
 3.44500  4.20481190e+04
 3.45000  4.20482494e+04
 3.45500  4.20483774e+04
 3.46000  4.20485030e+04
 3.46500  4.20486263e+04
 3.47000  4.20487472e+04
 3.47500  4.20488659e+04
 3.48000  4.20489825e+04
 3.48500  4.20490968e+04
 3.49000  4.20492091e+04
 3.49500  4.20493193e+04
 3.50000  4.20494274e+04
 3.50500  4.20495336e+04
 3.51000  4.20496378e+04
 3.51500  4.20497401e+04
 3.52000  4.20498405e+04
 3.52500  4.20499391e+04
 3.53000  4.20500359e+04
 3.53500  4.20501309e+04
 3.54000  4.20502242e+04
 3.54500  4.20503158e+04
 3.55000  4.20504058e+04
 3.55500  4.20504941e+04
 3.56000  4.20505808e+04
 3.56500  4.20506659e+04
 3.57000  4.20507495e+04
 3.57500  4.20508316e+04
 3.58000  4.20509122e+04
 3.58500  4.20509913e+04
 3.59000  4.20510691e+04
 3.59500  4.20511454e+04
 3.60000  4.20512204e+04
 3.60500  4.20512940e+04
 3.61000  4.20513663e+04
 3.61500  4.20514373e+04
 3.62000  4.20515071e+04
 3.62500  4.20515756e+04
 3.63000  4.20516429e+04
 3.63500  4.20517090e+04
 3.64000  4.20517739e+04
 3.64500  4.20518377e+04
 3.65000  4.20519004e+04
 3.65500  4.20519619e+04
 3.66000  4.20520224e+04
 3.66500  4.20520818e+04
 3.67000  4.20521401e+04
 3.67500  4.20521975e+04
 3.68000  4.20522538e+04
 3.68500  4.20523091e+04
 3.69000  4.20523635e+04
 3.69500  4.20524169e+04
 3.70000  4.20524694e+04
 3.70500  4.20525210e+04
 3.71000  4.20525717e+04
 3.71500  4.20526215e+04
 3.72000  4.20526704e+04
 3.72500  4.20527185e+04
 3.73000  4.20527658e+04
 3.73500  4.20528122e+04
 3.74000  4.20528578e+04
 3.74500  4.20529027e+04
 3.75000  4.20529468e+04
 3.75500  4.20529901e+04
 3.76000  4.20530327e+04
 3.76500  4.20530745e+04
 3.77000  4.20531157e+04
 3.77500  4.20531561e+04
 3.78000  4.20531958e+04
 3.78500  4.20532349e+04
 3.79000  4.20532733e+04
 3.79500  4.20533110e+04
 3.80000  4.20533481e+04
 3.80500  4.20533846e+04
 3.81000  4.20534205e+04
 3.81500  4.20534557e+04
 3.82000  4.20534904e+04
 3.82500  4.20535244e+04
 3.83000  4.20535579e+04
 3.83500  4.20535909e+04
 3.84000  4.20536233e+04
 3.84500  4.20536551e+04
 3.85000  4.20536864e+04
 3.85500  4.20537172e+04
 3.86000  4.20537474e+04
 3.86500  4.20537772e+04
 3.87000  4.20538065e+04
 3.87500  4.20538352e+04
 3.88000  4.20538635e+04
 3.88500  4.20538913e+04
 3.89000  4.20539187e+04
 3.89500  4.20539456e+04
 3.90000  4.20539721e+04
 3.90500  4.20539981e+04
 3.91000  4.20540237e+04
 3.91500  4.20540489e+04
 3.92000  4.20540737e+04
 3.92500  4.20540980e+04
 3.93000  4.20541220e+04
 3.93500  4.20541455e+04
 3.94000  4.20541687e+04
 3.94500  4.20541915e+04
 3.95000  4.20542139e+04
 3.95500  4.20542360e+04
 3.96000  4.20542577e+04
 3.96500  4.20542790e+04
 3.97000  4.20543000e+04
 3.97500  4.20543207e+04
 3.98000  4.20543410e+04
 3.98500  4.20543610e+04
 3.99000  4.20543807e+04
 3.99500  4.20544000e+04
 4.00000  4.20544190e+04
 4.00500  4.20544378e+04
 4.01000  4.20544562e+04
 4.01500  4.20544743e+04
 4.02000  4.20544922e+04
 4.02500  4.20545097e+04
 4.03000  4.20545270e+04
 4.03500  4.20545440e+04
 4.04000  4.20545607e+04
 4.04500  4.20545772e+04
 4.05000  4.20545934e+04
 4.05500  4.20546093e+04
 4.06000  4.20546250e+04
 4.06500  4.20546405e+04
 4.07000  4.20546557e+04
 4.07500  4.20546706e+04
 4.08000  4.20546853e+04
 4.08500  4.20546998e+04
 4.09000  4.20547141e+04
 4.09500  4.20547281e+04
 4.10000  4.20547419e+04
 4.10500  4.20547555e+04
 4.11000  4.20547689e+04
 4.11500  4.20547820e+04
 4.12000  4.20547950e+04
 4.12500  4.20548078e+04
 4.13000  4.20548203e+04
 4.13500  4.20548327e+04
 4.14000  4.20548449e+04
 4.14500  4.20548568e+04
 4.15000  4.20548686e+04
 4.15500  4.20548802e+04
 4.16000  4.20548917e+04
 4.16500  4.20549029e+04
 4.17000  4.20549140e+04
 4.17500  4.20549249e+04
 4.18000  4.20549356e+04
 4.18500  4.20549462e+04
 4.19000  4.20549566e+04
 4.19500  4.20549669e+04
 4.20000  4.20549770e+04
 4.20500  4.20549869e+04
 4.21000  4.20549967e+04
 4.21500  4.20550063e+04
 4.22000  4.20550158e+04
 4.22500  4.20550252e+04
 4.23000  4.20550344e+04
 4.23500  4.20550434e+04
 4.24000  4.20550523e+04
 4.24500  4.20550611e+04
 4.25000  4.20550698e+04
 4.25500  4.20550783e+04
 4.26000  4.20550867e+04
 4.26500  4.20550950e+04
 4.27000  4.20551031e+04
 4.27500  4.20551111e+04
 4.28000  4.20551190e+04
 4.28500  4.20551268e+04
 4.29000  4.20551345e+04
 4.29500  4.20551420e+04
 4.30000  4.20551494e+04
 4.30500  4.20551568e+04
 4.31000  4.20551640e+04
 4.31500  4.20551711e+04
 4.32000  4.20551781e+04
 4.32500  4.20551850e+04
 4.33000  4.20551917e+04
 4.33500  4.20551984e+04
 4.34000  4.20552050e+04
 4.34500  4.20552115e+04
 4.35000  4.20552179e+04
 4.35500  4.20552242e+04
 4.36000  4.20552304e+04
 4.36500  4.20552365e+04
 4.37000  4.20552425e+04
 4.37500  4.20552485e+04
 4.38000  4.20552543e+04
 4.38500  4.20552601e+04
 4.39000  4.20552658e+04
 4.39500  4.20552714e+04
 4.40000  4.20552769e+04
 4.40500  4.20552823e+04
 4.41000  4.20552877e+04
 4.41500  4.20552929e+04
 4.42000  4.20552981e+04
 4.42500  4.20553032e+04
 4.43000  4.20553083e+04
 4.43500  4.20553133e+04
 4.44000  4.20553182e+04
 4.44500  4.20553230e+04
 4.45000  4.20553277e+04
 4.45500  4.20553324e+04
 4.46000  4.20553370e+04
 4.46500  4.20553416e+04
 4.47000  4.20553461e+04
 4.47500  4.20553505e+04
 4.48000  4.20553549e+04
 4.48500  4.20553592e+04
 4.49000  4.20553634e+04
 4.49500  4.20553676e+04
 4.50000  4.20553717e+04
 4.50500  4.20553757e+04
 4.51000  4.20553797e+04
 4.51500  4.20553837e+04
 4.52000  4.20553876e+04
 4.52500  4.20553914e+04
 4.53000  4.20553952e+04
 4.53500  4.20553989e+04
 4.54000  4.20554026e+04
 4.54500  4.20554062e+04
 4.55000  4.20554097e+04
 4.55500  4.20554132e+04
 4.56000  4.20554167e+04
 4.56500  4.20554201e+04
 4.57000  4.20554235e+04
 4.57500  4.20554268e+04
 4.58000  4.20554301e+04
 4.58500  4.20554333e+04
 4.59000  4.20554365e+04
 4.59500  4.20554396e+04
 4.60000  4.20554427e+04
 4.60500  4.20554458e+04
 4.61000  4.20554488e+04
 4.61500  4.20554517e+04
 4.62000  4.20554546e+04
 4.62500  4.20554575e+04
 4.63000  4.20554604e+04
 4.63500  4.20554632e+04
 4.64000  4.20554659e+04
 4.64500  4.20554687e+04
 4.65000  4.20554713e+04
 4.65500  4.20554740e+04
 4.66000  4.20554766e+04
 4.66500  4.20554792e+04
 4.67000  4.20554817e+04
 4.67500  4.20554842e+04
 4.68000  4.20554867e+04
 4.68500  4.20554891e+04
 4.69000  4.20554915e+04
 4.69500  4.20554939e+04
 4.70000  4.20554962e+04
 4.70500  4.20554985e+04
 4.71000  4.20555008e+04
 4.71500  4.20555031e+04
 4.72000  4.20555053e+04
 4.72500  4.20555074e+04
 4.73000  4.20555096e+04
 4.73500  4.20555117e+04
 4.74000  4.20555138e+04
 4.74500  4.20555159e+04
 4.75000  4.20555179e+04
 4.75500  4.20555199e+04
 4.76000  4.20555219e+04
 4.76500  4.20555239e+04
 4.77000  4.20555258e+04
 4.77500  4.20555277e+04
 4.78000  4.20555296e+04
 4.78500  4.20555314e+04
 4.79000  4.20555332e+04
 4.79500  4.20555350e+04
 4.80000  4.20555368e+04
 4.80500  4.20555386e+04
 4.81000  4.20555403e+04
 4.81500  4.20555420e+04
 4.82000  4.20555437e+04
 4.82500  4.20555454e+04
 4.83000  4.20555470e+04
 4.83500  4.20555486e+04
 4.84000  4.20555502e+04
 4.84500  4.20555518e+04
 4.85000  4.20555533e+04
 4.85500  4.20555549e+04
 4.86000  4.20555564e+04
 4.86500  4.20555579e+04
 4.87000  4.20555593e+04
 4.87500  4.20555608e+04
 4.88000  4.20555622e+04
 4.88500  4.20555636e+04
 4.89000  4.20555650e+04
 4.89500  4.20555664e+04
 4.90000  4.20555678e+04
 4.90500  4.20555691e+04
 4.91000  4.20555704e+04
 4.91500  4.20555717e+04
 4.92000  4.20555730e+04
 4.92500  4.20555743e+04
 4.93000  4.20555756e+04
 4.93500  4.20555768e+04
 4.94000  4.20555780e+04
 4.94500  4.20555792e+04
 4.95000  4.20555804e+04
 4.95500  4.20555816e+04
 4.96000  4.20555828e+04
 4.96500  4.20555839e+04
 4.97000  4.20555850e+04
 4.97500  4.20555861e+04
 4.98000  4.20555872e+04
 4.98500  4.20555883e+04
 4.99000  4.20555894e+04
 4.99500  4.20555905e+04
 5.00000  4.20555915e+04
 5.00500  4.20555925e+04
 5.01000  4.20555936e+04
 5.01500  4.20555946e+04
 5.02000  4.20555956e+04
 5.02500  4.20555965e+04
 5.03000  4.20555975e+04
 5.03500  4.20555985e+04
 5.04000  4.20555994e+04
 5.04500  4.20556003e+04
 5.05000  4.20556012e+04
 5.05500  4.20556021e+04
 5.06000  4.20556030e+04
 5.06500  4.20556039e+04
 5.07000  4.20556048e+04
 5.07500  4.20556057e+04
 5.08000  4.20556065e+04
 5.08500  4.20556073e+04
 5.09000  4.20556082e+04
 5.09500  4.20556090e+04
 5.10000  4.20556098e+04
 5.10500  4.20556106e+04
 5.11000  4.20556114e+04
 5.11500  4.20556122e+04
 5.12000  4.20556129e+04
 5.12500  4.20556137e+04
 5.13000  4.20556144e+04
 5.13500  4.20556152e+04
 5.14000  4.20556159e+04
 5.14500  4.20556166e+04
 5.15000  4.20556173e+04
 5.15500  4.20556180e+04
 5.16000  4.20556187e+04
 5.16500  4.20556194e+04
 5.17000  4.20556201e+04
 5.17500  4.20556208e+04
 5.18000  4.20556214e+04
 5.18500  4.20556221e+04
 5.19000  4.20556227e+04
 5.19500  4.20556234e+04
 5.20000  4.20556240e+04
 5.20500  4.20556246e+04
 5.21000  4.20556252e+04
 5.21500  4.20556258e+04
 5.22000  4.20556264e+04
 5.22500  4.20556270e+04
 5.23000  4.20556276e+04
 5.23500  4.20556282e+04
 5.24000  4.20556287e+04
 5.24500  4.20556293e+04
 5.25000  4.20556298e+04
 5.25500  4.20556304e+04
 5.26000  4.20556309e+04
 5.26500  4.20556315e+04
 5.27000  4.20556320e+04
 5.27500  4.20556325e+04
 5.28000  4.20556330e+04
 5.28500  4.20556335e+04
 5.29000  4.20556340e+04
 5.29500  4.20556345e+04
 5.30000  4.20556350e+04
 5.30500  4.20556355e+04
 5.31000  4.20556360e+04
 5.31500  4.20556365e+04
 5.32000  4.20556369e+04
 5.32500  4.20556374e+04
 5.33000  4.20556378e+04
 5.33500  4.20556383e+04
 5.34000  4.20556387e+04
 5.34500  4.20556392e+04
 5.35000  4.20556396e+04
 5.35500  4.20556400e+04
 5.36000  4.20556405e+04
 5.36500  4.20556409e+04
 5.37000  4.20556413e+04
 5.37500  4.20556417e+04
 5.38000  4.20556421e+04
 5.38500  4.20556425e+04
 5.39000  4.20556429e+04
 5.39500  4.20556433e+04
 5.40000  4.20556437e+04
 5.40500  4.20556440e+04
 5.41000  4.20556444e+04
 5.41500  4.20556448e+04
 5.42000  4.20556452e+04
 5.42500  4.20556455e+04
 5.43000  4.20556459e+04
 5.43500  4.20556462e+04
 5.44000  4.20556466e+04
 5.44500  4.20556469e+04
 5.45000  4.20556473e+04
 5.45500  4.20556476e+04
 5.46000  4.20556479e+04
 5.46500  4.20556483e+04
 5.47000  4.20556486e+04
 5.47500  4.20556489e+04
 5.48000  4.20556492e+04
 5.48500  4.20556495e+04
 5.49000  4.20556498e+04
 5.49500  4.20556502e+04
 5.50000  4.20556505e+04
 5.50500  4.20556508e+04
 5.51000  4.20556510e+04
 5.51500  4.20556513e+04
 5.52000  4.20556516e+04
 5.52500  4.20556519e+04
 5.53000  4.20556522e+04
 5.53500  4.20556525e+04
 5.54000  4.20556528e+04
 5.54500  4.20556530e+04
 5.55000  4.20556533e+04
 5.55500  4.20556536e+04
 5.56000  4.20556538e+04
 5.56500  4.20556541e+04
 5.57000  4.20556543e+04
 5.57500  4.20556546e+04
 5.58000  4.20556548e+04
 5.58500  4.20556551e+04
 5.59000  4.20556553e+04
 5.59500  4.20556556e+04
 5.60000  4.20556558e+04
 5.60500  4.20556561e+04
 5.61000  4.20556563e+04
 5.61500  4.20556565e+04
 5.62000  4.20556567e+04
 5.62500  4.20556570e+04
 5.63000  4.20556572e+04
 5.63500  4.20556574e+04
 5.64000  4.20556576e+04
 5.64500  4.20556578e+04
 5.65000  4.20556581e+04
 5.65500  4.20556583e+04
 5.66000  4.20556585e+04
 5.66500  4.20556587e+04
 5.67000  4.20556589e+04
 5.67500  4.20556591e+04
 5.68000  4.20556593e+04
 5.68500  4.20556595e+04
 5.69000  4.20556597e+04
 5.69500  4.20556599e+04
 5.70000  4.20556601e+04
 5.70500  4.20556603e+04
 5.71000  4.20556604e+04
 5.71500  4.20556606e+04
 5.72000  4.20556608e+04
 5.72500  4.20556610e+04
 5.73000  4.20556612e+04
 5.73500  4.20556613e+04
 5.74000  4.20556615e+04
 5.74500  4.20556617e+04
 5.75000  4.20556619e+04
 5.75500  4.20556620e+04
 5.76000  4.20556622e+04
 5.76500  4.20556623e+04
 5.77000  4.20556625e+04
 5.77500  4.20556627e+04
 5.78000  4.20556628e+04
 5.78500  4.20556630e+04
 5.79000  4.20556631e+04
 5.79500  4.20556633e+04
 5.80000  4.20556634e+04
 5.80500  4.20556636e+04
 5.81000  4.20556637e+04
 5.81500  4.20556639e+04
 5.82000  4.20556640e+04
 5.82500  4.20556642e+04
 5.83000  4.20556643e+04
 5.83500  4.20556645e+04
 5.84000  4.20556646e+04
 5.84500  4.20556647e+04
 5.85000  4.20556649e+04
 5.85500  4.20556650e+04
 5.86000  4.20556651e+04
 5.86500  4.20556653e+04
 5.87000  4.20556654e+04
 5.87500  4.20556655e+04
 5.88000  4.20556657e+04
 5.88500  4.20556658e+04
 5.89000  4.20556659e+04
 5.89500  4.20556660e+04
 5.90000  4.20556661e+04
 5.90500  4.20556663e+04
 5.91000  4.20556664e+04
 5.91500  4.20556665e+04
 5.92000  4.20556666e+04
 5.92500  4.20556667e+04
 5.93000  4.20556669e+04
 5.93500  4.20556670e+04
 5.94000  4.20556671e+04
 5.94500  4.20556672e+04
 5.95000  4.20556673e+04
 5.95500  4.20556674e+04
 5.96000  4.20556675e+04
 5.96500  4.20556676e+04
 5.97000  4.20556677e+04
 5.97500  4.20556678e+04
 5.98000  4.20556679e+04
 5.98500  4.20556680e+04
 5.99000  4.20556681e+04
 5.99500  4.20556682e+04
 6.00000  4.20556683e+04
 6.00500  4.20556684e+04
 6.01000  4.20556685e+04
 6.01500  4.20556686e+04
 6.02000  4.20556687e+04
 6.02500  4.20556688e+04
 6.03000  4.20556689e+04
 6.03500  4.20556690e+04
 6.04000  4.20556691e+04
 6.04500  4.20556691e+04
 6.05000  4.20556692e+04
 6.05500  4.20556693e+04
 6.06000  4.20556694e+04
 6.06500  4.20556695e+04
 6.07000  4.20556696e+04
 6.07500  4.20556697e+04
 6.08000  4.20556697e+04
 6.08500  4.20556698e+04
 6.09000  4.20556699e+04
 6.09500  4.20556700e+04
 6.10000  4.20556701e+04
 6.10500  4.20556701e+04
 6.11000  4.20556702e+04
 6.11500  4.20556703e+04
 6.12000  4.20556704e+04
 6.12500  4.20556704e+04
 6.13000  4.20556705e+04
 6.13500  4.20556706e+04
 6.14000  4.20556707e+04
 6.14500  4.20556707e+04
 6.15000  4.20556708e+04
 6.15500  4.20556709e+04
 6.16000  4.20556709e+04
 6.16500  4.20556710e+04
 6.17000  4.20556711e+04
 6.17500  4.20556711e+04
 6.18000  4.20556712e+04
 6.18500  4.20556713e+04
 6.19000  4.20556713e+04
 6.19500  4.20556714e+04
 6.20000  4.20556715e+04
 6.20500  4.20556715e+04
 6.21000  4.20556716e+04
 6.21500  4.20556717e+04
 6.22000  4.20556717e+04
 6.22500  4.20556718e+04
 6.23000  4.20556718e+04
 6.23500  4.20556719e+04
 6.24000  4.20556720e+04
 6.24500  4.20556720e+04
 6.25000  4.20556721e+04
 6.25500  4.20556721e+04
 6.26000  4.20556722e+04
 6.26500  4.20556722e+04
 6.27000  4.20556723e+04
 6.27500  4.20556724e+04
 6.28000  4.20556724e+04
 6.28500  4.20556725e+04
 6.29000  4.20556725e+04
 6.29500  4.20556726e+04
 6.30000  4.20556726e+04
 6.30500  4.20556727e+04
 6.31000  4.20556727e+04
 6.31500  4.20556728e+04
 6.32000  4.20556728e+04
 6.32500  4.20556729e+04
 6.33000  4.20556729e+04
 6.33500  4.20556730e+04
 6.34000  4.20556730e+04
 6.34500  4.20556731e+04
 6.35000  4.20556731e+04
 6.35500  4.20556732e+04
 6.36000  4.20556732e+04
 6.36500  4.20556732e+04
 6.37000  4.20556733e+04
 6.37500  4.20556733e+04
 6.38000  4.20556734e+04
 6.38500  4.20556734e+04
 6.39000  4.20556735e+04
 6.39500  4.20556735e+04
 6.40000  4.20556735e+04
 6.40500  4.20556736e+04
 6.41000  4.20556736e+04
 6.41500  4.20556737e+04
 6.42000  4.20556737e+04
 6.42500  4.20556738e+04
 6.43000  4.20556738e+04
 6.43500  4.20556738e+04
 6.44000  4.20556739e+04
 6.44500  4.20556739e+04
 6.45000  4.20556739e+04
 6.45500  4.20556740e+04
 6.46000  4.20556740e+04
 6.46500  4.20556741e+04
 6.47000  4.20556741e+04
 6.47500  4.20556741e+04
 6.48000  4.20556742e+04
 6.48500  4.20556742e+04
 6.49000  4.20556742e+04
 6.49500  4.20556743e+04
 6.50000  4.20556743e+04
 6.50500  4.20556743e+04
 6.51000  4.20556744e+04
 6.51500  4.20556744e+04
 6.52000  4.20556744e+04
 6.52500  4.20556745e+04
 6.53000  4.20556745e+04
 6.53500  4.20556745e+04
 6.54000  4.20556746e+04
 6.54500  4.20556746e+04
 6.55000  4.20556746e+04
 6.55500  4.20556747e+04
 6.56000  4.20556747e+04
 6.56500  4.20556747e+04
 6.57000  4.20556748e+04
 6.57500  4.20556748e+04
 6.58000  4.20556748e+04
 6.58500  4.20556748e+04
 6.59000  4.20556749e+04
 6.59500  4.20556749e+04
 6.60000  4.20556749e+04
 6.60500  4.20556750e+04
 6.61000  4.20556750e+04
 6.61500  4.20556750e+04
 6.62000  4.20556750e+04
 6.62500  4.20556751e+04
 6.63000  4.20556751e+04
 6.63500  4.20556751e+04
 6.64000  4.20556751e+04
 6.64500  4.20556752e+04
 6.65000  4.20556752e+04
 6.65500  4.20556752e+04
 6.66000  4.20556752e+04
 6.66500  4.20556753e+04
 6.67000  4.20556753e+04
 6.67500  4.20556753e+04
 6.68000  4.20556753e+04
 6.68500  4.20556754e+04
 6.69000  4.20556754e+04
 6.69500  4.20556754e+04
 6.70000  4.20556754e+04
 6.70500  4.20556755e+04
 6.71000  4.20556755e+04
 6.71500  4.20556755e+04
 6.72000  4.20556755e+04
 6.72500  4.20556756e+04
 6.73000  4.20556756e+04
 6.73500  4.20556756e+04
 6.74000  4.20556756e+04
 6.74500  4.20556756e+04
 6.75000  4.20556757e+04
 6.75500  4.20556757e+04
 6.76000  4.20556757e+04
 6.76500  4.20556757e+04
 6.77000  4.20556757e+04
 6.77500  4.20556758e+04
 6.78000  4.20556758e+04
 6.78500  4.20556758e+04
 6.79000  4.20556758e+04
 6.79500  4.20556758e+04
 6.80000  4.20556759e+04
 6.80500  4.20556759e+04
 6.81000  4.20556759e+04
 6.81500  4.20556759e+04
 6.82000  4.20556759e+04
 6.82500  4.20556760e+04
 6.83000  4.20556760e+04
 6.83500  4.20556760e+04
 6.84000  4.20556760e+04
 6.84500  4.20556760e+04
 6.85000  4.20556760e+04
 6.85500  4.20556761e+04
 6.86000  4.20556761e+04
 6.86500  4.20556761e+04
 6.87000  4.20556761e+04
 6.87500  4.20556761e+04
 6.88000  4.20556761e+04
 6.88500  4.20556762e+04
 6.89000  4.20556762e+04
 6.89500  4.20556762e+04
 6.90000  4.20556762e+04
 6.90500  4.20556762e+04
 6.91000  4.20556762e+04
 6.91500  4.20556763e+04
 6.92000  4.20556763e+04
 6.92500  4.20556763e+04
 6.93000  4.20556763e+04
 6.93500  4.20556763e+04
 6.94000  4.20556763e+04
 6.94500  4.20556763e+04
 6.95000  4.20556764e+04
 6.95500  4.20556764e+04
 6.96000  4.20556764e+04
 6.96500  4.20556764e+04
 6.97000  4.20556764e+04
 6.97500  4.20556764e+04
 6.98000  4.20556764e+04
 6.98500  4.20556765e+04
 6.99000  4.20556765e+04
 6.99500  4.20556765e+04
 7.00000  4.20556765e+04
 7.00500  4.20556765e+04
 7.01000  4.20556765e+04
 7.01500  4.20556765e+04
 7.02000  4.20556765e+04
 7.02500  4.20556766e+04
 7.03000  4.20556766e+04
 7.03500  4.20556766e+04
 7.04000  4.20556766e+04
 7.04500  4.20556766e+04
 7.05000  4.20556766e+04
 7.05500  4.20556766e+04
 7.06000  4.20556766e+04
 7.06500  4.20556767e+04
 7.07000  4.20556767e+04
 7.07500  4.20556767e+04
 7.08000  4.20556767e+04
 7.08500  4.20556767e+04
 7.09000  4.20556767e+04
 7.09500  4.20556767e+04
 7.10000  4.20556767e+04
 7.10500  4.20556767e+04
 7.11000  4.20556768e+04
 7.11500  4.20556768e+04
 7.12000  4.20556768e+04
 7.12500  4.20556768e+04
 7.13000  4.20556768e+04
 7.13500  4.20556768e+04
 7.14000  4.20556768e+04
 7.14500  4.20556768e+04
 7.15000  4.20556768e+04
 7.15500  4.20556768e+04
 7.16000  4.20556769e+04
 7.16500  4.20556769e+04
 7.17000  4.20556769e+04
 7.17500  4.20556769e+04
 7.18000  4.20556769e+04
 7.18500  4.20556769e+04
 7.19000  4.20556769e+04
 7.19500  4.20556769e+04
 7.20000  4.20556769e+04
 7.20500  4.20556769e+04
 7.21000  4.20556770e+04
 7.21500  4.20556770e+04
 7.22000  4.20556770e+04
 7.22500  4.20556770e+04
 7.23000  4.20556770e+04
 7.23500  4.20556770e+04
 7.24000  4.20556770e+04
 7.24500  4.20556770e+04
 7.25000  4.20556770e+04
 7.25500  4.20556770e+04
 7.26000  4.20556770e+04
 7.26500  4.20556770e+04
 7.27000  4.20556771e+04
 7.27500  4.20556771e+04
 7.28000  4.20556771e+04
 7.28500  4.20556771e+04
 7.29000  4.20556771e+04
 7.29500  4.20556771e+04
 7.30000  4.20556771e+04
 7.30500  4.20556771e+04
 7.31000  4.20556771e+04
 7.31500  4.20556771e+04
 7.32000  4.20556771e+04
 7.32500  4.20556771e+04
 7.33000  4.20556771e+04
 7.33500  4.20556772e+04
 7.34000  4.20556772e+04
 7.34500  4.20556772e+04
 7.35000  4.20556772e+04
 7.35500  4.20556772e+04
 7.36000  4.20556772e+04
 7.36500  4.20556772e+04
 7.37000  4.20556772e+04
 7.37500  4.20556772e+04
 7.38000  4.20556772e+04
 7.38500  4.20556772e+04
 7.39000  4.20556772e+04
 7.39500  4.20556772e+04
 7.40000  4.20556772e+04
 7.40500  4.20556772e+04
 7.41000  4.20556773e+04
 7.41500  4.20556773e+04
 7.42000  4.20556773e+04
 7.42500  4.20556773e+04
 7.43000  4.20556773e+04
 7.43500  4.20556773e+04
 7.44000  4.20556773e+04
 7.44500  4.20556773e+04
 7.45000  4.20556773e+04
 7.45500  4.20556773e+04
 7.46000  4.20556773e+04
 7.46500  4.20556773e+04
 7.47000  4.20556773e+04
 7.47500  4.20556773e+04
 7.48000  4.20556773e+04
 7.48500  4.20556773e+04
 7.49000  4.20556773e+04
 7.49500  4.20556773e+04
 7.50000  4.20556774e+04
 7.50500  4.20556774e+04
 7.51000  4.20556774e+04
 7.51500  4.20556774e+04
 7.52000  4.20556774e+04
 7.52500  4.20556774e+04
 7.53000  4.20556774e+04
 7.53500  4.20556774e+04
 7.54000  4.20556774e+04
 7.54500  4.20556774e+04
 7.55000  4.20556774e+04
 7.55500  4.20556774e+04
 7.56000  4.20556774e+04
 7.56500  4.20556774e+04
 7.57000  4.20556774e+04
 7.57500  4.20556774e+04
 7.58000  4.20556774e+04
 7.58500  4.20556774e+04
 7.59000  4.20556774e+04
 7.59500  4.20556774e+04
 7.60000  4.20556775e+04
 7.60500  4.20556775e+04
 7.61000  4.20556775e+04
 7.61500  4.20556775e+04
 7.62000  4.20556775e+04
 7.62500  4.20556775e+04
 7.63000  4.20556775e+04
 7.63500  4.20556775e+04
 7.64000  4.20556775e+04
 7.64500  4.20556775e+04
 7.65000  4.20556775e+04
 7.65500  4.20556775e+04
 7.66000  4.20556775e+04
 7.66500  4.20556775e+04
 7.67000  4.20556775e+04
 7.67500  4.20556775e+04
 7.68000  4.20556775e+04
 7.68500  4.20556775e+04
 7.69000  4.20556775e+04
 7.69500  4.20556775e+04
 7.70000  4.20556775e+04
 7.70500  4.20556775e+04
 7.71000  4.20556775e+04
 7.71500  4.20556775e+04
 7.72000  4.20556775e+04
 7.72500  4.20556776e+04
 7.73000  4.20556776e+04
 7.73500  4.20556776e+04
 7.74000  4.20556776e+04
 7.74500  4.20556776e+04
 7.75000  4.20556776e+04
 7.75500  4.20556776e+04
 7.76000  4.20556776e+04
 7.76500  4.20556776e+04
 7.77000  4.20556776e+04
 7.77500  4.20556776e+04
 7.78000  4.20556776e+04
 7.78500  4.20556776e+04
 7.79000  4.20556776e+04
 7.79500  4.20556776e+04
 7.80000  4.20556776e+04
 7.80500  4.20556776e+04
 7.81000  4.20556776e+04
 7.81500  4.20556776e+04
 7.82000  4.20556776e+04
 7.82500  4.20556776e+04
 7.83000  4.20556776e+04
 7.83500  4.20556776e+04
 7.84000  4.20556776e+04
 7.84500  4.20556776e+04
 7.85000  4.20556776e+04
 7.85500  4.20556776e+04
 7.86000  4.20556776e+04
 7.86500  4.20556776e+04
 7.87000  4.20556776e+04
 7.87500  4.20556776e+04
 7.88000  4.20556777e+04
 7.88500  4.20556777e+04
 7.89000  4.20556777e+04
 7.89500  4.20556777e+04
 7.90000  4.20556777e+04
 7.90500  4.20556777e+04
 7.91000  4.20556777e+04
 7.91500  4.20556777e+04
 7.92000  4.20556777e+04
 7.92500  4.20556777e+04
 7.93000  4.20556777e+04
 7.93500  4.20556777e+04
 7.94000  4.20556777e+04
 7.94500  4.20556777e+04
 7.95000  4.20556777e+04
 7.95500  4.20556777e+04
 7.96000  4.20556777e+04
 7.96500  4.20556777e+04
 7.97000  4.20556777e+04
 7.97500  4.20556777e+04
 7.98000  4.20556777e+04
 7.98500  4.20556777e+04
 7.99000  4.20556777e+04
 7.99500  4.20556777e+04
 8.00000  4.20556777e+04
 8.00500  4.20556777e+04
 8.01000  4.20556777e+04
 8.01500  4.20556777e+04
 8.02000  4.20556777e+04
 8.02500  4.20556777e+04
 8.03000  4.20556777e+04
 8.03500  4.20556777e+04
 8.04000  4.20556777e+04
 8.04500  4.20556777e+04
 8.05000  4.20556777e+04
 8.05500  4.20556777e+04
 8.06000  4.20556777e+04
 8.06500  4.20556777e+04
 8.07000  4.20556777e+04
 8.07500  4.20556777e+04
 8.08000  4.20556777e+04
 8.08500  4.20556778e+04
 8.09000  4.20556778e+04
 8.09500  4.20556778e+04
 8.10000  4.20556778e+04
 8.10500  4.20556778e+04
 8.11000  4.20556778e+04
 8.11500  4.20556778e+04
 8.12000  4.20556778e+04
 8.12500  4.20556778e+04
 8.13000  4.20556778e+04
 8.13500  4.20556778e+04
 8.14000  4.20556778e+04
 8.14500  4.20556778e+04
 8.15000  4.20556778e+04
 8.15500  4.20556778e+04
 8.16000  4.20556778e+04
 8.16500  4.20556778e+04
 8.17000  4.20556778e+04
 8.17500  4.20556778e+04
 8.18000  4.20556778e+04
 8.18500  4.20556778e+04
 8.19000  4.20556778e+04
 8.19500  4.20556778e+04
 8.20000  4.20556778e+04
 8.20500  4.20556778e+04
 8.21000  4.20556778e+04
 8.21500  4.20556778e+04
 8.22000  4.20556778e+04
 8.22500  4.20556778e+04
 8.23000  4.20556778e+04
 8.23500  4.20556778e+04
 8.24000  4.20556778e+04
 8.24500  4.20556778e+04
 8.25000  4.20556778e+04
 8.25500  4.20556778e+04
 8.26000  4.20556778e+04
 8.26500  4.20556778e+04
 8.27000  4.20556778e+04
 8.27500  4.20556778e+04
 8.28000  4.20556778e+04
 8.28500  4.20556778e+04
 8.29000  4.20556778e+04
 8.29500  4.20556778e+04
 8.30000  4.20556778e+04
 8.30500  4.20556778e+04
 8.31000  4.20556778e+04
 8.31500  4.20556778e+04
 8.32000  4.20556778e+04
 8.32500  4.20556778e+04
 8.33000  4.20556778e+04
 8.33500  4.20556778e+04
 8.34000  4.20556778e+04
 8.34500  4.20556778e+04
 8.35000  4.20556778e+04
 8.35500  4.20556778e+04
 8.36000  4.20556778e+04
 8.36500  4.20556778e+04
 8.37000  4.20556778e+04
 8.37500  4.20556778e+04
 8.38000  4.20556778e+04
 8.38500  4.20556778e+04
 8.39000  4.20556778e+04
 8.39500  4.20556778e+04
 8.40000  4.20556778e+04
 8.40500  4.20556779e+04
 8.41000  4.20556779e+04
 8.41500  4.20556779e+04
 8.42000  4.20556779e+04
 8.42500  4.20556779e+04
 8.43000  4.20556779e+04
 8.43500  4.20556779e+04
 8.44000  4.20556779e+04
 8.44500  4.20556779e+04
 8.45000  4.20556779e+04
 8.45500  4.20556779e+04
 8.46000  4.20556779e+04
 8.46500  4.20556779e+04
 8.47000  4.20556779e+04
 8.47500  4.20556779e+04
 8.48000  4.20556779e+04
 8.48500  4.20556779e+04
 8.49000  4.20556779e+04
 8.49500  4.20556779e+04
 8.50000  4.20556779e+04
 8.50500  4.20556779e+04
 8.51000  4.20556779e+04
 8.51500  4.20556779e+04
 8.52000  4.20556779e+04
 8.52500  4.20556779e+04
 8.53000  4.20556779e+04
 8.53500  4.20556779e+04
 8.54000  4.20556779e+04
 8.54500  4.20556779e+04
 8.55000  4.20556779e+04
 8.55500  4.20556779e+04
 8.56000  4.20556779e+04
 8.56500  4.20556779e+04
 8.57000  4.20556779e+04
 8.57500  4.20556779e+04
 8.58000  4.20556779e+04
 8.58500  4.20556779e+04
 8.59000  4.20556779e+04
 8.59500  4.20556779e+04
 8.60000  4.20556779e+04
 8.60500  4.20556779e+04
 8.61000  4.20556779e+04
 8.61500  4.20556779e+04
 8.62000  4.20556779e+04
 8.62500  4.20556779e+04
 8.63000  4.20556779e+04
 8.63500  4.20556779e+04
 8.64000  4.20556779e+04
 8.64500  4.20556779e+04
 8.65000  4.20556779e+04
 8.65500  4.20556779e+04
 8.66000  4.20556779e+04
 8.66500  4.20556779e+04
 8.67000  4.20556779e+04
 8.67500  4.20556779e+04
 8.68000  4.20556779e+04
 8.68500  4.20556779e+04
 8.69000  4.20556779e+04
 8.69500  4.20556779e+04
 8.70000  4.20556779e+04
 8.70500  4.20556779e+04
 8.71000  4.20556779e+04
 8.71500  4.20556779e+04
 8.72000  4.20556779e+04
 8.72500  4.20556779e+04
 8.73000  4.20556779e+04
 8.73500  4.20556779e+04
 8.74000  4.20556779e+04
 8.74500  4.20556779e+04
 8.75000  4.20556779e+04
 8.75500  4.20556779e+04
 8.76000  4.20556779e+04
 8.76500  4.20556779e+04
 8.77000  4.20556779e+04
 8.77500  4.20556779e+04
 8.78000  4.20556779e+04
 8.78500  4.20556779e+04
 8.79000  4.20556779e+04
 8.79500  4.20556779e+04
 8.80000  4.20556779e+04
 8.80500  4.20556779e+04
 8.81000  4.20556779e+04
 8.81500  4.20556779e+04
 8.82000  4.20556779e+04
 8.82500  4.20556779e+04
 8.83000  4.20556779e+04
 8.83500  4.20556779e+04
 8.84000  4.20556779e+04
 8.84500  4.20556779e+04
 8.85000  4.20556779e+04
 8.85500  4.20556779e+04
 8.86000  4.20556779e+04
 8.86500  4.20556779e+04
 8.87000  4.20556779e+04
 8.87500  4.20556779e+04
 8.88000  4.20556779e+04
 8.88500  4.20556779e+04
 8.89000  4.20556779e+04
 8.89500  4.20556779e+04
 8.90000  4.20556779e+04
 8.90500  4.20556779e+04
 8.91000  4.20556779e+04
 8.91500  4.20556779e+04
 8.92000  4.20556779e+04
 8.92500  4.20556779e+04
 8.93000  4.20556779e+04
 8.93500  4.20556779e+04
 8.94000  4.20556779e+04
 8.94500  4.20556779e+04
 8.95000  4.20556779e+04
 8.95500  4.20556779e+04
 8.96000  4.20556779e+04
 8.96500  4.20556779e+04
 8.97000  4.20556779e+04
 8.97500  4.20556779e+04
 8.98000  4.20556779e+04
 8.98500  4.20556779e+04
 8.99000  4.20556779e+04
 8.99500  4.20556779e+04
 9.00000  4.20556779e+04
 9.00500  4.20556779e+04
 9.01000  4.20556779e+04
 9.01500  4.20556779e+04
 9.02000  4.20556779e+04
 9.02500  4.20556779e+04
 9.03000  4.20556779e+04
 9.03500  4.20556779e+04
 9.04000  4.20556780e+04
 9.04500  4.20556780e+04
 9.05000  4.20556780e+04
 9.05500  4.20556780e+04
 9.06000  4.20556780e+04
 9.06500  4.20556780e+04
 9.07000  4.20556780e+04
 9.07500  4.20556780e+04
 9.08000  4.20556780e+04
 9.08500  4.20556780e+04
 9.09000  4.20556780e+04
 9.09500  4.20556780e+04
 9.10000  4.20556780e+04
 9.10500  4.20556780e+04
 9.11000  4.20556780e+04
 9.11500  4.20556780e+04
 9.12000  4.20556780e+04
 9.12500  4.20556780e+04
 9.13000  4.20556780e+04
 9.13500  4.20556780e+04
 9.14000  4.20556780e+04
 9.14500  4.20556780e+04
 9.15000  4.20556780e+04
 9.15500  4.20556780e+04
 9.16000  4.20556780e+04
 9.16500  4.20556780e+04
 9.17000  4.20556780e+04
 9.17500  4.20556780e+04
 9.18000  4.20556780e+04
 9.18500  4.20556780e+04
 9.19000  4.20556780e+04
 9.19500  4.20556780e+04
 9.20000  4.20556780e+04
 9.20500  4.20556780e+04
 9.21000  4.20556780e+04
 9.21500  4.20556780e+04
 9.22000  4.20556780e+04
 9.22500  4.20556780e+04
 9.23000  4.20556780e+04
 9.23500  4.20556780e+04
 9.24000  4.20556780e+04
 9.24500  4.20556780e+04
 9.25000  4.20556780e+04
 9.25500  4.20556780e+04
 9.26000  4.20556780e+04
 9.26500  4.20556780e+04
 9.27000  4.20556780e+04
 9.27500  4.20556780e+04
 9.28000  4.20556780e+04
 9.28500  4.20556780e+04
 9.29000  4.20556780e+04
 9.29500  4.20556780e+04
 9.30000  4.20556780e+04
 9.30500  4.20556780e+04
 9.31000  4.20556780e+04
 9.31500  4.20556780e+04
 9.32000  4.20556780e+04
 9.32500  4.20556780e+04
 9.33000  4.20556780e+04
 9.33500  4.20556780e+04
 9.34000  4.20556780e+04
 9.34500  4.20556780e+04
 9.35000  4.20556780e+04
 9.35500  4.20556780e+04
 9.36000  4.20556780e+04
 9.36500  4.20556780e+04
 9.37000  4.20556780e+04
 9.37500  4.20556780e+04
 9.38000  4.20556780e+04
 9.38500  4.20556780e+04
 9.39000  4.20556780e+04
 9.39500  4.20556780e+04
 9.40000  4.20556780e+04
 9.40500  4.20556780e+04
 9.41000  4.20556780e+04
 9.41500  4.20556780e+04
 9.42000  4.20556780e+04
 9.42500  4.20556780e+04
 9.43000  4.20556780e+04
 9.43500  4.20556780e+04
 9.44000  4.20556780e+04
 9.44500  4.20556780e+04
 9.45000  4.20556780e+04
 9.45500  4.20556780e+04
 9.46000  4.20556780e+04
 9.46500  4.20556780e+04
 9.47000  4.20556780e+04
 9.47500  4.20556780e+04
 9.48000  4.20556780e+04
 9.48500  4.20556780e+04
 9.49000  4.20556780e+04
 9.49500  4.20556780e+04
 9.50000  4.20556780e+04
 9.50500  4.20556780e+04
 9.51000  4.20556780e+04
 9.51500  4.20556780e+04
 9.52000  4.20556780e+04
 9.52500  4.20556780e+04
 9.53000  4.20556780e+04
 9.53500  4.20556780e+04
 9.54000  4.20556780e+04
 9.54500  4.20556780e+04
 9.55000  4.20556780e+04
 9.55500  4.20556780e+04
 9.56000  4.20556780e+04
 9.56500  4.20556780e+04
 9.57000  4.20556780e+04
 9.57500  4.20556780e+04
 9.58000  4.20556780e+04
 9.58500  4.20556780e+04
 9.59000  4.20556780e+04
 9.59500  4.20556780e+04
 9.60000  4.20556780e+04
 9.60500  4.20556780e+04
 9.61000  4.20556780e+04
 9.61500  4.20556780e+04
 9.62000  4.20556780e+04
 9.62500  4.20556780e+04
 9.63000  4.20556780e+04
 9.63500  4.20556780e+04
 9.64000  4.20556780e+04
 9.64500  4.20556780e+04
 9.65000  4.20556780e+04
 9.65500  4.20556780e+04
 9.66000  4.20556780e+04
 9.66500  4.20556780e+04
 9.67000  4.20556780e+04
 9.67500  4.20556780e+04
 9.68000  4.20556780e+04
 9.68500  4.20556780e+04
 9.69000  4.20556780e+04
 9.69500  4.20556780e+04
 9.70000  4.20556780e+04
 9.70500  4.20556780e+04
 9.71000  4.20556780e+04
 9.71500  4.20556780e+04
 9.72000  4.20556780e+04
 9.72500  4.20556780e+04
 9.73000  4.20556780e+04
 9.73500  4.20556780e+04
 9.74000  4.20556780e+04
 9.74500  4.20556780e+04
 9.75000  4.20556780e+04
 9.75500  4.20556780e+04
 9.76000  4.20556780e+04
 9.76500  4.20556780e+04
 9.77000  4.20556780e+04
 9.77500  4.20556780e+04
 9.78000  4.20556780e+04
 9.78500  4.20556780e+04
 9.79000  4.20556780e+04
 9.79500  4.20556780e+04
 9.80000  4.20556780e+04
 9.80500  4.20556780e+04
 9.81000  4.20556780e+04
 9.81500  4.20556780e+04
 9.82000  4.20556780e+04
 9.82500  4.20556780e+04
 9.83000  4.20556780e+04
 9.83500  4.20556780e+04
 9.84000  4.20556780e+04
 9.84500  4.20556780e+04
 9.85000  4.20556780e+04
 9.85500  4.20556780e+04
 9.86000  4.20556780e+04
 9.86500  4.20556780e+04
 9.87000  4.20556780e+04
 9.87500  4.20556780e+04
 9.88000  4.20556780e+04
 9.88500  4.20556780e+04
 9.89000  4.20556780e+04
 9.89500  4.20556780e+04
 9.90000  4.20556780e+04
 9.90500  4.20556780e+04
 9.91000  4.20556780e+04
 9.91500  4.20556780e+04
 9.92000  4.20556780e+04
 9.92500  4.20556780e+04
 9.93000  4.20556780e+04
 9.93500  4.20556780e+04
 9.94000  4.20556780e+04
 9.94500  4.20556780e+04
 9.95000  4.20556780e+04
 9.95500  4.20556780e+04
 9.96000  4.20556780e+04
 9.96500  4.20556780e+04
 9.97000  4.20556780e+04
 9.97500  4.20556780e+04
 9.98000  4.20556780e+04
 9.98500  4.20556780e+04
 9.99000  4.20556780e+04
 9.99500  4.20556780e+04
10.00000  4.20556780e+04
