   0.043370113793699
   0.133475445050700
   0.222634320269817
   0.310846307401248
   0.398110974395190
   0.484427889201839
   0.569796619771392
   0.654216734054047
   0.737687800000000
   0.820209385559449
   0.901781058682590
   0.982402387319620
   1.062072939420737
   1.140792282936138
   1.218559985816018
   1.295375616010576
   1.371238741470009
   1.446148930144513
   1.520105749984286
   1.593108768939524
   1.665157554960424
   1.736251675997184
   1.806390700000000
   1.875574360962901
   1.943803057055241
   2.011077352490207
   2.077397811480983
   2.142764998240756
   2.207179476982711
   2.270641811920034
   2.333152567265912
   2.394712307233530
   2.455321596036073
   2.514980997886728
   2.573691076998680
   2.631452397585116
   2.688265523859220
   2.744131020034179
   2.799049450323179
   2.853021378939405
   2.906047370096044
   2.958127988006281
   3.009263796883300
   3.059455360940291
   3.108703244390437
   3.157008011446923
   3.204370226322937
   3.250790453231664
   3.296269256386290
   3.340807200000000
   3.384404516529022
   3.427060111401749
   3.468772558289616
   3.509540430864057
   3.549362302796508
   3.588236747758403
   3.626162339421176
   3.663137651456263
   3.699161257535097
   3.734231731329114
   3.768347646509749
   3.801507576748437
   3.833710095716611
   3.864953777085707
   3.895237194527159
   3.924558921712402
   3.952917532312870
   3.980311600000000
   4.006741497530058
   4.032214793998649
   4.056740857586209
   4.080329056473175
   4.102988758839985
   4.124729332867076
   4.145560146734886
   4.165490568623850
   4.184529966714407
   4.202687709186992
   4.219973164222044
   4.236395700000000
   4.251949920449390
   4.266571372491125
   4.280180838794203
   4.292699102027627
   4.304046944860400
   4.314145149961524
   4.322914500000000
   4.330407729161902
   4.337205377701586
   4.344019937390476
   4.351563900000000
   4.360219900000000
