        0.0000000000     5.5844780000e-01
        0.0050000000     5.5690871000e-01
        0.0100000000     5.5536962000e-01
        0.0150000000     5.5383053000e-01
        0.0200000000     5.5229144000e-01
        0.0250000000     5.5075235000e-01
        0.0300000000     5.4921326000e-01
        0.0350000000     5.4767417000e-01
        0.0400000000     5.4613508000e-01
        0.0450000000     5.4459599000e-01
        0.0500000000     5.4305690000e-01
        0.0550000000     5.4151781000e-01
        0.0600000000     5.3997872000e-01
        0.0650000000     5.3843963000e-01
        0.0700000000     5.3690054000e-01
        0.0750000000     5.3536145000e-01
        0.0800000000     5.3382236000e-01
        0.0850000000     5.3228327000e-01
        0.0900000000     5.3074418000e-01
        0.0950000000     5.2920509000e-01
        0.1000000000     5.2766600000e-01
        0.1050000000     5.2612691000e-01
        0.1100000000     5.2458782000e-01
        0.1150000000     5.2304873000e-01
        0.1200000000     5.2150964000e-01
        0.1250000000     5.1997055000e-01
        0.1300000000     5.1843146000e-01
        0.1350000000     5.1689237000e-01
        0.1400000000     5.1535328000e-01
        0.1450000000     5.1381419000e-01
        0.1500000000     5.1227510000e-01
        0.1550000000     5.1073601000e-01
        0.1600000000     5.0919692000e-01
        0.1650000000     5.0765783000e-01
        0.1700000000     5.0611874000e-01
        0.1750000000     5.0457965000e-01
        0.1800000000     5.0304056000e-01
        0.1850000000     5.0150147000e-01
        0.1900000000     4.9996238000e-01
        0.1950000000     4.9842329000e-01
        0.2000000000     4.9688420000e-01
        0.2050000000     4.9534511000e-01
        0.2100000000     4.9380602000e-01
        0.2150000000     4.9226693000e-01
        0.2200000000     4.9072784000e-01
        0.2250000000     4.8918875000e-01
        0.2300000000     4.8764966000e-01
        0.2350000000     4.8611057000e-01
        0.2400000000     4.8457148000e-01
        0.2450000000     4.8303239000e-01
        0.2500000000     4.8149330000e-01
        0.2550000000     4.7995421000e-01
        0.2600000000     4.7841512000e-01
        0.2650000000     4.7687603000e-01
        0.2700000000     4.7533694000e-01
        0.2750000000     4.7379785000e-01
        0.2800000000     4.7225876000e-01
        0.2850000000     4.7071967000e-01
        0.2900000000     4.6918058000e-01
        0.2950000000     4.6764149000e-01
        0.3000000000     4.6610240000e-01
        0.3050000000     4.6456331000e-01
        0.3100000000     4.6302422000e-01
        0.3150000000     4.6148513000e-01
        0.3200000000     4.5994604000e-01
        0.3250000000     4.5840695000e-01
        0.3300000000     4.5686786000e-01
        0.3350000000     4.5532877000e-01
        0.3400000000     4.5378968000e-01
        0.3450000000     4.5225059000e-01
        0.3500000000     4.5071150000e-01
        0.3550000000     4.4917241000e-01
        0.3600000000     4.4763332000e-01
        0.3650000000     4.4609423000e-01
        0.3700000000     4.4455514000e-01
        0.3750000000     4.4301605000e-01
        0.3800000000     4.4147696000e-01
        0.3850000000     4.3993787000e-01
        0.3900000000     4.3839878000e-01
        0.3950000000     4.3685969000e-01
        0.4000000000     4.3532060000e-01
        0.4050000000     4.3378151000e-01
        0.4100000000     4.3224242000e-01
        0.4150000000     4.3070333000e-01
        0.4200000000     4.2916424000e-01
        0.4250000000     4.2762515000e-01
        0.4300000000     4.2608606000e-01
        0.4350000000     4.2454697000e-01
        0.4400000000     4.2300788000e-01
        0.4450000000     4.2146879000e-01
        0.4500000000     4.1992970000e-01
        0.4550000000     4.1839061000e-01
        0.4600000000     4.1685152000e-01
        0.4650000000     4.1531243000e-01
        0.4700000000     4.1377334000e-01
        0.4750000000     4.1223425000e-01
        0.4800000000     4.1069516000e-01
        0.4850000000     4.0915607000e-01
        0.4900000000     4.0761698000e-01
        0.4950000000     4.0607789000e-01
        0.5000000000     4.0453880000e-01
        0.5050000000     4.0299971000e-01
        0.5100000000     4.0146062000e-01
        0.5150000000     3.9992153000e-01
        0.5200000000     3.9838244000e-01
        0.5250000000     3.9684335000e-01
        0.5300000000     3.9530426000e-01
        0.5350000000     3.9376517000e-01
        0.5400000000     3.9222608000e-01
        0.5450000000     3.9068699000e-01
        0.5500000000     3.8914790000e-01
        0.5550000000     3.8760881000e-01
        0.5600000000     3.8606972000e-01
        0.5650000000     3.8453063000e-01
        0.5700000000     3.8299154000e-01
        0.5750000000     3.8145245000e-01
        0.5800000000     3.7991336000e-01
        0.5850000000     3.7837427000e-01
        0.5900000000     3.7683518000e-01
        0.5950000000     3.7529609000e-01
        0.6000000000     3.7375700000e-01
        0.6050000000     3.7221791000e-01
        0.6100000000     3.7067882000e-01
        0.6150000000     3.6913973000e-01
        0.6200000000     3.6760064000e-01
        0.6250000000     3.6606155000e-01
        0.6300000000     3.6452246000e-01
        0.6350000000     3.6298337000e-01
        0.6400000000     3.6144428000e-01
        0.6450000000     3.5990519000e-01
        0.6500000000     3.5836610000e-01
        0.6550000000     3.5682701000e-01
        0.6600000000     3.5528792000e-01
        0.6650000000     3.5374883000e-01
        0.6700000000     3.5220974000e-01
        0.6750000000     3.5067065000e-01
        0.6800000000     3.4913156000e-01
        0.6850000000     3.4759247000e-01
        0.6900000000     3.4605338000e-01
        0.6950000000     3.4451429000e-01
        0.7000000000     3.4297520000e-01
        0.7050000000     3.4143611000e-01
        0.7100000000     3.3989702000e-01
        0.7150000000     3.3835793000e-01
        0.7200000000     3.3681884000e-01
        0.7250000000     3.3527975000e-01
        0.7300000000     3.3374066000e-01
        0.7350000000     3.3220157000e-01
        0.7400000000     3.3066248000e-01
        0.7450000000     3.2912339000e-01
        0.7500000000     3.2758430000e-01
        0.7550000000     3.2604521000e-01
        0.7600000000     3.2450612000e-01
        0.7650000000     3.2296703000e-01
        0.7700000000     3.2142794000e-01
        0.7750000000     3.1988885000e-01
        0.7800000000     3.1834976000e-01
        0.7850000000     3.1681067000e-01
        0.7900000000     3.1527158000e-01
        0.7950000000     3.1373249000e-01
        0.8000000000     3.1219340000e-01
        0.8050000000     3.1065431000e-01
        0.8100000000     3.0911522000e-01
        0.8150000000     3.0757613000e-01
        0.8200000000     3.0603704000e-01
        0.8250000000     3.0449795000e-01
        0.8300000000     3.0295886000e-01
        0.8350000000     3.0141977000e-01
        0.8400000000     2.9988068000e-01
        0.8450000000     2.9834159000e-01
        0.8500000000     2.9680250000e-01
        0.8550000000     2.9526341000e-01
        0.8600000000     2.9372432000e-01
        0.8650000000     2.9218523000e-01
        0.8700000000     2.9064614000e-01
        0.8750000000     2.8910705000e-01
        0.8800000000     2.8756796000e-01
        0.8850000000     2.8602887000e-01
        0.8900000000     2.8448978000e-01
        0.8950000000     2.8295069000e-01
        0.9000000000     2.8141160000e-01
        0.9050000000     2.7987251000e-01
        0.9100000000     2.7833342000e-01
        0.9150000000     2.7679433000e-01
        0.9200000000     2.7525524000e-01
        0.9250000000     2.7371615000e-01
        0.9300000000     2.7217706000e-01
        0.9350000000     2.7063797000e-01
        0.9400000000     2.6909888000e-01
        0.9450000000     2.6755979000e-01
        0.9500000000     2.6602070000e-01
        0.9550000000     2.6448161000e-01
        0.9600000000     2.6294252000e-01
        0.9650000000     2.6140343000e-01
        0.9700000000     2.5986434000e-01
        0.9750000000     2.5832525000e-01
        0.9800000000     2.5678616000e-01
        0.9850000000     2.5524707000e-01
        0.9900000000     2.5370798000e-01
        0.9950000000     2.5216889000e-01
        1.0000000000     2.5062980000e-01
        1.0050000000     2.4909071000e-01
        1.0100000000     2.4755162000e-01
        1.0150000000     2.4601253000e-01
        1.0200000000     2.4447344000e-01
        1.0250000000     2.4293435000e-01
        1.0300000000     2.4139526000e-01
        1.0350000000     2.3985617000e-01
        1.0400000000     2.3831708000e-01
        1.0450000000     2.3677799000e-01
        1.0500000000     2.3523890000e-01
        1.0550000000     2.3369981000e-01
        1.0600000000     2.3216072000e-01
        1.0650000000     2.3062163000e-01
        1.0700000000     2.2908254000e-01
        1.0750000000     2.2754345000e-01
        1.0800000000     2.2600436000e-01
        1.0850000000     2.2446527000e-01
        1.0900000000     2.2292618000e-01
        1.0950000000     2.2138709000e-01
        1.1000000000     2.1984800000e-01
        1.1050000000     2.1830891000e-01
        1.1100000000     2.1676982000e-01
        1.1150000000     2.1523073000e-01
        1.1200000000     2.1369164000e-01
        1.1250000000     2.1215255000e-01
        1.1300000000     2.1061346000e-01
        1.1350000000     2.0907437000e-01
        1.1400000000     2.0753528000e-01
        1.1450000000     2.0599619000e-01
        1.1500000000     2.0445710000e-01
        1.1550000000     2.0291801000e-01
        1.1600000000     2.0137892000e-01
        1.1650000000     1.9983983000e-01
        1.1700000000     1.9830074000e-01
        1.1750000000     1.9676165000e-01
        1.1800000000     1.9522256000e-01
        1.1850000000     1.9368347000e-01
        1.1900000000     1.9214438000e-01
        1.1950000000     1.9060529000e-01
        1.2000000000     1.8906620000e-01
        1.2050000000     1.8752711000e-01
        1.2100000000     1.8598802000e-01
        1.2150000000     1.8444893000e-01
        1.2200000000     1.8290984000e-01
        1.2250000000     1.8137075000e-01
        1.2300000000     1.7983166000e-01
        1.2350000000     1.7829257000e-01
        1.2400000000     1.7675348000e-01
        1.2450000000     1.7521439000e-01
        1.2500000000     1.7367530000e-01
        1.2550000000     1.7213621000e-01
        1.2600000000     1.7059712000e-01
        1.2650000000     1.6905803000e-01
        1.2700000000     1.6751894000e-01
        1.2750000000     1.6597985000e-01
        1.2800000000     1.6444076000e-01
        1.2850000000     1.6290167000e-01
        1.2900000000     1.6136258000e-01
        1.2950000000     1.5982349000e-01
        1.3000000000     1.5828440000e-01
        1.3050000000     1.5674531000e-01
        1.3100000000     1.5520622000e-01
        1.3150000000     1.5366713000e-01
        1.3200000000     1.5212804000e-01
        1.3250000000     1.5058895000e-01
        1.3300000000     1.4904986000e-01
        1.3350000000     1.4751077000e-01
        1.3400000000     1.4597168000e-01
        1.3450000000     1.4443259000e-01
        1.3500000000     1.4289350000e-01
        1.3550000000     1.4135441000e-01
        1.3600000000     1.3981532000e-01
        1.3650000000     1.3827623000e-01
        1.3700000000     1.3673714000e-01
        1.3750000000     1.3519805000e-01
        1.3800000000     1.3365896000e-01
        1.3850000000     1.3211987000e-01
        1.3900000000     1.3058078000e-01
        1.3950000000     1.2904169000e-01
        1.4000000000     1.2750260000e-01
        1.4050000000     1.2596351000e-01
        1.4100000000     1.2442442000e-01
        1.4150000000     1.2288533000e-01
        1.4200000000     1.2134624000e-01
        1.4250000000     1.1980715000e-01
        1.4300000000     1.1826806000e-01
        1.4350000000     1.1672897000e-01
        1.4400000000     1.1518988000e-01
        1.4450000000     1.1365079000e-01
        1.4500000000     1.1211170000e-01
        1.4550000000     1.1057261000e-01
        1.4600000000     1.0903352000e-01
        1.4650000000     1.0749443000e-01
        1.4700000000     1.0595534000e-01
        1.4750000000     1.0441625000e-01
        1.4800000000     1.0287716000e-01
        1.4850000000     1.0133807000e-01
        1.4900000000     9.9798980000e-02
        1.4950000000     9.8259890000e-02
        1.5000000000     9.6720800000e-02
        1.5050000000     9.5181710000e-02
        1.5100000000     9.3642620000e-02
        1.5150000000     9.2103530000e-02
        1.5200000000     9.0564440000e-02
        1.5250000000     8.9025350000e-02
        1.5300000000     8.7486260000e-02
        1.5350000000     8.5947170000e-02
        1.5400000000     8.4408080000e-02
        1.5450000000     8.2868990000e-02
        1.5500000000     8.1329900000e-02
        1.5550000000     7.9790810000e-02
        1.5600000000     7.8251720000e-02
        1.5650000000     7.6712630000e-02
        1.5700000000     7.5173540000e-02
        1.5750000000     7.3634450000e-02
        1.5800000000     7.2095360000e-02
        1.5850000000     7.0556270000e-02
        1.5900000000     6.9017180000e-02
        1.5950000000     6.7478090000e-02
        1.6000000000     6.5939000000e-02
        1.6050000000     6.4399910000e-02
        1.6100000000     6.2860820000e-02
        1.6150000000     6.1321730000e-02
        1.6200000000     5.9782640000e-02
        1.6250000000     5.8243550000e-02
        1.6300000000     5.6704460000e-02
        1.6350000000     5.5165370000e-02
        1.6400000000     5.3626280000e-02
        1.6450000000     5.2087190000e-02
        1.6500000000     5.0548100000e-02
        1.6550000000     4.9009010000e-02
        1.6600000000     4.7469920000e-02
        1.6650000000     4.5930830000e-02
        1.6700000000     4.4391740000e-02
        1.6750000000     4.2852650000e-02
        1.6800000000     4.1313560000e-02
        1.6850000000     3.9774470000e-02
        1.6900000000     3.8235380000e-02
        1.6950000000     3.6696290000e-02
        1.7000000000     3.5157200000e-02
        1.7050000000     3.3618110000e-02
        1.7100000000     3.2079020000e-02
        1.7150000000     3.0539930000e-02
        1.7200000000     2.9000840000e-02
        1.7250000000     2.7461750000e-02
        1.7300000000     2.5922660000e-02
        1.7350000000     2.4383570000e-02
        1.7400000000     2.2844480000e-02
        1.7450000000     2.1305390000e-02
        1.7500000000     1.9766300000e-02
        1.7550000000     1.8227210000e-02
        1.7600000000     1.6688120000e-02
        1.7650000000     1.5149030000e-02
        1.7700000000     1.3609940000e-02
        1.7750000000     1.2070850000e-02
        1.7800000000     1.0531760000e-02
        1.7850000000     8.9926700000e-03
        1.7900000000     7.4535800000e-03
        1.7950000000     5.9144900000e-03
        1.8000000000     4.3754000000e-03
        1.8050000000     2.8363100000e-03
        1.8100000000     1.2972200000e-03
        1.8150000000    -2.4187000000e-04
        1.8200000000    -1.7809600000e-03
        1.8250000000    -3.3200500000e-03
        1.8300000000    -4.8591400000e-03
        1.8350000000    -6.3982300000e-03
        1.8400000000    -7.9373200000e-03
        1.8450000000    -9.4764100000e-03
        1.8500000000    -1.1015500000e-02
        1.8550000000    -1.2554590000e-02
        1.8600000000    -1.4093680000e-02
        1.8650000000    -1.5632770000e-02
        1.8700000000    -1.7171860000e-02
        1.8750000000    -1.8710950000e-02
        1.8800000000    -2.0250040000e-02
        1.8850000000    -2.1789130000e-02
        1.8900000000    -2.3328220000e-02
        1.8950000000    -2.4867310000e-02
        1.9000000000    -2.6406400000e-02
        1.9050000000    -2.7945490000e-02
        1.9100000000    -2.9484580000e-02
        1.9150000000    -3.1023670000e-02
        1.9200000000    -3.2562760000e-02
        1.9250000000    -3.4101850000e-02
        1.9300000000    -3.5640940000e-02
        1.9350000000    -3.7180030000e-02
        1.9400000000    -3.8719120000e-02
        1.9450000000    -4.0258210000e-02
        1.9500000000    -4.1797300000e-02
        1.9550000000    -4.3336390000e-02
        1.9600000000    -4.4875480000e-02
        1.9650000000    -4.6414570000e-02
        1.9700000000    -4.7953660000e-02
        1.9750000000    -4.9492750000e-02
        1.9800000000    -5.1031840000e-02
        1.9850000000    -5.2570930000e-02
        1.9900000000    -5.4110020000e-02
        1.9950000000    -5.5649110000e-02
        2.0000000000    -5.7188200000e-02
        2.0050000000    -5.8727290000e-02
        2.0100000000    -6.0266380000e-02
        2.0150000000    -6.1805470000e-02
        2.0200000000    -6.3344560000e-02
        2.0250000000    -6.4883650000e-02
        2.0300000000    -6.6422740000e-02
        2.0350000000    -6.7961830000e-02
        2.0400000000    -6.9500920000e-02
        2.0450000000    -7.1040010000e-02
        2.0500000000    -7.2579100000e-02
        2.0550000000    -7.4118190000e-02
        2.0600000000    -7.5657280000e-02
        2.0650000000    -7.7196370000e-02
        2.0700000000    -7.8735460000e-02
        2.0750000000    -8.0274550000e-02
        2.0800000000    -8.1813640000e-02
        2.0850000000    -8.3352730000e-02
        2.0900000000    -8.4891820000e-02
        2.0950000000    -8.6430910000e-02
        2.1000000000    -8.7970000000e-02
        2.1050000000    -8.9509090000e-02
        2.1100000000    -9.1048180000e-02
        2.1150000000    -9.2587270000e-02
        2.1200000000    -9.4126360000e-02
        2.1250000000    -9.5665450000e-02
        2.1300000000    -9.7204540000e-02
        2.1350000000    -9.8743630000e-02
        2.1400000000    -1.0028272000e-01
        2.1450000000    -1.0182181000e-01
        2.1500000000    -1.0336090000e-01
        2.1550000000    -1.0489999000e-01
        2.1600000000    -1.0643908000e-01
        2.1650000000    -1.0797817000e-01
        2.1700000000    -1.0951726000e-01
        2.1750000000    -1.1105635000e-01
        2.1800000000    -1.1259544000e-01
        2.1850000000    -1.1413453000e-01
        2.1900000000    -1.1567362000e-01
        2.1950000000    -1.1721271000e-01
        2.2000000000    -1.1875180000e-01
        2.2050000000    -1.2029089000e-01
        2.2100000000    -1.2182998000e-01
        2.2150000000    -1.2336907000e-01
        2.2200000000    -1.2490816000e-01
        2.2250000000    -1.2644725000e-01
        2.2300000000    -1.2798634000e-01
        2.2350000000    -1.2952543000e-01
        2.2400000000    -1.3106452000e-01
        2.2450000000    -1.3260361000e-01
        2.2500000000    -1.3414270000e-01
        2.2550000000    -1.3568179000e-01
        2.2600000000    -1.3722088000e-01
        2.2650000000    -1.3875997000e-01
        2.2700000000    -1.4029906000e-01
        2.2750000000    -1.4183815000e-01
        2.2800000000    -1.4337724000e-01
        2.2850000000    -1.4491633000e-01
        2.2900000000    -1.4645542000e-01
        2.2950000000    -1.4799451000e-01
        2.3000000000    -1.4953360000e-01
        2.3050000000    -1.5107269000e-01
        2.3100000000    -1.5261178000e-01
        2.3150000000    -1.5415087000e-01
        2.3200000000    -1.5568996000e-01
        2.3250000000    -1.5722905000e-01
        2.3300000000    -1.5876814000e-01
        2.3350000000    -1.6030723000e-01
        2.3400000000    -1.6184632000e-01
        2.3450000000    -1.6338541000e-01
        2.3500000000    -1.6492450000e-01
        2.3550000000    -1.6646359000e-01
        2.3600000000    -1.6800268000e-01
        2.3650000000    -1.6954177000e-01
        2.3700000000    -1.7108086000e-01
        2.3750000000    -1.7261995000e-01
        2.3800000000    -1.7415904000e-01
        2.3850000000    -1.7569813000e-01
        2.3900000000    -1.7723722000e-01
        2.3950000000    -1.7877631000e-01
        2.4000000000    -1.8031540000e-01
        2.4050000000    -1.8185449000e-01
        2.4100000000    -1.8339358000e-01
        2.4150000000    -1.8493267000e-01
        2.4200000000    -1.8647176000e-01
        2.4250000000    -1.8801085000e-01
        2.4300000000    -1.8954994000e-01
        2.4350000000    -1.9108903000e-01
        2.4400000000    -1.9262812000e-01
        2.4450000000    -1.9416721000e-01
        2.4500000000    -1.9570630000e-01
        2.4550000000    -1.9724539000e-01
        2.4600000000    -1.9878448000e-01
        2.4650000000    -2.0032357000e-01
        2.4700000000    -2.0186266000e-01
        2.4750000000    -2.0340175000e-01
        2.4800000000    -2.0494084000e-01
        2.4850000000    -2.0647993000e-01
        2.4900000000    -2.0801902000e-01
        2.4950000000    -2.0955811000e-01
        2.5000000000    -2.1109720000e-01
        2.5050000000    -2.1263629000e-01
        2.5100000000    -2.1417538000e-01
        2.5150000000    -2.1571447000e-01
        2.5200000000    -2.1725356000e-01
        2.5250000000    -2.1879265000e-01
        2.5300000000    -2.2033174000e-01
        2.5350000000    -2.2187083000e-01
        2.5400000000    -2.2340992000e-01
        2.5450000000    -2.2494901000e-01
        2.5500000000    -2.2648810000e-01
        2.5550000000    -2.2802719000e-01
        2.5600000000    -2.2956628000e-01
        2.5650000000    -2.3110537000e-01
        2.5700000000    -2.3264446000e-01
        2.5750000000    -2.3418355000e-01
        2.5800000000    -2.3572264000e-01
        2.5850000000    -2.3726173000e-01
        2.5900000000    -2.3880082000e-01
        2.5950000000    -2.4033991000e-01
        2.6000000000    -2.4187900000e-01
        2.6050000000    -2.4341809000e-01
        2.6100000000    -2.4495718000e-01
        2.6150000000    -2.4649627000e-01
        2.6200000000    -2.4803536000e-01
        2.6250000000    -2.4957445000e-01
        2.6300000000    -2.5111354000e-01
        2.6350000000    -2.5265263000e-01
        2.6400000000    -2.5419172000e-01
        2.6450000000    -2.5573081000e-01
        2.6500000000    -2.5726990000e-01
        2.6550000000    -2.5880899000e-01
        2.6600000000    -2.6034808000e-01
        2.6650000000    -2.6188717000e-01
        2.6700000000    -2.6342626000e-01
        2.6750000000    -2.6496535000e-01
        2.6800000000    -2.6650444000e-01
        2.6850000000    -2.6804353000e-01
        2.6900000000    -2.6958262000e-01
        2.6950000000    -2.7112171000e-01
        2.7000000000    -2.7266080000e-01
        2.7050000000    -2.7419989000e-01
        2.7100000000    -2.7573898000e-01
        2.7150000000    -2.7727807000e-01
        2.7200000000    -2.7881716000e-01
        2.7250000000    -2.8035625000e-01
        2.7300000000    -2.8189534000e-01
        2.7350000000    -2.8343443000e-01
        2.7400000000    -2.8497352000e-01
        2.7450000000    -2.8651261000e-01
        2.7500000000    -2.8805170000e-01
        2.7550000000    -2.8959079000e-01
        2.7600000000    -2.9112988000e-01
        2.7650000000    -2.9266897000e-01
        2.7700000000    -2.9420806000e-01
        2.7750000000    -2.9574715000e-01
        2.7800000000    -2.9728624000e-01
        2.7850000000    -2.9882533000e-01
        2.7900000000    -3.0036442000e-01
        2.7950000000    -3.0190351000e-01
        2.8000000000    -3.0344260000e-01
        2.8050000000    -3.0498169000e-01
        2.8100000000    -3.0652078000e-01
        2.8150000000    -3.0805987000e-01
        2.8200000000    -3.0959896000e-01
        2.8250000000    -3.1113805000e-01
        2.8300000000    -3.1267714000e-01
        2.8350000000    -3.1421623000e-01
        2.8400000000    -3.1575532000e-01
        2.8450000000    -3.1729441000e-01
        2.8500000000    -3.1883350000e-01
        2.8550000000    -3.2037259000e-01
        2.8600000000    -3.2191168000e-01
        2.8650000000    -3.2345077000e-01
        2.8700000000    -3.2498986000e-01
        2.8750000000    -3.2652895000e-01
        2.8800000000    -3.2806804000e-01
        2.8850000000    -3.2960713000e-01
        2.8900000000    -3.3114622000e-01
        2.8950000000    -3.3268531000e-01
        2.9000000000    -3.3422440000e-01
        2.9050000000    -3.3576349000e-01
        2.9100000000    -3.3730258000e-01
        2.9150000000    -3.3884167000e-01
        2.9200000000    -3.4038076000e-01
        2.9250000000    -3.4191985000e-01
        2.9300000000    -3.4345894000e-01
        2.9350000000    -3.4499803000e-01
        2.9400000000    -3.4653712000e-01
        2.9450000000    -3.4807621000e-01
        2.9500000000    -3.4961530000e-01
        2.9550000000    -3.5115439000e-01
        2.9600000000    -3.5269348000e-01
        2.9650000000    -3.5423257000e-01
        2.9700000000    -3.5577166000e-01
        2.9750000000    -3.5731075000e-01
        2.9800000000    -3.5884984000e-01
        2.9850000000    -3.6038893000e-01
        2.9900000000    -3.6192802000e-01
        2.9950000000    -3.6346711000e-01
        3.0000000000    -3.6500620000e-01
        3.0050000000    -3.6654529000e-01
        3.0100000000    -3.6808438000e-01
        3.0150000000    -3.6962347000e-01
        3.0200000000    -3.7116256000e-01
        3.0250000000    -3.7270165000e-01
        3.0300000000    -3.7424074000e-01
        3.0350000000    -3.7577983000e-01
        3.0400000000    -3.7731892000e-01
        3.0450000000    -3.7885801000e-01
        3.0500000000    -3.8039710000e-01
        3.0550000000    -3.8193619000e-01
        3.0600000000    -3.8347528000e-01
        3.0650000000    -3.8501437000e-01
        3.0700000000    -3.8655346000e-01
        3.0750000000    -3.8809255000e-01
        3.0800000000    -3.8963164000e-01
        3.0850000000    -3.9117073000e-01
        3.0900000000    -3.9270982000e-01
        3.0950000000    -3.9424891000e-01
        3.1000000000    -3.9578800000e-01
        3.1050000000    -3.9732709000e-01
        3.1100000000    -3.9886618000e-01
        3.1150000000    -4.0040527000e-01
        3.1200000000    -4.0194436000e-01
        3.1250000000    -4.0348345000e-01
        3.1300000000    -4.0502254000e-01
        3.1350000000    -4.0656163000e-01
        3.1400000000    -4.0810072000e-01
        3.1450000000    -4.0963981000e-01
        3.1500000000    -4.1117890000e-01
        3.1550000000    -4.1271799000e-01
        3.1600000000    -4.1425708000e-01
        3.1650000000    -4.1579617000e-01
        3.1700000000    -4.1733526000e-01
        3.1750000000    -4.1887435000e-01
        3.1800000000    -4.2041344000e-01
        3.1850000000    -4.2195253000e-01
        3.1900000000    -4.2349162000e-01
        3.1950000000    -4.2503071000e-01
        3.2000000000    -4.2656980000e-01
        3.2050000000    -4.2810889000e-01
        3.2100000000    -4.2964798000e-01
        3.2150000000    -4.3118707000e-01
        3.2200000000    -4.3272616000e-01
        3.2250000000    -4.3426525000e-01
        3.2300000000    -4.3580434000e-01
        3.2350000000    -4.3734343000e-01
        3.2400000000    -4.3888252000e-01
        3.2450000000    -4.4042161000e-01
        3.2500000000    -4.4196070000e-01
        3.2550000000    -4.4349979000e-01
        3.2600000000    -4.4503888000e-01
        3.2650000000    -4.4657797000e-01
        3.2700000000    -4.4811706000e-01
        3.2750000000    -4.4965615000e-01
        3.2800000000    -4.5119524000e-01
        3.2850000000    -4.5273433000e-01
        3.2900000000    -4.5427342000e-01
        3.2950000000    -4.5581251000e-01
        3.3000000000    -4.5735160000e-01
        3.3050000000    -4.5889069000e-01
        3.3100000000    -4.6042978000e-01
        3.3150000000    -4.6196887000e-01
        3.3200000000    -4.6350796000e-01
        3.3250000000    -4.6504705000e-01
        3.3300000000    -4.6658614000e-01
        3.3350000000    -4.6812523000e-01
        3.3400000000    -4.6966432000e-01
        3.3450000000    -4.7120341000e-01
        3.3500000000    -4.7274250000e-01
        3.3550000000    -4.7428159000e-01
        3.3600000000    -4.7582068000e-01
        3.3650000000    -4.7735977000e-01
        3.3700000000    -4.7889886000e-01
        3.3750000000    -4.8043795000e-01
        3.3800000000    -4.8197704000e-01
        3.3850000000    -4.8351613000e-01
        3.3900000000    -4.8505522000e-01
        3.3950000000    -4.8659431000e-01
        3.4000000000    -4.8813340000e-01
        3.4050000000    -4.8967249000e-01
        3.4100000000    -4.9121158000e-01
        3.4150000000    -4.9275067000e-01
        3.4200000000    -4.9428976000e-01
        3.4250000000    -4.9582885000e-01
        3.4300000000    -4.9736794000e-01
        3.4350000000    -4.9890703000e-01
        3.4400000000    -5.0044612000e-01
        3.4450000000    -5.0198521000e-01
        3.4500000000    -5.0352430000e-01
        3.4550000000    -5.0506339000e-01
        3.4600000000    -5.0660248000e-01
        3.4650000000    -5.0814157000e-01
        3.4700000000    -5.0968066000e-01
        3.4750000000    -5.1121975000e-01
        3.4800000000    -5.1275884000e-01
        3.4850000000    -5.1429793000e-01
        3.4900000000    -5.1583702000e-01
        3.4950000000    -5.1737611000e-01
        3.5000000000    -5.1891520000e-01
        3.5050000000    -5.2045429000e-01
        3.5100000000    -5.2199338000e-01
        3.5150000000    -5.2353247000e-01
        3.5200000000    -5.2507156000e-01
        3.5250000000    -5.2661065000e-01
        3.5300000000    -5.2814974000e-01
        3.5350000000    -5.2968883000e-01
        3.5400000000    -5.3122792000e-01
        3.5450000000    -5.3276701000e-01
        3.5500000000    -5.3430610000e-01
        3.5550000000    -5.3584519000e-01
        3.5600000000    -5.3738428000e-01
        3.5650000000    -5.3892337000e-01
        3.5700000000    -5.4046246000e-01
        3.5750000000    -5.4200155000e-01
        3.5800000000    -5.4354064000e-01
        3.5850000000    -5.4507973000e-01
        3.5900000000    -5.4661882000e-01
        3.5950000000    -5.4815791000e-01
        3.6000000000    -5.4969700000e-01
        3.6050000000    -5.5123609000e-01
        3.6100000000    -5.5277518000e-01
        3.6150000000    -5.5431427000e-01
        3.6200000000    -5.5585336000e-01
        3.6250000000    -5.5739245000e-01
        3.6300000000    -5.5893154000e-01
        3.6350000000    -5.6047063000e-01
        3.6400000000    -5.6200972000e-01
        3.6450000000    -5.6354881000e-01
        3.6500000000    -5.6508790000e-01
        3.6550000000    -5.6662699000e-01
        3.6600000000    -5.6816608000e-01
        3.6650000000    -5.6970517000e-01
        3.6700000000    -5.7124426000e-01
        3.6750000000    -5.7278335000e-01
        3.6800000000    -5.7432244000e-01
        3.6850000000    -5.7586153000e-01
        3.6900000000    -5.7740062000e-01
        3.6950000000    -5.7893971000e-01
        3.7000000000    -5.8047880000e-01
        3.7050000000    -5.8201789000e-01
        3.7100000000    -5.8355698000e-01
        3.7150000000    -5.8509607000e-01
        3.7200000000    -5.8663516000e-01
        3.7250000000    -5.8817425000e-01
        3.7300000000    -5.8971334000e-01
        3.7350000000    -5.9125243000e-01
        3.7400000000    -5.9279152000e-01
        3.7450000000    -5.9433061000e-01
        3.7500000000    -5.9586970000e-01
        3.7550000000    -5.9740879000e-01
        3.7600000000    -5.9894788000e-01
        3.7650000000    -6.0048697000e-01
        3.7700000000    -6.0202606000e-01
        3.7750000000    -6.0356515000e-01
        3.7800000000    -6.0510424000e-01
        3.7850000000    -6.0664333000e-01
        3.7900000000    -6.0818242000e-01
        3.7950000000    -6.0972151000e-01
        3.8000000000    -6.1126060000e-01
        3.8050000000    -6.1279969000e-01
        3.8100000000    -6.1433878000e-01
        3.8150000000    -6.1587787000e-01
        3.8200000000    -6.1741696000e-01
        3.8250000000    -6.1895605000e-01
        3.8300000000    -6.2049514000e-01
        3.8350000000    -6.2203423000e-01
        3.8400000000    -6.2357332000e-01
        3.8450000000    -6.2511241000e-01
        3.8500000000    -6.2665150000e-01
        3.8550000000    -6.2819059000e-01
        3.8600000000    -6.2972968000e-01
        3.8650000000    -6.3126877000e-01
        3.8700000000    -6.3280786000e-01
        3.8750000000    -6.3434695000e-01
        3.8800000000    -6.3588604000e-01
        3.8850000000    -6.3742513000e-01
        3.8900000000    -6.3896422000e-01
        3.8950000000    -6.4050331000e-01
        3.9000000000    -6.4204240000e-01
        3.9050000000    -6.4358149000e-01
        3.9100000000    -6.4512058000e-01
        3.9150000000    -6.4665967000e-01
        3.9200000000    -6.4819876000e-01
        3.9250000000    -6.4973785000e-01
        3.9300000000    -6.5127694000e-01
        3.9350000000    -6.5281603000e-01
        3.9400000000    -6.5435512000e-01
        3.9450000000    -6.5589421000e-01
        3.9500000000    -6.5743330000e-01
        3.9550000000    -6.5897239000e-01
        3.9600000000    -6.6051148000e-01
        3.9650000000    -6.6205057000e-01
        3.9700000000    -6.6358966000e-01
        3.9750000000    -6.6512875000e-01
        3.9800000000    -6.6666784000e-01
        3.9850000000    -6.6820693000e-01
        3.9900000000    -6.6974602000e-01
        3.9950000000    -6.7128511000e-01
        4.0000000000    -6.7282420000e-01
        4.0050000000    -6.7436329000e-01
        4.0100000000    -6.7590238000e-01
        4.0150000000    -6.7744147000e-01
        4.0200000000    -6.7898056000e-01
        4.0250000000    -6.8051965000e-01
        4.0300000000    -6.8205874000e-01
        4.0350000000    -6.8359783000e-01
        4.0400000000    -6.8513692000e-01
        4.0450000000    -6.8667601000e-01
        4.0500000000    -6.8821510000e-01
        4.0550000000    -6.8975419000e-01
        4.0600000000    -6.9129328000e-01
        4.0650000000    -6.9283237000e-01
        4.0700000000    -6.9437146000e-01
        4.0750000000    -6.9591055000e-01
        4.0800000000    -6.9744964000e-01
        4.0850000000    -6.9898873000e-01
        4.0900000000    -7.0052782000e-01
        4.0950000000    -7.0206691000e-01
        4.1000000000    -7.0360600000e-01
        4.1050000000    -7.0514509000e-01
        4.1100000000    -7.0668418000e-01
        4.1150000000    -7.0822327000e-01
        4.1200000000    -7.0976236000e-01
        4.1250000000    -7.1130145000e-01
        4.1300000000    -7.1284054000e-01
        4.1350000000    -7.1437963000e-01
        4.1400000000    -7.1591872000e-01
        4.1450000000    -7.1745781000e-01
        4.1500000000    -7.1899690000e-01
        4.1550000000    -7.2053599000e-01
        4.1600000000    -7.2207508000e-01
        4.1650000000    -7.2361417000e-01
        4.1700000000    -7.2515326000e-01
        4.1750000000    -7.2669235000e-01
        4.1800000000    -7.2823144000e-01
        4.1850000000    -7.2977053000e-01
        4.1900000000    -7.3130962000e-01
        4.1950000000    -7.3284871000e-01
        4.2000000000    -7.3438780000e-01
        4.2050000000    -7.3592689000e-01
        4.2100000000    -7.3746598000e-01
        4.2150000000    -7.3900507000e-01
        4.2200000000    -7.4054416000e-01
        4.2250000000    -7.4208325000e-01
        4.2300000000    -7.4362234000e-01
        4.2350000000    -7.4516143000e-01
        4.2400000000    -7.4670052000e-01
        4.2450000000    -7.4823961000e-01
        4.2500000000    -7.4977870000e-01
        4.2550000000    -7.5131779000e-01
        4.2600000000    -7.5285688000e-01
        4.2650000000    -7.5439597000e-01
        4.2700000000    -7.5593506000e-01
        4.2750000000    -7.5747415000e-01
        4.2800000000    -7.5901324000e-01
        4.2850000000    -7.6055233000e-01
        4.2900000000    -7.6209142000e-01
        4.2950000000    -7.6363051000e-01
        4.3000000000    -7.6516960000e-01
        4.3050000000    -7.6670869000e-01
        4.3100000000    -7.6824778000e-01
        4.3150000000    -7.6978687000e-01
        4.3200000000    -7.7132596000e-01
        4.3250000000    -7.7286505000e-01
        4.3300000000    -7.7440414000e-01
        4.3350000000    -7.7594323000e-01
        4.3400000000    -7.7748232000e-01
        4.3450000000    -7.7902141000e-01
        4.3500000000    -7.8056050000e-01
        4.3550000000    -7.8209959000e-01
        4.3600000000    -7.8363868000e-01
        4.3650000000    -7.8517777000e-01
        4.3700000000    -7.8671686000e-01
        4.3750000000    -7.8825595000e-01
        4.3800000000    -7.8979504000e-01
        4.3850000000    -7.9133413000e-01
        4.3900000000    -7.9287322000e-01
        4.3950000000    -7.9441231000e-01
        4.4000000000    -7.9595140000e-01
        4.4050000000    -7.9749049000e-01
        4.4100000000    -7.9902958000e-01
        4.4150000000    -8.0056867000e-01
        4.4200000000    -8.0210776000e-01
        4.4250000000    -8.0364685000e-01
        4.4300000000    -8.0518594000e-01
        4.4350000000    -8.0672503000e-01
        4.4400000000    -8.0826412000e-01
        4.4450000000    -8.0980321000e-01
        4.4500000000    -8.1134230000e-01
        4.4550000000    -8.1288139000e-01
        4.4600000000    -8.1442048000e-01
        4.4650000000    -8.1595957000e-01
        4.4700000000    -8.1749866000e-01
        4.4750000000    -8.1903775000e-01
        4.4800000000    -8.2057684000e-01
        4.4850000000    -8.2211593000e-01
        4.4900000000    -8.2365502000e-01
        4.4950000000    -8.2519411000e-01
        4.5000000000    -8.2673320000e-01
        4.5050000000    -8.2827229000e-01
        4.5100000000    -8.2981138000e-01
        4.5150000000    -8.3135047000e-01
        4.5200000000    -8.3288956000e-01
        4.5250000000    -8.3442865000e-01
        4.5300000000    -8.3596774000e-01
        4.5350000000    -8.3750683000e-01
        4.5400000000    -8.3904592000e-01
        4.5450000000    -8.4058501000e-01
        4.5500000000    -8.4212410000e-01
        4.5550000000    -8.4366319000e-01
        4.5600000000    -8.4520228000e-01
        4.5650000000    -8.4674137000e-01
        4.5700000000    -8.4828046000e-01
        4.5750000000    -8.4981955000e-01
        4.5800000000    -8.5135864000e-01
        4.5850000000    -8.5289773000e-01
        4.5900000000    -8.5443682000e-01
        4.5950000000    -8.5597591000e-01
        4.6000000000    -8.5751500000e-01
        4.6050000000    -8.5905409000e-01
        4.6100000000    -8.6059318000e-01
        4.6150000000    -8.6213227000e-01
        4.6200000000    -8.6367136000e-01
        4.6250000000    -8.6521045000e-01
        4.6300000000    -8.6674954000e-01
        4.6350000000    -8.6828863000e-01
        4.6400000000    -8.6982772000e-01
        4.6450000000    -8.7136681000e-01
        4.6500000000    -8.7290590000e-01
        4.6550000000    -8.7444499000e-01
        4.6600000000    -8.7598408000e-01
        4.6650000000    -8.7752317000e-01
        4.6700000000    -8.7906226000e-01
        4.6750000000    -8.8060135000e-01
        4.6800000000    -8.8214044000e-01
        4.6850000000    -8.8367953000e-01
        4.6900000000    -8.8521862000e-01
        4.6950000000    -8.8675771000e-01
        4.7000000000    -8.8829680000e-01
        4.7050000000    -8.8983589000e-01
        4.7100000000    -8.9137498000e-01
        4.7150000000    -8.9291407000e-01
        4.7200000000    -8.9445316000e-01
        4.7250000000    -8.9599225000e-01
        4.7300000000    -8.9753134000e-01
        4.7350000000    -8.9907043000e-01
        4.7400000000    -9.0060952000e-01
        4.7450000000    -9.0214861000e-01
        4.7500000000    -9.0368770000e-01
        4.7550000000    -9.0522679000e-01
        4.7600000000    -9.0676588000e-01
        4.7650000000    -9.0830497000e-01
        4.7700000000    -9.0984406000e-01
        4.7750000000    -9.1138315000e-01
        4.7800000000    -9.1292224000e-01
        4.7850000000    -9.1446133000e-01
        4.7900000000    -9.1600042000e-01
        4.7950000000    -9.1753951000e-01
        4.8000000000    -9.1907860000e-01
        4.8050000000    -9.2061769000e-01
        4.8100000000    -9.2215678000e-01
        4.8150000000    -9.2369587000e-01
        4.8200000000    -9.2523496000e-01
        4.8250000000    -9.2677405000e-01
        4.8300000000    -9.2831314000e-01
        4.8350000000    -9.2985223000e-01
        4.8400000000    -9.3139132000e-01
        4.8450000000    -9.3293041000e-01
        4.8500000000    -9.3446950000e-01
        4.8550000000    -9.3600859000e-01
        4.8600000000    -9.3754768000e-01
        4.8650000000    -9.3908677000e-01
        4.8700000000    -9.4062586000e-01
        4.8750000000    -9.4216495000e-01
        4.8800000000    -9.4370404000e-01
        4.8850000000    -9.4524313000e-01
        4.8900000000    -9.4678222000e-01
        4.8950000000    -9.4832131000e-01
        4.9000000000    -9.4986040000e-01
        4.9050000000    -9.5139949000e-01
        4.9100000000    -9.5293858000e-01
        4.9150000000    -9.5447767000e-01
        4.9200000000    -9.5601676000e-01
        4.9250000000    -9.5755585000e-01
        4.9300000000    -9.5909494000e-01
        4.9350000000    -9.6063403000e-01
        4.9400000000    -9.6217312000e-01
        4.9450000000    -9.6371221000e-01
        4.9500000000    -9.6525130000e-01
        4.9550000000    -9.6679039000e-01
        4.9600000000    -9.6832948000e-01
        4.9650000000    -9.6986857000e-01
        4.9700000000    -9.7140766000e-01
        4.9750000000    -9.7294675000e-01
        4.9800000000    -9.7448584000e-01
        4.9850000000    -9.7602493000e-01
        4.9900000000    -9.7756402000e-01
        4.9950000000    -9.7910311000e-01
        5.0000000000    -9.8064220000e-01
        5.0050000000    -9.8218129000e-01
        5.0100000000    -9.8372038000e-01
        5.0150000000    -9.8525947000e-01
        5.0200000000    -9.8679856000e-01
        5.0250000000    -9.8833765000e-01
        5.0300000000    -9.8987674000e-01
        5.0350000000    -9.9141583000e-01
        5.0400000000    -9.9295492000e-01
        5.0450000000    -9.9449401000e-01
        5.0500000000    -9.9603310000e-01
        5.0550000000    -9.9757219000e-01
        5.0600000000    -9.9911128000e-01
        5.0650000000    -1.0006503700e+00
        5.0700000000    -1.0021894600e+00
        5.0750000000    -1.0037285500e+00
        5.0800000000    -1.0052676400e+00
        5.0850000000    -1.0068067300e+00
        5.0900000000    -1.0083458200e+00
        5.0950000000    -1.0098849100e+00
        5.1000000000    -1.0114240000e+00
        5.1050000000    -1.0129630900e+00
        5.1100000000    -1.0145021800e+00
        5.1150000000    -1.0160412700e+00
        5.1200000000    -1.0175803600e+00
        5.1250000000    -1.0191194500e+00
        5.1300000000    -1.0206585400e+00
        5.1350000000    -1.0221976300e+00
        5.1400000000    -1.0237367200e+00
        5.1450000000    -1.0252758100e+00
        5.1500000000    -1.0268149000e+00
        5.1550000000    -1.0283539900e+00
        5.1600000000    -1.0298930800e+00
        5.1650000000    -1.0314321700e+00
        5.1700000000    -1.0329712600e+00
        5.1750000000    -1.0345103500e+00
        5.1800000000    -1.0360494400e+00
        5.1850000000    -1.0375885300e+00
        5.1900000000    -1.0391276200e+00
        5.1950000000    -1.0406667100e+00
        5.2000000000    -1.0422058000e+00
        5.2050000000    -1.0437448900e+00
        5.2100000000    -1.0452839800e+00
        5.2150000000    -1.0468230700e+00
        5.2200000000    -1.0483621600e+00
        5.2250000000    -1.0499012500e+00
        5.2300000000    -1.0514403400e+00
        5.2350000000    -1.0529794300e+00
        5.2400000000    -1.0545185200e+00
        5.2450000000    -1.0560576100e+00
        5.2500000000    -1.0575967000e+00
        5.2550000000    -1.0591357900e+00
        5.2600000000    -1.0606748800e+00
        5.2650000000    -1.0622139700e+00
        5.2700000000    -1.0637530600e+00
        5.2750000000    -1.0652921500e+00
        5.2800000000    -1.0668312400e+00
        5.2850000000    -1.0683703300e+00
        5.2900000000    -1.0699094200e+00
        5.2950000000    -1.0714485100e+00
        5.3000000000    -1.0729876000e+00
        5.3050000000    -1.0745266900e+00
        5.3100000000    -1.0760657800e+00
        5.3150000000    -1.0776048700e+00
        5.3200000000    -1.0791439600e+00
        5.3250000000    -1.0806830500e+00
        5.3300000000    -1.0822221400e+00
        5.3350000000    -1.0837612300e+00
        5.3400000000    -1.0853003200e+00
        5.3450000000    -1.0868394100e+00
        5.3500000000    -1.0883785000e+00
        5.3550000000    -1.0899175900e+00
        5.3600000000    -1.0914566800e+00
        5.3650000000    -1.0929957700e+00
        5.3700000000    -1.0945348600e+00
        5.3750000000    -1.0960739500e+00
        5.3800000000    -1.0976130400e+00
        5.3850000000    -1.0991521300e+00
        5.3900000000    -1.1006912200e+00
        5.3950000000    -1.1022303100e+00
        5.4000000000    -1.1037694000e+00
        5.4050000000    -1.1053084900e+00
        5.4100000000    -1.1068475800e+00
        5.4150000000    -1.1083866700e+00
        5.4200000000    -1.1099257600e+00
        5.4250000000    -1.1114648500e+00
        5.4300000000    -1.1130039400e+00
        5.4350000000    -1.1145430300e+00
        5.4400000000    -1.1160821200e+00
        5.4450000000    -1.1176212100e+00
        5.4500000000    -1.1191603000e+00
        5.4550000000    -1.1206993900e+00
        5.4600000000    -1.1222384800e+00
        5.4650000000    -1.1237775700e+00
        5.4700000000    -1.1253166600e+00
        5.4750000000    -1.1268557500e+00
        5.4800000000    -1.1283948400e+00
        5.4850000000    -1.1299339300e+00
        5.4900000000    -1.1314730200e+00
        5.4950000000    -1.1330121100e+00
        5.5000000000    -1.1345512000e+00
        5.5050000000    -1.1360902900e+00
        5.5100000000    -1.1376293800e+00
        5.5150000000    -1.1391684700e+00
        5.5200000000    -1.1407075600e+00
        5.5250000000    -1.1422466500e+00
        5.5300000000    -1.1437857400e+00
        5.5350000000    -1.1453248300e+00
        5.5400000000    -1.1468639200e+00
        5.5450000000    -1.1484030100e+00
        5.5500000000    -1.1499421000e+00
        5.5550000000    -1.1514811900e+00
        5.5600000000    -1.1530202800e+00
        5.5650000000    -1.1545593700e+00
        5.5700000000    -1.1560984600e+00
        5.5750000000    -1.1576375500e+00
        5.5800000000    -1.1591766400e+00
        5.5850000000    -1.1607157300e+00
        5.5900000000    -1.1622548200e+00
        5.5950000000    -1.1637939100e+00
        5.6000000000    -1.1653330000e+00
        5.6050000000    -1.1668720900e+00
        5.6100000000    -1.1684111800e+00
        5.6150000000    -1.1699502700e+00
        5.6200000000    -1.1714893600e+00
        5.6250000000    -1.1730284500e+00
        5.6300000000    -1.1745675400e+00
        5.6350000000    -1.1761066300e+00
        5.6400000000    -1.1776457200e+00
        5.6450000000    -1.1791848100e+00
        5.6500000000    -1.1807239000e+00
        5.6550000000    -1.1822629900e+00
        5.6600000000    -1.1838020800e+00
        5.6650000000    -1.1853411700e+00
        5.6700000000    -1.1868802600e+00
        5.6750000000    -1.1884193500e+00
        5.6800000000    -1.1899584400e+00
        5.6850000000    -1.1914975300e+00
        5.6900000000    -1.1930366200e+00
        5.6950000000    -1.1945757100e+00
        5.7000000000    -1.1961148000e+00
        5.7050000000    -1.1976538900e+00
        5.7100000000    -1.1991929800e+00
        5.7150000000    -1.2007320700e+00
        5.7200000000    -1.2022711600e+00
        5.7250000000    -1.2038102500e+00
        5.7300000000    -1.2053493400e+00
        5.7350000000    -1.2068884300e+00
        5.7400000000    -1.2084275200e+00
        5.7450000000    -1.2099666100e+00
        5.7500000000    -1.2115057000e+00
        5.7550000000    -1.2130447900e+00
        5.7600000000    -1.2145838800e+00
        5.7650000000    -1.2161229700e+00
        5.7700000000    -1.2176620600e+00
        5.7750000000    -1.2192011500e+00
        5.7800000000    -1.2207402400e+00
        5.7850000000    -1.2222793300e+00
        5.7900000000    -1.2238184200e+00
        5.7950000000    -1.2253575100e+00
        5.8000000000    -1.2268966000e+00
        5.8050000000    -1.2284356900e+00
        5.8100000000    -1.2299747800e+00
        5.8150000000    -1.2315138700e+00
        5.8200000000    -1.2330529600e+00
        5.8250000000    -1.2345920500e+00
        5.8300000000    -1.2361311400e+00
        5.8350000000    -1.2376702300e+00
        5.8400000000    -1.2392093200e+00
        5.8450000000    -1.2407484100e+00
        5.8500000000    -1.2422875000e+00
        5.8550000000    -1.2438265900e+00
        5.8600000000    -1.2453656800e+00
        5.8650000000    -1.2469047700e+00
        5.8700000000    -1.2484438600e+00
        5.8750000000    -1.2499829500e+00
        5.8800000000    -1.2515220400e+00
        5.8850000000    -1.2530611300e+00
        5.8900000000    -1.2546002200e+00
        5.8950000000    -1.2561393100e+00
        5.9000000000    -1.2576784000e+00
        5.9050000000    -1.2592174900e+00
        5.9100000000    -1.2607565800e+00
        5.9150000000    -1.2622956700e+00
        5.9200000000    -1.2638347600e+00
        5.9250000000    -1.2653738500e+00
        5.9300000000    -1.2669129400e+00
        5.9350000000    -1.2684520300e+00
        5.9400000000    -1.2699911200e+00
        5.9450000000    -1.2715302100e+00
        5.9500000000    -1.2730693000e+00
        5.9550000000    -1.2746083900e+00
        5.9600000000    -1.2761474800e+00
        5.9650000000    -1.2776865700e+00
        5.9700000000    -1.2792256600e+00
        5.9750000000    -1.2807647500e+00
        5.9800000000    -1.2823038400e+00
        5.9850000000    -1.2838429300e+00
        5.9900000000    -1.2853820200e+00
        5.9950000000    -1.2869211100e+00
        6.0000000000    -1.2884602000e+00
        6.0050000000    -1.2899992900e+00
        6.0100000000    -1.2915383800e+00
        6.0150000000    -1.2930774700e+00
        6.0200000000    -1.2946165600e+00
        6.0250000000    -1.2961556500e+00
        6.0300000000    -1.2976947400e+00
        6.0350000000    -1.2992338300e+00
        6.0400000000    -1.3007729200e+00
        6.0450000000    -1.3023120100e+00
        6.0500000000    -1.3038511000e+00
        6.0550000000    -1.3053901900e+00
        6.0600000000    -1.3069292800e+00
        6.0650000000    -1.3084683700e+00
        6.0700000000    -1.3100074600e+00
        6.0750000000    -1.3115465500e+00
        6.0800000000    -1.3130856400e+00
        6.0850000000    -1.3146247300e+00
        6.0900000000    -1.3161638200e+00
        6.0950000000    -1.3177029100e+00
        6.1000000000    -1.3192420000e+00
        6.1050000000    -1.3207810900e+00
        6.1100000000    -1.3223201800e+00
        6.1150000000    -1.3238592700e+00
        6.1200000000    -1.3253983600e+00
        6.1250000000    -1.3269374500e+00
        6.1300000000    -1.3284765400e+00
        6.1350000000    -1.3300156300e+00
        6.1400000000    -1.3315547200e+00
        6.1450000000    -1.3330938100e+00
        6.1500000000    -1.3346329000e+00
        6.1550000000    -1.3361719900e+00
        6.1600000000    -1.3377110800e+00
        6.1650000000    -1.3392501700e+00
        6.1700000000    -1.3407892600e+00
        6.1750000000    -1.3423283500e+00
        6.1800000000    -1.3438674400e+00
        6.1850000000    -1.3454065300e+00
        6.1900000000    -1.3469456200e+00
        6.1950000000    -1.3484847100e+00
        6.2000000000    -1.3500238000e+00
        6.2050000000    -1.3515628900e+00
        6.2100000000    -1.3531019800e+00
        6.2150000000    -1.3546410700e+00
        6.2200000000    -1.3561801600e+00
        6.2250000000    -1.3577192500e+00
        6.2300000000    -1.3592583400e+00
        6.2350000000    -1.3607974300e+00
        6.2400000000    -1.3623365200e+00
        6.2450000000    -1.3638756100e+00
        6.2500000000    -1.3654147000e+00
        6.2550000000    -1.3669537900e+00
        6.2600000000    -1.3684928800e+00
        6.2650000000    -1.3700319700e+00
        6.2700000000    -1.3715710600e+00
        6.2750000000    -1.3731101500e+00
        6.2800000000    -1.3746492400e+00
        6.2850000000    -1.3761883300e+00
        6.2900000000    -1.3777274200e+00
        6.2950000000    -1.3792665100e+00
        6.3000000000    -1.3808056000e+00
        6.3050000000    -1.3823446900e+00
        6.3100000000    -1.3838837800e+00
        6.3150000000    -1.3854228700e+00
        6.3200000000    -1.3869619600e+00
        6.3250000000    -1.3885010500e+00
        6.3300000000    -1.3900401400e+00
        6.3350000000    -1.3915792300e+00
        6.3400000000    -1.3931183200e+00
        6.3450000000    -1.3946574100e+00
        6.3500000000    -1.3961965000e+00
        6.3550000000    -1.3977355900e+00
        6.3600000000    -1.3992746800e+00
        6.3650000000    -1.4008137700e+00
        6.3700000000    -1.4023528600e+00
        6.3750000000    -1.4038919500e+00
        6.3800000000    -1.4054310400e+00
        6.3850000000    -1.4069701300e+00
        6.3900000000    -1.4085092200e+00
        6.3950000000    -1.4100483100e+00
        6.4000000000    -1.4115874000e+00
        6.4050000000    -1.4131264900e+00
        6.4100000000    -1.4146655800e+00
        6.4150000000    -1.4162046700e+00
        6.4200000000    -1.4177437600e+00
        6.4250000000    -1.4192828500e+00
        6.4300000000    -1.4208219400e+00
        6.4350000000    -1.4223610300e+00
        6.4400000000    -1.4239001200e+00
        6.4450000000    -1.4254392100e+00
        6.4500000000    -1.4269783000e+00
        6.4550000000    -1.4285173900e+00
        6.4600000000    -1.4300564800e+00
        6.4650000000    -1.4315955700e+00
        6.4700000000    -1.4331346600e+00
        6.4750000000    -1.4346737500e+00
        6.4800000000    -1.4362128400e+00
        6.4850000000    -1.4377519300e+00
        6.4900000000    -1.4392910200e+00
        6.4950000000    -1.4408301100e+00
        6.5000000000    -1.4423692000e+00
        6.5050000000    -1.4439082900e+00
        6.5100000000    -1.4454473800e+00
        6.5150000000    -1.4469864700e+00
        6.5200000000    -1.4485255600e+00
        6.5250000000    -1.4500646500e+00
        6.5300000000    -1.4516037400e+00
        6.5350000000    -1.4531428300e+00
        6.5400000000    -1.4546819200e+00
        6.5450000000    -1.4562210100e+00
        6.5500000000    -1.4577601000e+00
        6.5550000000    -1.4592991900e+00
        6.5600000000    -1.4608382800e+00
        6.5650000000    -1.4623773700e+00
        6.5700000000    -1.4639164600e+00
        6.5750000000    -1.4654555500e+00
        6.5800000000    -1.4669946400e+00
        6.5850000000    -1.4685337300e+00
        6.5900000000    -1.4700728200e+00
        6.5950000000    -1.4716119100e+00
        6.6000000000    -1.4731510000e+00
        6.6050000000    -1.4746900900e+00
        6.6100000000    -1.4762291800e+00
        6.6150000000    -1.4777682700e+00
        6.6200000000    -1.4793073600e+00
        6.6250000000    -1.4808464500e+00
        6.6300000000    -1.4823855400e+00
        6.6350000000    -1.4839246300e+00
        6.6400000000    -1.4854637200e+00
        6.6450000000    -1.4870028100e+00
        6.6500000000    -1.4885419000e+00
        6.6550000000    -1.4900809900e+00
        6.6600000000    -1.4916200800e+00
        6.6650000000    -1.4931591700e+00
        6.6700000000    -1.4946982600e+00
        6.6750000000    -1.4962373500e+00
        6.6800000000    -1.4977764400e+00
        6.6850000000    -1.4993155300e+00
        6.6900000000    -1.5008546200e+00
        6.6950000000    -1.5023937100e+00
        6.7000000000    -1.5039328000e+00
        6.7050000000    -1.5054718900e+00
        6.7100000000    -1.5070109800e+00
        6.7150000000    -1.5085500700e+00
        6.7200000000    -1.5100891600e+00
        6.7250000000    -1.5116282500e+00
        6.7300000000    -1.5131673400e+00
        6.7350000000    -1.5147064300e+00
        6.7400000000    -1.5162455200e+00
        6.7450000000    -1.5177846100e+00
        6.7500000000    -1.5193237000e+00
        6.7550000000    -1.5208627900e+00
        6.7600000000    -1.5224018800e+00
        6.7650000000    -1.5239409700e+00
        6.7700000000    -1.5254800600e+00
        6.7750000000    -1.5270191500e+00
        6.7800000000    -1.5285582400e+00
        6.7850000000    -1.5300973300e+00
        6.7900000000    -1.5316364200e+00
        6.7950000000    -1.5331755100e+00
        6.8000000000    -1.5347146000e+00
        6.8050000000    -1.5362536900e+00
        6.8100000000    -1.5377927800e+00
        6.8150000000    -1.5393318700e+00
        6.8200000000    -1.5408709600e+00
        6.8250000000    -1.5424100500e+00
        6.8300000000    -1.5439491400e+00
        6.8350000000    -1.5454882300e+00
        6.8400000000    -1.5470273200e+00
        6.8450000000    -1.5485664100e+00
        6.8500000000    -1.5501055000e+00
        6.8550000000    -1.5516445900e+00
        6.8600000000    -1.5531836800e+00
        6.8650000000    -1.5547227700e+00
        6.8700000000    -1.5562618600e+00
        6.8750000000    -1.5578009500e+00
        6.8800000000    -1.5593400400e+00
        6.8850000000    -1.5608791300e+00
        6.8900000000    -1.5624182200e+00
        6.8950000000    -1.5639573100e+00
        6.9000000000    -1.5654964000e+00
        6.9050000000    -1.5670354900e+00
        6.9100000000    -1.5685745800e+00
        6.9150000000    -1.5701136700e+00
        6.9200000000    -1.5716527600e+00
        6.9250000000    -1.5731918500e+00
        6.9300000000    -1.5747309400e+00
        6.9350000000    -1.5762700300e+00
        6.9400000000    -1.5778091200e+00
        6.9450000000    -1.5793482100e+00
        6.9500000000    -1.5808873000e+00
        6.9550000000    -1.5824263900e+00
        6.9600000000    -1.5839654800e+00
        6.9650000000    -1.5855045700e+00
        6.9700000000    -1.5870436600e+00
        6.9750000000    -1.5885827500e+00
        6.9800000000    -1.5901218400e+00
        6.9850000000    -1.5916609300e+00
        6.9900000000    -1.5932000200e+00
        6.9950000000    -1.5947391100e+00
        7.0000000000    -1.5962782000e+00
        7.0050000000    -1.5978172900e+00
        7.0100000000    -1.5993563800e+00
        7.0150000000    -1.6008954700e+00
        7.0200000000    -1.6024345600e+00
        7.0250000000    -1.6039736500e+00
        7.0300000000    -1.6055127400e+00
        7.0350000000    -1.6070518300e+00
        7.0400000000    -1.6085909200e+00
        7.0450000000    -1.6101300100e+00
        7.0500000000    -1.6116691000e+00
        7.0550000000    -1.6132081900e+00
        7.0600000000    -1.6147472800e+00
        7.0650000000    -1.6162863700e+00
        7.0700000000    -1.6178254600e+00
        7.0750000000    -1.6193645500e+00
        7.0800000000    -1.6209036400e+00
        7.0850000000    -1.6224427300e+00
        7.0900000000    -1.6239818200e+00
        7.0950000000    -1.6255209100e+00
        7.1000000000    -1.6270600000e+00
        7.1050000000    -1.6285990900e+00
        7.1100000000    -1.6301381800e+00
        7.1150000000    -1.6316772700e+00
        7.1200000000    -1.6332163600e+00
        7.1250000000    -1.6347554500e+00
        7.1300000000    -1.6362945400e+00
        7.1350000000    -1.6378336300e+00
        7.1400000000    -1.6393727200e+00
        7.1450000000    -1.6409118100e+00
        7.1500000000    -1.6424509000e+00
        7.1550000000    -1.6439899900e+00
        7.1600000000    -1.6455290800e+00
        7.1650000000    -1.6470681700e+00
        7.1700000000    -1.6486072600e+00
        7.1750000000    -1.6501463500e+00
        7.1800000000    -1.6516854400e+00
        7.1850000000    -1.6532245300e+00
        7.1900000000    -1.6547636200e+00
        7.1950000000    -1.6563027100e+00
        7.2000000000    -1.6578418000e+00
        7.2050000000    -1.6593808900e+00
        7.2100000000    -1.6609199800e+00
        7.2150000000    -1.6624590700e+00
        7.2200000000    -1.6639981600e+00
        7.2250000000    -1.6655372500e+00
        7.2300000000    -1.6670763400e+00
        7.2350000000    -1.6686154300e+00
        7.2400000000    -1.6701545200e+00
        7.2450000000    -1.6716936100e+00
        7.2500000000    -1.6732327000e+00
        7.2550000000    -1.6747717900e+00
        7.2600000000    -1.6763108800e+00
        7.2650000000    -1.6778499700e+00
        7.2700000000    -1.6793890600e+00
        7.2750000000    -1.6809281500e+00
        7.2800000000    -1.6824672400e+00
        7.2850000000    -1.6840063300e+00
        7.2900000000    -1.6855454200e+00
        7.2950000000    -1.6870845100e+00
        7.3000000000    -1.6886236000e+00
        7.3050000000    -1.6901626900e+00
        7.3100000000    -1.6917017800e+00
        7.3150000000    -1.6932408700e+00
        7.3200000000    -1.6947799600e+00
        7.3250000000    -1.6963190500e+00
        7.3300000000    -1.6978581400e+00
        7.3350000000    -1.6993972300e+00
        7.3400000000    -1.7009363200e+00
        7.3450000000    -1.7024754100e+00
        7.3500000000    -1.7040145000e+00
        7.3550000000    -1.7055535900e+00
        7.3600000000    -1.7070926800e+00
        7.3650000000    -1.7086317700e+00
        7.3700000000    -1.7101708600e+00
        7.3750000000    -1.7117099500e+00
        7.3800000000    -1.7132490400e+00
        7.3850000000    -1.7147881300e+00
        7.3900000000    -1.7163272200e+00
        7.3950000000    -1.7178663100e+00
        7.4000000000    -1.7194054000e+00
        7.4050000000    -1.7209444900e+00
        7.4100000000    -1.7224835800e+00
        7.4150000000    -1.7240226700e+00
        7.4200000000    -1.7255617600e+00
        7.4250000000    -1.7271008500e+00
        7.4300000000    -1.7286399400e+00
        7.4350000000    -1.7301790300e+00
        7.4400000000    -1.7317181200e+00
        7.4450000000    -1.7332572100e+00
        7.4500000000    -1.7347963000e+00
        7.4550000000    -1.7363353900e+00
        7.4600000000    -1.7378744800e+00
        7.4650000000    -1.7394135700e+00
        7.4700000000    -1.7409526600e+00
        7.4750000000    -1.7424917500e+00
        7.4800000000    -1.7440308400e+00
        7.4850000000    -1.7455699300e+00
        7.4900000000    -1.7471090200e+00
        7.4950000000    -1.7486481100e+00
        7.5000000000    -1.7501872000e+00
        7.5050000000    -1.7517262900e+00
        7.5100000000    -1.7532653800e+00
        7.5150000000    -1.7548044700e+00
        7.5200000000    -1.7563435600e+00
        7.5250000000    -1.7578826500e+00
        7.5300000000    -1.7594217400e+00
        7.5350000000    -1.7609608300e+00
        7.5400000000    -1.7624999200e+00
        7.5450000000    -1.7640390100e+00
        7.5500000000    -1.7655781000e+00
        7.5550000000    -1.7671171900e+00
        7.5600000000    -1.7686562800e+00
        7.5650000000    -1.7701953700e+00
        7.5700000000    -1.7717344600e+00
        7.5750000000    -1.7732735500e+00
        7.5800000000    -1.7748126400e+00
        7.5850000000    -1.7763517300e+00
        7.5900000000    -1.7778908200e+00
        7.5950000000    -1.7794299100e+00
        7.6000000000    -1.7809690000e+00
        7.6050000000    -1.7825080900e+00
        7.6100000000    -1.7840471800e+00
        7.6150000000    -1.7855862700e+00
        7.6200000000    -1.7871253600e+00
        7.6250000000    -1.7886644500e+00
        7.6300000000    -1.7902035400e+00
        7.6350000000    -1.7917426300e+00
        7.6400000000    -1.7932817200e+00
        7.6450000000    -1.7948208100e+00
        7.6500000000    -1.7963599000e+00
        7.6550000000    -1.7978989900e+00
        7.6600000000    -1.7994380800e+00
        7.6650000000    -1.8009771700e+00
        7.6700000000    -1.8025162600e+00
        7.6750000000    -1.8040553500e+00
        7.6800000000    -1.8055944400e+00
        7.6850000000    -1.8071335300e+00
        7.6900000000    -1.8086726200e+00
        7.6950000000    -1.8102117100e+00
        7.7000000000    -1.8117508000e+00
        7.7050000000    -1.8132898900e+00
        7.7100000000    -1.8148289800e+00
        7.7150000000    -1.8163680700e+00
        7.7200000000    -1.8179071600e+00
        7.7250000000    -1.8194462500e+00
        7.7300000000    -1.8209853400e+00
        7.7350000000    -1.8225244300e+00
        7.7400000000    -1.8240635200e+00
        7.7450000000    -1.8256026100e+00
        7.7500000000    -1.8271417000e+00
        7.7550000000    -1.8286807900e+00
        7.7600000000    -1.8302198800e+00
        7.7650000000    -1.8317589700e+00
        7.7700000000    -1.8332980600e+00
        7.7750000000    -1.8348371500e+00
        7.7800000000    -1.8363762400e+00
        7.7850000000    -1.8379153300e+00
        7.7900000000    -1.8394544200e+00
        7.7950000000    -1.8409935100e+00
        7.8000000000    -1.8425326000e+00
        7.8050000000    -1.8440716900e+00
        7.8100000000    -1.8456107800e+00
        7.8150000000    -1.8471498700e+00
        7.8200000000    -1.8486889600e+00
        7.8250000000    -1.8502280500e+00
        7.8300000000    -1.8517671400e+00
        7.8350000000    -1.8533062300e+00
        7.8400000000    -1.8548453200e+00
        7.8450000000    -1.8563844100e+00
        7.8500000000    -1.8579235000e+00
        7.8550000000    -1.8594625900e+00
        7.8600000000    -1.8610016800e+00
        7.8650000000    -1.8625407700e+00
        7.8700000000    -1.8640798600e+00
        7.8750000000    -1.8656189500e+00
        7.8800000000    -1.8671580400e+00
        7.8850000000    -1.8686971300e+00
        7.8900000000    -1.8702362200e+00
        7.8950000000    -1.8717753100e+00
        7.9000000000    -1.8733144000e+00
        7.9050000000    -1.8748534900e+00
        7.9100000000    -1.8763925800e+00
        7.9150000000    -1.8779316700e+00
        7.9200000000    -1.8794707600e+00
        7.9250000000    -1.8810098500e+00
        7.9300000000    -1.8825489400e+00
        7.9350000000    -1.8840880300e+00
        7.9400000000    -1.8856271200e+00
        7.9450000000    -1.8871662100e+00
        7.9500000000    -1.8887053000e+00
        7.9550000000    -1.8902443900e+00
        7.9600000000    -1.8917834800e+00
        7.9650000000    -1.8933225700e+00
        7.9700000000    -1.8948616600e+00
        7.9750000000    -1.8964007500e+00
        7.9800000000    -1.8979398400e+00
        7.9850000000    -1.8994789300e+00
        7.9900000000    -1.9010180200e+00
        7.9950000000    -1.9025571100e+00
        8.0000000000    -1.9040962000e+00
        8.0050000000    -1.9056352900e+00
        8.0100000000    -1.9071743800e+00
        8.0150000000    -1.9087134700e+00
        8.0200000000    -1.9102525600e+00
        8.0250000000    -1.9117916500e+00
        8.0300000000    -1.9133307400e+00
        8.0350000000    -1.9148698300e+00
        8.0400000000    -1.9164089200e+00
        8.0450000000    -1.9179480100e+00
        8.0500000000    -1.9194871000e+00
        8.0550000000    -1.9210261900e+00
        8.0600000000    -1.9225652800e+00
        8.0650000000    -1.9241043700e+00
        8.0700000000    -1.9256434600e+00
        8.0750000000    -1.9271825500e+00
        8.0800000000    -1.9287216400e+00
        8.0850000000    -1.9302607300e+00
        8.0900000000    -1.9317998200e+00
        8.0950000000    -1.9333389100e+00
        8.1000000000    -1.9348780000e+00
        8.1050000000    -1.9364170900e+00
        8.1100000000    -1.9379561800e+00
        8.1150000000    -1.9394952700e+00
        8.1200000000    -1.9410343600e+00
        8.1250000000    -1.9425734500e+00
        8.1300000000    -1.9441125400e+00
        8.1350000000    -1.9456516300e+00
        8.1400000000    -1.9471907200e+00
        8.1450000000    -1.9487298100e+00
        8.1500000000    -1.9502689000e+00
        8.1550000000    -1.9518079900e+00
        8.1600000000    -1.9533470800e+00
        8.1650000000    -1.9548861700e+00
        8.1700000000    -1.9564252600e+00
        8.1750000000    -1.9579643500e+00
        8.1800000000    -1.9595034400e+00
        8.1850000000    -1.9610425300e+00
        8.1900000000    -1.9625816200e+00
        8.1950000000    -1.9641207100e+00
        8.2000000000    -1.9656598000e+00
        8.2050000000    -1.9671988900e+00
        8.2100000000    -1.9687379800e+00
        8.2150000000    -1.9702770700e+00
        8.2200000000    -1.9718161600e+00
        8.2250000000    -1.9733552500e+00
        8.2300000000    -1.9748943400e+00
        8.2350000000    -1.9764334300e+00
        8.2400000000    -1.9779725200e+00
        8.2450000000    -1.9795116100e+00
        8.2500000000    -1.9810507000e+00
        8.2550000000    -1.9825897900e+00
        8.2600000000    -1.9841288800e+00
        8.2650000000    -1.9856679700e+00
        8.2700000000    -1.9872070600e+00
        8.2750000000    -1.9887461500e+00
        8.2800000000    -1.9902852400e+00
        8.2850000000    -1.9918243300e+00
        8.2900000000    -1.9933634200e+00
        8.2950000000    -1.9949025100e+00
        8.3000000000    -1.9964416000e+00
        8.3050000000    -1.9979806900e+00
        8.3100000000    -1.9995197800e+00
        8.3150000000    -2.0010588700e+00
        8.3200000000    -2.0025979600e+00
        8.3250000000    -2.0041370500e+00
        8.3300000000    -2.0056761400e+00
        8.3350000000    -2.0072152300e+00
        8.3400000000    -2.0087543200e+00
        8.3450000000    -2.0102934100e+00
        8.3500000000    -2.0118325000e+00
        8.3550000000    -2.0133715900e+00
        8.3600000000    -2.0149106800e+00
        8.3650000000    -2.0164497700e+00
        8.3700000000    -2.0179888600e+00
        8.3750000000    -2.0195279500e+00
        8.3800000000    -2.0210670400e+00
        8.3850000000    -2.0226061300e+00
        8.3900000000    -2.0241452200e+00
        8.3950000000    -2.0256843100e+00
        8.4000000000    -2.0272234000e+00
        8.4050000000    -2.0287624900e+00
        8.4100000000    -2.0303015800e+00
        8.4150000000    -2.0318406700e+00
        8.4200000000    -2.0333797600e+00
        8.4250000000    -2.0349188500e+00
        8.4300000000    -2.0364579400e+00
        8.4350000000    -2.0379970300e+00
        8.4400000000    -2.0395361200e+00
        8.4450000000    -2.0410752100e+00
        8.4500000000    -2.0426143000e+00
        8.4550000000    -2.0441533900e+00
        8.4600000000    -2.0456924800e+00
        8.4650000000    -2.0472315700e+00
        8.4700000000    -2.0487706600e+00
        8.4750000000    -2.0503097500e+00
        8.4800000000    -2.0518488400e+00
        8.4850000000    -2.0533879300e+00
        8.4900000000    -2.0549270200e+00
        8.4950000000    -2.0564661100e+00
        8.5000000000    -2.0580052000e+00
        8.5050000000    -2.0595442900e+00
        8.5100000000    -2.0610833800e+00
        8.5150000000    -2.0626224700e+00
        8.5200000000    -2.0641615600e+00
        8.5250000000    -2.0657006500e+00
        8.5300000000    -2.0672397400e+00
        8.5350000000    -2.0687788300e+00
        8.5400000000    -2.0703179200e+00
        8.5450000000    -2.0718570100e+00
        8.5500000000    -2.0733961000e+00
        8.5550000000    -2.0749351900e+00
        8.5600000000    -2.0764742800e+00
        8.5650000000    -2.0780133700e+00
        8.5700000000    -2.0795524600e+00
        8.5750000000    -2.0810915500e+00
        8.5800000000    -2.0826306400e+00
        8.5850000000    -2.0841697300e+00
        8.5900000000    -2.0857088200e+00
        8.5950000000    -2.0872479100e+00
        8.6000000000    -2.0887870000e+00
        8.6050000000    -2.0903260900e+00
        8.6100000000    -2.0918651800e+00
        8.6150000000    -2.0934042700e+00
        8.6200000000    -2.0949433600e+00
        8.6250000000    -2.0964824500e+00
        8.6300000000    -2.0980215400e+00
        8.6350000000    -2.0995606300e+00
        8.6400000000    -2.1010997200e+00
        8.6450000000    -2.1026388100e+00
        8.6500000000    -2.1041779000e+00
        8.6550000000    -2.1057169900e+00
        8.6600000000    -2.1072560800e+00
        8.6650000000    -2.1087951700e+00
        8.6700000000    -2.1103342600e+00
        8.6750000000    -2.1118733500e+00
        8.6800000000    -2.1134124400e+00
        8.6850000000    -2.1149515300e+00
        8.6900000000    -2.1164906200e+00
        8.6950000000    -2.1180297100e+00
        8.7000000000    -2.1195688000e+00
        8.7050000000    -2.1211078900e+00
        8.7100000000    -2.1226469800e+00
        8.7150000000    -2.1241860700e+00
        8.7200000000    -2.1257251600e+00
        8.7250000000    -2.1272642500e+00
        8.7300000000    -2.1288033400e+00
        8.7350000000    -2.1303424300e+00
        8.7400000000    -2.1318815200e+00
        8.7450000000    -2.1334206100e+00
        8.7500000000    -2.1349597000e+00
        8.7550000000    -2.1364987900e+00
        8.7600000000    -2.1380378800e+00
        8.7650000000    -2.1395769700e+00
        8.7700000000    -2.1411160600e+00
        8.7750000000    -2.1426551500e+00
        8.7800000000    -2.1441942400e+00
        8.7850000000    -2.1457333300e+00
        8.7900000000    -2.1472724200e+00
        8.7950000000    -2.1488115100e+00
        8.8000000000    -2.1503506000e+00
        8.8050000000    -2.1518896900e+00
        8.8100000000    -2.1534287800e+00
        8.8150000000    -2.1549678700e+00
        8.8200000000    -2.1565069600e+00
        8.8250000000    -2.1580460500e+00
        8.8300000000    -2.1595851400e+00
        8.8350000000    -2.1611242300e+00
        8.8400000000    -2.1626633200e+00
        8.8450000000    -2.1642024100e+00
        8.8500000000    -2.1657415000e+00
        8.8550000000    -2.1672805900e+00
        8.8600000000    -2.1688196800e+00
        8.8650000000    -2.1703587700e+00
        8.8700000000    -2.1718978600e+00
        8.8750000000    -2.1734369500e+00
        8.8800000000    -2.1749760400e+00
        8.8850000000    -2.1765151300e+00
        8.8900000000    -2.1780542200e+00
        8.8950000000    -2.1795933100e+00
        8.9000000000    -2.1811324000e+00
        8.9050000000    -2.1826714900e+00
        8.9100000000    -2.1842105800e+00
        8.9150000000    -2.1857496700e+00
        8.9200000000    -2.1872887600e+00
        8.9250000000    -2.1888278500e+00
        8.9300000000    -2.1903669400e+00
        8.9350000000    -2.1919060300e+00
        8.9400000000    -2.1934451200e+00
        8.9450000000    -2.1949842100e+00
        8.9500000000    -2.1965233000e+00
        8.9550000000    -2.1980623900e+00
        8.9600000000    -2.1996014800e+00
        8.9650000000    -2.2011405700e+00
        8.9700000000    -2.2026796600e+00
        8.9750000000    -2.2042187500e+00
        8.9800000000    -2.2057578400e+00
        8.9850000000    -2.2072969300e+00
        8.9900000000    -2.2088360200e+00
        8.9950000000    -2.2103751100e+00
        9.0000000000    -2.2119142000e+00
        9.0050000000    -2.2134532900e+00
        9.0100000000    -2.2149923800e+00
        9.0150000000    -2.2165314700e+00
        9.0200000000    -2.2180705600e+00
        9.0250000000    -2.2196096500e+00
        9.0300000000    -2.2211487400e+00
        9.0350000000    -2.2226878300e+00
        9.0400000000    -2.2242269200e+00
        9.0450000000    -2.2257660100e+00
        9.0500000000    -2.2273051000e+00
        9.0550000000    -2.2288441900e+00
        9.0600000000    -2.2303832800e+00
        9.0650000000    -2.2319223700e+00
        9.0700000000    -2.2334614600e+00
        9.0750000000    -2.2350005500e+00
        9.0800000000    -2.2365396400e+00
        9.0850000000    -2.2380787300e+00
        9.0900000000    -2.2396178200e+00
        9.0950000000    -2.2411569100e+00
        9.1000000000    -2.2426960000e+00
        9.1050000000    -2.2442350900e+00
        9.1100000000    -2.2457741800e+00
        9.1150000000    -2.2473132700e+00
        9.1200000000    -2.2488523600e+00
        9.1250000000    -2.2503914500e+00
        9.1300000000    -2.2519305400e+00
        9.1350000000    -2.2534696300e+00
        9.1400000000    -2.2550087200e+00
        9.1450000000    -2.2565478100e+00
        9.1500000000    -2.2580869000e+00
        9.1550000000    -2.2596259900e+00
        9.1600000000    -2.2611650800e+00
        9.1650000000    -2.2627041700e+00
        9.1700000000    -2.2642432600e+00
        9.1750000000    -2.2657823500e+00
        9.1800000000    -2.2673214400e+00
        9.1850000000    -2.2688605300e+00
        9.1900000000    -2.2703996200e+00
        9.1950000000    -2.2719387100e+00
        9.2000000000    -2.2734778000e+00
        9.2050000000    -2.2750168900e+00
        9.2100000000    -2.2765559800e+00
        9.2150000000    -2.2780950700e+00
        9.2200000000    -2.2796341600e+00
        9.2250000000    -2.2811732500e+00
        9.2300000000    -2.2827123400e+00
        9.2350000000    -2.2842514300e+00
        9.2400000000    -2.2857905200e+00
        9.2450000000    -2.2873296100e+00
        9.2500000000    -2.2888687000e+00
        9.2550000000    -2.2904077900e+00
        9.2600000000    -2.2919468800e+00
        9.2650000000    -2.2934859700e+00
        9.2700000000    -2.2950250600e+00
        9.2750000000    -2.2965641500e+00
        9.2800000000    -2.2981032400e+00
        9.2850000000    -2.2996423300e+00
        9.2900000000    -2.3011814200e+00
        9.2950000000    -2.3027205100e+00
        9.3000000000    -2.3042596000e+00
        9.3050000000    -2.3057986900e+00
        9.3100000000    -2.3073377800e+00
        9.3150000000    -2.3088768700e+00
        9.3200000000    -2.3104159600e+00
        9.3250000000    -2.3119550500e+00
        9.3300000000    -2.3134941400e+00
        9.3350000000    -2.3150332300e+00
        9.3400000000    -2.3165723200e+00
        9.3450000000    -2.3181114100e+00
        9.3500000000    -2.3196505000e+00
        9.3550000000    -2.3211895900e+00
        9.3600000000    -2.3227286800e+00
        9.3650000000    -2.3242677700e+00
        9.3700000000    -2.3258068600e+00
        9.3750000000    -2.3273459500e+00
        9.3800000000    -2.3288850400e+00
        9.3850000000    -2.3304241300e+00
        9.3900000000    -2.3319632200e+00
        9.3950000000    -2.3335023100e+00
        9.4000000000    -2.3350414000e+00
        9.4050000000    -2.3365804900e+00
        9.4100000000    -2.3381195800e+00
        9.4150000000    -2.3396586700e+00
        9.4200000000    -2.3411977600e+00
        9.4250000000    -2.3427368500e+00
        9.4300000000    -2.3442759400e+00
        9.4350000000    -2.3458150300e+00
        9.4400000000    -2.3473541200e+00
        9.4450000000    -2.3488932100e+00
        9.4500000000    -2.3504323000e+00
        9.4550000000    -2.3519713900e+00
        9.4600000000    -2.3535104800e+00
        9.4650000000    -2.3550495700e+00
        9.4700000000    -2.3565886600e+00
        9.4750000000    -2.3581277500e+00
        9.4800000000    -2.3596668400e+00
        9.4850000000    -2.3612059300e+00
        9.4900000000    -2.3627450200e+00
        9.4950000000    -2.3642841100e+00
        9.5000000000    -2.3658232000e+00
        9.5050000000    -2.3673622900e+00
        9.5100000000    -2.3689013800e+00
        9.5150000000    -2.3704404700e+00
        9.5200000000    -2.3719795600e+00
        9.5250000000    -2.3735186500e+00
        9.5300000000    -2.3750577400e+00
        9.5350000000    -2.3765968300e+00
        9.5400000000    -2.3781359200e+00
        9.5450000000    -2.3796750100e+00
        9.5500000000    -2.3812141000e+00
        9.5550000000    -2.3827531900e+00
        9.5600000000    -2.3842922800e+00
        9.5650000000    -2.3858313700e+00
        9.5700000000    -2.3873704600e+00
        9.5750000000    -2.3889095500e+00
        9.5800000000    -2.3904486400e+00
        9.5850000000    -2.3919877300e+00
        9.5900000000    -2.3935268200e+00
        9.5950000000    -2.3950659100e+00
        9.6000000000    -2.3966050000e+00
        9.6050000000    -2.3981440900e+00
        9.6100000000    -2.3996831800e+00
        9.6150000000    -2.4012222700e+00
        9.6200000000    -2.4027613600e+00
        9.6250000000    -2.4043004500e+00
        9.6300000000    -2.4058395400e+00
        9.6350000000    -2.4073786300e+00
        9.6400000000    -2.4089177200e+00
        9.6450000000    -2.4104568100e+00
        9.6500000000    -2.4119959000e+00
        9.6550000000    -2.4135349900e+00
        9.6600000000    -2.4150740800e+00
        9.6650000000    -2.4166131700e+00
        9.6700000000    -2.4181522600e+00
        9.6750000000    -2.4196913500e+00
        9.6800000000    -2.4212304400e+00
        9.6850000000    -2.4227695300e+00
        9.6900000000    -2.4243086200e+00
        9.6950000000    -2.4258477100e+00
        9.7000000000    -2.4273868000e+00
        9.7050000000    -2.4289258900e+00
        9.7100000000    -2.4304649800e+00
        9.7150000000    -2.4320040700e+00
        9.7200000000    -2.4335431600e+00
        9.7250000000    -2.4350822500e+00
        9.7300000000    -2.4366213400e+00
        9.7350000000    -2.4381604300e+00
        9.7400000000    -2.4396995200e+00
        9.7450000000    -2.4412386100e+00
        9.7500000000    -2.4427777000e+00
        9.7550000000    -2.4443167900e+00
        9.7600000000    -2.4458558800e+00
        9.7650000000    -2.4473949700e+00
        9.7700000000    -2.4489340600e+00
        9.7750000000    -2.4504731500e+00
        9.7800000000    -2.4520122400e+00
        9.7850000000    -2.4535513300e+00
        9.7900000000    -2.4550904200e+00
        9.7950000000    -2.4566295100e+00
        9.8000000000    -2.4581686000e+00
        9.8050000000    -2.4597076900e+00
        9.8100000000    -2.4612467800e+00
        9.8150000000    -2.4627858700e+00
        9.8200000000    -2.4643249600e+00
        9.8250000000    -2.4658640500e+00
        9.8300000000    -2.4674031400e+00
        9.8350000000    -2.4689422300e+00
        9.8400000000    -2.4704813200e+00
        9.8450000000    -2.4720204100e+00
        9.8500000000    -2.4735595000e+00
        9.8550000000    -2.4750985900e+00
        9.8600000000    -2.4766376800e+00
        9.8650000000    -2.4781767700e+00
        9.8700000000    -2.4797158600e+00
        9.8750000000    -2.4812549500e+00
        9.8800000000    -2.4827940400e+00
        9.8850000000    -2.4843331300e+00
        9.8900000000    -2.4858722200e+00
        9.8950000000    -2.4874113100e+00
        9.9000000000    -2.4889504000e+00
        9.9050000000    -2.4904894900e+00
        9.9100000000    -2.4920285800e+00
        9.9150000000    -2.4935676700e+00
        9.9200000000    -2.4951067600e+00
        9.9250000000    -2.4966458500e+00
        9.9300000000    -2.4981849400e+00
        9.9350000000    -2.4997240300e+00
        9.9400000000    -2.5012631200e+00
        9.9450000000    -2.5028022100e+00
        9.9500000000    -2.5043413000e+00
        9.9550000000    -2.5058803900e+00
        9.9600000000    -2.5074194800e+00
        9.9650000000    -2.5089585700e+00
        9.9700000000    -2.5104976600e+00
        9.9750000000    -2.5120367500e+00
        9.9800000000    -2.5135758400e+00
        9.9850000000    -2.5151149300e+00
        9.9900000000    -2.5166540200e+00
        9.9950000000    -2.5181931100e+00
       10.0000000000    -2.5197322000e+00
