# 1.88920000(Re)  4.41408704(De)  0.00000000(Te)  1.64040845(beta) X3S-1.dat
 0.00000  5.447331855580293e+03
 0.00500  5.343941576552706e+03
 0.01000  5.240551297525121e+03
 0.01500  5.139133661064853e+03
 0.02000  5.039651299144063e+03
 0.02500  4.942067549095129e+03
 0.03000  4.846346440319727e+03
 0.03500  4.752452681248194e+03
 0.04000  4.660351646544362e+03
 0.04500  4.570009364551289e+03
 0.05000  4.481392504973323e+03
 0.05500  4.394468366790120e+03
 0.06000  4.309204866398130e+03
 0.06500  4.225570525975412e+03
 0.07000  4.143534462065471e+03
 0.07500  4.063066374376035e+03
 0.08000  3.984136534788724e+03
 0.08500  3.906715776575662e+03
 0.09000  3.830775483819079e+03
 0.09500  3.756287581030144e+03
 0.10000  3.683224522963266e+03
 0.10500  3.611559284622157e+03
 0.11000  3.541265351454070e+03
 0.11500  3.472316709728676e+03
 0.12000  3.404687837098099e+03
 0.12500  3.338353693334676e+03
 0.13000  3.273289711243137e+03
 0.13500  3.209471787743910e+03
 0.14000  3.146876275124303e+03
 0.14500  3.085479972454454e+03
 0.15000  3.025260117164885e+03
 0.15500  2.966194376782685e+03
 0.16000  2.908260840823290e+03
 0.16500  2.851438012834944e+03
 0.17000  2.795704802592983e+03
 0.17500  2.741040518441088e+03
 0.18000  2.687424859776801e+03
 0.18500  2.634837909678493e+03
 0.19000  2.583260127671237e+03
 0.19500  2.532672342628875e+03
 0.20000  2.483055745809776e+03
 0.20500  2.434391884023734e+03
 0.21000  2.386662652927564e+03
 0.21500  2.339850290446948e+03
 0.22000  2.293937370322175e+03
 0.22500  2.248906795775438e+03
 0.23000  2.204741793297396e+03
 0.23500  2.161425906550757e+03
 0.24000  2.118942990388684e+03
 0.24500  2.077277204985854e+03
 0.25000  2.036413010080064e+03
 0.25500  1.996335159322290e+03
 0.26000  1.957028694733160e+03
 0.26500  1.918478941263846e+03
 0.27000  1.880671501459406e+03
 0.27500  1.843592250222632e+03
 0.28000  1.807227329676545e+03
 0.28500  1.771563144123645e+03
 0.29000  1.736586355100124e+03
 0.29500  1.702283876523229e+03
 0.30000  1.668642869930045e+03
 0.30500  1.635650739805967e+03
 0.31000  1.603295129001155e+03
 0.31500  1.571563914233353e+03
 0.32000  1.540445201675421e+03
 0.32500  1.509927322625978e+03
 0.33000  1.479998829261631e+03
 0.33500  1.450648490469192e+03
 0.34000  1.421865287756445e+03
 0.34500  1.393638411239936e+03
 0.35000  1.365957255708348e+03
 0.35500  1.338811416760061e+03
 0.36000  1.312190687013460e+03
 0.36500  1.286085052388660e+03
 0.37000  1.260484688459278e+03
 0.37500  1.235379956872942e+03
 0.38000  1.210761401839251e+03
 0.38500  1.186619746683899e+03
 0.39000  1.162945890467735e+03
 0.39500  1.139730904669524e+03
 0.40000  1.116966029931213e+03
 0.40500  1.094642672864530e+03
 0.41000  1.072752402917754e+03
 0.41500  1.051286949301535e+03
 0.42000  1.030238197972633e+03
 0.42500  1.009598188674505e+03
 0.43000  9.893591120336581e+02
 0.43500  9.695133067107237e+02
 0.44000  9.500532566052206e+02
 0.44500  9.309715881129970e+02
 0.45000  9.122610674353587e+02
 0.45500  8.939145979389129e+02
 0.46000  8.759252175651666e+02
 0.46500  8.582860962889515e+02
 0.47000  8.409905336247491e+02
 0.47500  8.240319561800163e+02
 0.48000  8.074039152546327e+02
 0.48500  7.911000844855806e+02
 0.49000  7.751142575360419e+02
 0.49500  7.594403458280339e+02
 0.50000  7.440723763177984e+02
 0.50500  7.290044893131200e+02
 0.51000  7.142309363317885e+02
 0.51500  6.997460780004365e+02
 0.52000  6.855443819929802e+02
 0.52500  6.716204210079296e+02
 0.53000  6.579688707838293e+02
 0.53500  6.445845081521140e+02
 0.54000  6.314622091266727e+02
 0.54500  6.185969470294340e+02
 0.55000  6.059837906512867e+02
 0.55500  5.936179024476804e+02
 0.56000  5.814945367682449e+02
 0.56500  5.696090381197897e+02
 0.57000  5.579568394620612e+02
 0.57500  5.465334605356267e+02
 0.58000  5.353345062212956e+02
 0.58500  5.243556649304762e+02
 0.59000  5.135927070258831e+02
 0.59500  5.030414832720305e+02
 0.60000  4.926979233149440e+02
 0.60500  4.825580341905456e+02
 0.61000  4.726178988611689e+02
 0.61500  4.628736747796732e+02
 0.62000  4.533215924806431e+02
 0.62500  4.439579541981554e+02
 0.63000  4.347791325096199e+02
 0.63500  4.257815690051965e+02
 0.64000  4.169617729823149e+02
 0.64500  4.083163201648133e+02
 0.65000  3.998418514462436e+02
 0.65500  3.915350716568805e+02
 0.66000  3.833927483539901e+02
 0.66500  3.754117106349222e+02
 0.67000  3.675888479725899e+02
 0.67500  3.599211090729234e+02
 0.68000  3.524055007538774e+02
 0.68500  3.450390868455889e+02
 0.69000  3.378189871112867e+02
 0.69500  3.307423761885611e+02
 0.70000  3.238064825506107e+02
 0.70500  3.170085874870892e+02
 0.71000  3.103460241041851e+02
 0.71500  3.038161763435684e+02
 0.72000  2.974164780198528e+02
 0.72500  2.911444118762211e+02
 0.73000  2.849975086578739e+02
 0.73500  2.789733462029658e+02
 0.74000  2.730695485506956e+02
 0.74500  2.672837850662353e+02
 0.75000  2.616137695821720e+02
 0.75500  2.560572595561570e+02
 0.76000  2.506120552444547e+02
 0.76500  2.452759988910938e+02
 0.77000  2.400469739323216e+02
 0.77500  2.349229042160802e+02
 0.78000  2.299017532362156e+02
 0.78500  2.249815233811455e+02
 0.79000  2.201602551967128e+02
 0.79500  2.154360266629544e+02
 0.80000  2.108069524845282e+02
 0.80500  2.062711833945372e+02
 0.81000  2.018269054714993e+02
 0.81500  1.974723394692151e+02
 0.82000  1.932057401592910e+02
 0.82500  1.890253956860775e+02
 0.83000  1.849296269337912e+02
 0.83500  1.809167869055890e+02
 0.84000  1.769852601143695e+02
 0.84500  1.731334619850813e+02
 0.85000  1.693598382683207e+02
 0.85500  1.656628644650058e+02
 0.86000  1.620410452619189e+02
 0.86500  1.584929139779125e+02
 0.87000  1.550170320205758e+02
 0.87500  1.516119883531682e+02
 0.88000  1.482763989716227e+02
 0.88500  1.450089063914311e+02
 0.89000  1.418081791442247e+02
 0.89500  1.386729112838677e+02
 0.90000  1.356018219018830e+02
 0.90500  1.325936546520358e+02
 0.91000  1.296471772839014e+02
 0.91500  1.267611811852483e+02
 0.92000  1.239344809330704e+02
 0.92500  1.211659138531046e+02
 0.93000  1.184543395876745e+02
 0.93500  1.157986396717037e+02
 0.94000  1.131977171167423e+02
 0.94500  1.106504960028585e+02
 0.95000  1.081559210782457e+02
 0.95500  1.057129573663981e+02
 0.96000  1.033205897807155e+02
 0.96500  1.009778227463930e+02
 0.97000  9.868367982946285e+01
 0.97500  9.643720337284887e+01
 0.98000  9.423745413930486e+01
 0.98500  9.208351096110536e+01
 0.99000  8.997447039636175e+01
 0.99500  8.790944639183880e+01
 1.00000  8.588756995214906e+01
 1.00500  8.390798881520502e+01
 1.01000  8.196986713381030e+01
 1.01500  8.007238516327477e+01
 1.02000  7.821473895493999e+01
 1.02500  7.639614005550256e+01
 1.03000  7.461581521202731e+01
 1.03500  7.287300608254218e+01
 1.04000  7.116696895210907e+01
 1.04500  6.949697445426905e+01
 1.05000  6.786230729775806e+01
 1.05500  6.626226599839629e+01
 1.06000  6.469616261605125e+01
 1.06500  6.316332249658078e+01
 1.07000  6.166308401866049e+01
 1.07500  6.019479834540446e+01
 1.08000  5.875782918068814e+01
 1.08500  5.735155253008554e+01
 1.09000  5.597535646633212e+01
 1.09500  5.462864089922998e+01
 1.10000  5.331081734990951e+01
 1.10500  5.202130872936706e+01
 1.11000  5.075954912119637e+01
 1.11500  4.952498356843579e+01
 1.12000  4.831706786445281e+01
 1.12500  4.713526834779063e+01
 1.13000  4.597906170090033e+01
 1.13500  4.484793475268737e+01
 1.14000  4.374138428479879e+01
 1.14500  4.265891684158135e+01
 1.15000  4.160004854364059e+01
 1.15500  4.056430490493415e+01
 1.16000  3.955122065333060e+01
 1.16500  3.856033955457050e+01
 1.17000  3.759121423956395e+01
 1.17500  3.664340603496194e+01
 1.18000  3.571648479694062e+01
 1.18500  3.481002874813599e+01
 1.19000  3.392362431767159e+01
 1.19500  3.305686598421911e+01
 1.20000  3.220935612203567e+01
 1.20500  3.138070484992086e+01
 1.21000  3.057052988303919e+01
 1.21500  2.977845638755270e+01
 1.22000  2.900411683801208e+01
 1.22500  2.824715087745264e+01
 1.23000  2.750720518014546e+01
 1.23500  2.678393331695244e+01
 1.24000  2.607699562323688e+01
 1.24500  2.538605906928059e+01
 1.25000  2.471079713316107e+01
 1.25500  2.405088967604100e+01
 1.26000  2.340602281982603e+01
 1.26500  2.277588882714462e+01
 1.27000  2.216018598360716e+01
 1.27500  2.155861848230060e+01
 1.28000  2.097089631047680e+01
 1.28500  2.039673513839271e+01
 1.29000  1.983585621026221e+01
 1.29500  1.928798623727927e+01
 1.30000  1.875285729267338e+01
 1.30500  1.823020670875914e+01
 1.31000  1.771977697594171e+01
 1.31500  1.722131564364184e+01
 1.32000  1.673457522310363e+01
 1.32500  1.625931309204974e+01
 1.33000  1.579529140114891e+01
 1.33500  1.534227698226184e+01
 1.34000  1.490004125843131e+01
 1.34500  1.446836015558417e+01
 1.35000  1.404701401591213e+01
 1.35500  1.363578751290028e+01
 1.36000  1.323446956797170e+01
 1.36500  1.284285326871778e+01
 1.37000  1.246073578868420e+01
 1.37500  1.208791830868332e+01
 1.38000  1.172420593960367e+01
 1.38500  1.136940764668884e+01
 1.39000  1.102333617525731e+01
 1.39500  1.068580797783662e+01
 1.40000  1.035664314268435e+01
 1.40500  1.003566532367056e+01
 1.41000  9.722701671495056e+00
 1.41500  9.417582766214892e+00
 1.42000  9.120142551056944e+00
 1.42500  8.830218267491253e+00
 1.43000  8.547650391541552e+00
 1.43500  8.272282571309118e+00
 1.44000  8.003961565687408e+00
 1.44500  7.742537184244626e+00
 1.45000  7.487862228252312e+00
 1.45500  7.239792432838059e+00
 1.46000  6.998186410241351e+00
 1.46500  6.762905594151248e+00
 1.47000  6.533814185105857e+00
 1.47500  6.310779096933084e+00
 1.48000  6.093669904213293e+00
 1.48500  5.882358790744195e+00
 1.49000  5.676720498989286e+00
 1.49500  5.476632280490908e+00
 1.50000  5.281973847229930e+00
 1.50500  5.092627323913884e+00
 1.51000  4.908477201176151e+00
 1.51500  4.729410289668747e+00
 1.52000  4.555315675032003e+00
 1.52500  4.386084673724247e+00
 1.53000  4.221610789695458e+00
 1.53500  4.061789671888665e+00
 1.54000  3.906519072553598e+00
 1.54500  3.755698806356994e+00
 1.55000  3.609230710274649e+00
 1.55500  3.467018604250261e+00
 1.56000  3.328968252606530e+00
 1.56500  3.194987326194360e+00
 1.57000  3.064985365266003e+00
 1.57500  2.938873743058585e+00
 1.58000  2.816565630074359e+00
 1.58500  2.697975959044649e+00
 1.59000  2.583021390564357e+00
 1.59500  2.471620279384444e+00
 1.60000  2.363692641349767e+00
 1.60500  2.259160120970165e+00
 1.61000  2.157945959612643e+00
 1.61500  2.059974964302989e+00
 1.62000  1.965173477125130e+00
 1.62500  1.873469345207019e+00
 1.63000  1.784791891281778e+00
 1.63500  1.699071884813293e+00
 1.64000  1.616241513675458e+00
 1.64500  1.536234356374617e+00
 1.65000  1.458985354804824e+00
 1.65500  1.384430787525888e+00
 1.66000  1.312508243554158e+00
 1.66500  1.243156596656436e+00
 1.67000  1.176315980137334e+00
 1.67500  1.111927762110807e+00
 1.68000  1.049934521246590e+00
 1.68500  9.902800229825357e-01
 1.69000  9.329091961940146e-01
 1.69500  8.777681103116561e-01
 1.70000  8.248039528789505e-01
 1.70500  7.739650075412926e-01
 1.71000  7.252006324583364e-01
 1.71500  6.784612391315239e-01
 1.72000  6.336982716389888e-01
 1.72500  5.908641862699892e-01
 1.73000  5.489755538943331e-01
 1.73500  5.025228933773184e-01
 1.74000  4.554108529275613e-01
 1.74500  4.154829381340139e-01
 1.75000  3.828951627971790e-01
 1.75500  3.538655943726042e-01
 1.76000  3.262146271665429e-01
 1.76500  2.990116391760062e-01
 1.77000  2.725222201368762e-01
 1.77500  2.473778262115100e-01
 1.78000  2.238824043225671e-01
 1.78500  2.020221696257594e-01
 1.79000  1.816038961181855e-01
 1.79500  1.624783513610395e-01
 1.80000  1.445529848375599e-01
 1.80500  1.277752958607609e-01
 1.81000  1.121232660170670e-01
 1.81500  9.758526317494354e-02
 1.82000  8.414720908993854e-02
 1.82500  7.179254238668878e-02
 1.83000  6.050269326159815e-02
 1.83500  5.025746675684219e-02
 1.84000  4.103541061655857e-02
 1.84500  3.281414341348366e-02
 1.85000  2.557068139252522e-02
 1.85500  1.928165461724114e-02
 1.86000  1.392346360160814e-02
 1.86500  9.472477999389106e-03
 1.87000  5.905273773880715e-03
 1.87500  3.198378305912795e-03
 1.88000  1.328620936304878e-03
 1.88500  2.733164904436864e-04
 1.89000  1.024392256276241e-05
 1.89500  5.177931033389494e-04
 1.90000  1.775197017387938e-03
 1.90500  3.762156271335276e-03
 1.91000  6.458756076522189e-03
 1.91500  9.845451375993458e-03
 1.92000  1.390345566357832e-02
 1.92500  1.861514951184626e-02
 1.93000  2.396341519118380e-02
 1.93500  2.993167118974714e-02
 1.94000  3.650396651876294e-02
 1.94500  4.366503301900482e-02
 1.95000  5.140021323708426e-02
 1.95500  5.969550316811489e-02
 1.96000  6.853754191349269e-02
 1.96500  7.791359814075281e-02
 1.97000  8.781156680057312e-02
 1.97500  9.821996258572642e-02
 1.98000  1.091279120788551e-01
 1.98500  1.205251534179254e-01
 1.99000  1.324020215534059e-01
 1.99500  1.447492136142157e-01
 2.00000  1.575542537066879e-01
 2.00500  1.707987582981953e-01
 2.01000  1.844596669068471e-01
 2.01500  1.985079309192563e-01
 2.02000  2.129095638406568e-01
 2.02500  2.276258393968378e-01
 2.03000  2.426221689152139e-01
 2.03500  2.578935370700097e-01
 2.04000  2.734671202907864e-01
 2.04500  2.893860865652113e-01
 2.05000  3.057199441898126e-01
 2.05500  3.225702121871302e-01
 2.06000  3.399835546928463e-01
 2.06500  3.578799013222239e-01
 2.07000  3.760384235200014e-01
 2.07500  3.941990903711106e-01
 2.08000  4.120884525476652e-01
 2.08500  4.295679620010291e-01
 2.09000  4.466660430519327e-01
 2.09500  4.635492518377241e-01
 2.10000  4.804162621354856e-01
 2.10500  4.974658578215550e-01
 2.11000  5.148425157015152e-01
 2.11500  5.326959294598655e-01
 2.12000  5.511764583277260e-01
 2.12500  5.702437069748358e-01
 2.13000  5.894659692277181e-01
 2.13500  6.088221162864128e-01
 2.14000  6.283050272665481e-01
 2.14500  6.479077575678904e-01
 2.15000  6.676235351767418e-01
 2.15500  6.874457570411908e-01
 2.16000  7.073679855178000e-01
 2.16500  7.273839448883933e-01
 2.17000  7.474875179455570e-01
 2.17500  7.676727426455728e-01
 2.18000  7.879338088274633e-01
 2.18500  8.082650549969085e-01
 2.19000  8.286609651737603e-01
 2.19500  8.491161658019537e-01
 2.20000  8.696254227206095e-01
 2.20500  8.901836381951469e-01
 2.21000  9.107858480072774e-01
 2.21500  9.314272186027113e-01
 2.22000  9.521030442955040e-01
 2.22500  9.728087445279172e-01
 2.23000  9.935398611847734e-01
 2.23500  1.014292055961203e+00
 2.24000  1.035061107782795e+00
 2.24500  1.055842910277125e+00
 2.25000  1.076633469295679e+00
 2.25500  1.097428900485198e+00
 2.26000  1.118225426907488e+00
 2.26500  1.139019376706763e+00
 2.27000  1.159807180823621e+00
 2.27500  1.180585370754725e+00
 2.28000  1.201350576357326e+00
 2.28500  1.222099523697751e+00
 2.29000  1.242829032943037e+00
 2.29500  1.263536016294824e+00
 2.30000  1.284217475964750e+00
 2.30500  1.304870502190486e+00
 2.31000  1.325492271291697e+00
 2.31500  1.346080043765082e+00
 2.32000  1.366631162417787e+00
 2.32500  1.387143050538433e+00
 2.33000  1.407613210105025e+00
 2.33500  1.428039220029045e+00
 2.34000  1.448418734435007e+00
 2.34500  1.468749480974794e+00
 2.35000  1.489029259176115e+00
 2.35500  1.509255938824405e+00
 2.36000  1.529427458377526e+00
 2.36500  1.549541823412631e+00
 2.37000  1.569597105104555e+00
 2.37500  1.589591438735156e+00
 2.38000  1.609523022232960e+00
 2.38500  1.629390114742548e+00
 2.39000  1.649191035223094e+00
 2.39500  1.668924161075509e+00
 2.40000  1.688587926797601e+00
 2.40500  1.708180822666727e+00
 2.41000  1.727701393449397e+00
 2.41500  1.747148237137312e+00
 2.42000  1.766520003709297e+00
 2.42500  1.785815393918660e+00
 2.43000  1.805033158105435e+00
 2.43500  1.824172095033077e+00
 2.44000  1.843231050749085e+00
 2.44500  1.862208917469104e+00
 2.45000  1.881104632484059e+00
 2.45500  1.899917177089839e+00
 2.46000  1.918645575539129e+00
 2.46500  1.937288894014924e+00
 2.47000  1.955846239625316e+00
 2.47500  1.974316759419124e+00
 2.48000  1.992699639421988e+00
 2.48500  2.010994103692490e+00
 2.49000  2.029199413397925e+00
 2.49500  2.047314865909338e+00
 2.50000  2.065339793915453e+00
 2.50500  2.083273564555101e+00
 2.51000  2.101115578567814e+00
 2.51500  2.118865269462191e+00
 2.52000  2.136522102701730e+00
 2.52500  2.154085574907741e+00
 2.53000  2.171555213079026e+00
 2.53500  2.188930573827987e+00
 2.54000  2.206211242632850e+00
 2.54500  2.223396833105666e+00
 2.55000  2.240486986275798e+00
 2.55500  2.257481369888566e+00
 2.56000  2.274379677718785e+00
 2.56500  2.291181628898852e+00
 2.57000  2.307886967261146e+00
 2.57500  2.324495460694413e+00
 2.58000  2.341006900513892e+00
 2.58500  2.357421100844886e+00
 2.59000  2.373737898019531e+00
 2.59500  2.389957149986479e+00
 2.60000  2.406078735733254e+00
 2.60500  2.422102554721035e+00
 2.61000  2.438028526331591e+00
 2.61500  2.453856589326159e+00
 2.62000  2.469586701315995e+00
 2.62500  2.485218838244403e+00
 2.63000  2.500752993879974e+00
 2.63500  2.516189179320835e+00
 2.64000  2.531527422509681e+00
 2.64500  2.546767767759378e+00
 2.65000  2.561910275288920e+00
 2.65500  2.576955020769533e+00
 2.66000  2.591902094880728e+00
 2.66500  2.606751602876101e+00
 2.67000  2.621503664158679e+00
 2.67500  2.636158411865634e+00
 2.68000  2.650715992462151e+00
 2.68500  2.665176565344300e+00
 2.69000  2.679540302450709e+00
 2.69500  2.693807387882852e+00
 2.70000  2.707978017533807e+00
 2.70500  2.722052398725287e+00
 2.71000  2.736030749852794e+00
 2.71500  2.749913300038716e+00
 2.72000  2.763700288793229e+00
 2.72500  2.777391965682808e+00
 2.73000  2.790988590006244e+00
 2.73500  2.804490430477972e+00
 2.74000  2.817897764918581e+00
 2.74500  2.831210879952344e+00
 2.75000  2.844430070711663e+00
 2.75500  2.857555640548239e+00
 2.76000  2.870587900750864e+00
 2.76500  2.883527170269681e+00
 2.77000  2.896373775446806e+00
 2.77500  2.909128049753139e+00
 2.78000  2.921790333531288e+00
 2.78500  2.934360973744429e+00
 2.79000  2.946840323731033e+00
 2.79500  2.959228742965299e+00
 2.80000  2.971526596823185e+00
 2.80500  2.983734256353939e+00
 2.81000  2.995852098057003e+00
 2.81500  3.007880503664171e+00
 2.82000  3.019819859926915e+00
 2.82500  3.031670558408753e+00
 2.83000  3.043432995282560e+00
 2.83500  3.055107571132730e+00
 2.84000  3.066694690762072e+00
 2.84500  3.078194763003354e+00
 2.85000  3.089608200535388e+00
 2.85500  3.100935419703578e+00
 2.86000  3.112176840344819e+00
 2.86500  3.123332885616674e+00
 2.87000  3.134403981830712e+00
 2.87500  3.145390558289970e+00
 2.88000  3.156293047130390e+00
 2.88500  3.167111883166204e+00
 2.89000  3.177847503739140e+00
 2.89500  3.188500348571406e+00
 2.90000  3.199070859622341e+00
 2.90500  3.209559480948681e+00
 2.91000  3.219966658568340e+00
 2.91500  3.230292840327659e+00
 2.92000  3.240538475772024e+00
 2.92500  3.250704016019797e+00
 2.93000  3.260789913639484e+00
 2.93500  3.270796622530074e+00
 2.94000  3.280724597804481e+00
 2.94500  3.290574295676024e+00
 2.95000  3.300346173347867e+00
 2.95500  3.310040688905384e+00
 2.96000  3.319658301211361e+00
 2.96500  3.329199469803978e+00
 2.97000  3.338664654797530e+00
 2.97500  3.348054316785797e+00
 2.98000  3.357368916748041e+00
 2.98500  3.366608915957542e+00
 2.99000  3.375774775892639e+00
 2.99500  3.384866958150212e+00
 3.00000  3.393885924361556e+00
 3.00500  3.402832136110594e+00
 3.01000  3.411706054854376e+00
 3.01500  3.420508141845816e+00
 3.02000  3.429238858058624e+00
 3.02500  3.437898664114371e+00
 3.03000  3.446488020211654e+00
 3.03500  3.455007386057307e+00
 3.04000  3.463457220799619e+00
 3.04500  3.471837982963503e+00
 3.05000  3.480150130387596e+00
 3.05500  3.488394120163211e+00
 3.06000  3.496570408575144e+00
 3.06500  3.504679451044257e+00
 3.07000  3.512721702071818e+00
 3.07500  3.520697615185552e+00
 3.08000  3.528607642887367e+00
 3.08500  3.536452236602718e+00
 3.09000  3.544231846631568e+00
 3.09500  3.551946922100915e+00
 3.10000  3.559597910918846e+00
 3.10500  3.567185259730087e+00
 3.11000  3.574709413873010e+00
 3.11500  3.582170817338074e+00
 3.12000  3.589569912727650e+00
 3.12500  3.596907141217216e+00
 3.13000  3.604182942517885e+00
 3.13500  3.611397754840227e+00
 3.14000  3.618552014859366e+00
 3.14500  3.625646157681322e+00
 3.15000  3.632680616810558e+00
 3.15500  3.639655824118720e+00
 3.16000  3.646572209814527e+00
 3.16500  3.653430202414799e+00
 3.17000  3.660230228716582e+00
 3.17500  3.666972713770354e+00
 3.18000  3.673658080854283e+00
 3.18500  3.680286751449518e+00
 3.19000  3.686859145216471e+00
 3.19500  3.693375679972095e+00
 3.20000  3.699836771668100e+00
 3.20500  3.706242834370122e+00
 3.21000  3.712594280237787e+00
 3.21500  3.718891519505672e+00
 3.22000  3.725134960465137e+00
 3.22500  3.731325009446990e+00
 3.23000  3.737462070804995e+00
 3.23500  3.743546546900177e+00
 3.24000  3.749578838085913e+00
 3.24500  3.755559342693791e+00
 3.25000  3.761488457020224e+00
 3.25500  3.767366575313778e+00
 3.26000  3.773194089763230e+00
 3.26500  3.778971390486305e+00
 3.27000  3.784698865519098e+00
 3.27500  3.790376900806151e+00
 3.28000  3.796005880191178e+00
 3.28500  3.801586185408406e+00
 3.29000  3.807118196074540e+00
 3.29500  3.812602289681315e+00
 3.30000  3.818038841588623e+00
 3.30500  3.823428225018219e+00
 3.31000  3.828770811047965e+00
 3.31500  3.834066968606610e+00
 3.32000  3.839317064469102e+00
 3.32500  3.844521463252393e+00
 3.33000  3.849680527411754e+00
 3.33500  3.854794617237558e+00
 3.34000  3.859864090852541e+00
 3.34500  3.864889304209517e+00
 3.35000  3.869870611089531e+00
 3.35500  3.874808363100447e+00
 3.36000  3.879702909675963e+00
 3.36500  3.884554598075024e+00
 3.37000  3.889363773381635e+00
 3.37500  3.894130778505061e+00
 3.38000  3.898855954180406e+00
 3.38500  3.903539638969550e+00
 3.39000  3.908182169262442e+00
 3.39500  3.912783879278739e+00
 3.40000  3.917345101069784e+00
 3.40500  3.921866164520894e+00
 3.41000  3.926347397353980e+00
 3.41500  3.930789125130463e+00
 3.42000  3.935191671254490e+00
 3.42500  3.939555356976436e+00
 3.43000  3.943880501396691e+00
 3.43500  3.948167421469707e+00
 3.44000  3.952416432008325e+00
 3.44500  3.956627845688338e+00
 3.45000  3.960801973053309e+00
 3.45500  3.964939122519638e+00
 3.46000  3.969039600381838e+00
 3.46500  3.973103710818059e+00
 3.47000  3.977131755895809e+00
 3.47500  3.981124035577899e+00
 3.48000  3.985080847728583e+00
 3.48500  3.989002488119902e+00
 3.49000  3.992889250438202e+00
 3.49500  3.996741426290857e+00
 3.50000  4.000559305213152e+00
 3.50500  4.004343174675340e+00
 3.51000  4.008093320089875e+00
 3.51500  4.011810024818785e+00
 3.52000  4.015493570181214e+00
 3.52500  4.019144235461107e+00
 3.53000  4.022762297915033e+00
 3.53500  4.026348032780150e+00
 3.54000  4.029901713282298e+00
 3.54500  4.033423610644223e+00
 3.55000  4.036913994093918e+00
 3.55500  4.040373130873083e+00
 3.56000  4.043801286245694e+00
 3.56500  4.047198723506686e+00
 3.57000  4.050565703990737e+00
 3.57500  4.053902487081135e+00
 3.58000  4.057209330218772e+00
 3.58500  4.060486488911190e+00
 3.59000  4.063734216741744e+00
 3.59500  4.066952765378827e+00
 3.60000  4.070142384585184e+00
 3.60500  4.073303322227293e+00
 3.61000  4.076435824284823e+00
 3.61500  4.079540134860154e+00
 3.62000  4.082616496187957e+00
 3.62500  4.085665148644852e+00
 3.63000  4.088686330759091e+00
 3.63500  4.091680279220330e+00
 3.64000  4.094647228889420e+00
 3.64500  4.097587412808266e+00
 3.65000  4.100501062209721e+00
 3.65500  4.103388406527520e+00
 3.66000  4.106249673406258e+00
 3.66500  4.109085088711393e+00
 3.67000  4.111894876539295e+00
 3.67500  4.114679259227318e+00
 3.68000  4.117438457363893e+00
 3.68500  4.120172689798655e+00
 3.69000  4.122882173652592e+00
 3.69500  4.125567124328207e+00
 3.70000  4.128227755519704e+00
 3.70500  4.130864279223188e+00
 3.71000  4.133476905746871e+00
 3.71500  4.136065843721303e+00
 3.72000  4.138631300109596e+00
 3.72500  4.141173480217669e+00
 3.73000  4.143692587704487e+00
 3.73500  4.146188824592306e+00
 3.74000  4.148662391276927e+00
 3.74500  4.151113486537933e+00
 3.75000  4.153542307548938e+00
 3.75500  4.155949049887829e+00
 3.76000  4.158333907546990e+00
 3.76500  4.160697072943536e+00
 3.77000  4.163038736929529e+00
 3.77500  4.165359088802179e+00
 3.78000  4.167658316314037e+00
 3.78500  4.169936605683183e+00
 3.79000  4.172194141603384e+00
 3.79500  4.174431107254244e+00
 3.80000  4.176647684311334e+00
 3.80500  4.178844052956302e+00
 3.81000  4.181020391886972e+00
 3.81500  4.183176878327403e+00
 3.82000  4.185313688037946e+00
 3.82500  4.187430995325260e+00
 3.83000  4.189528973052313e+00
 3.83500  4.191607792648358e+00
 3.84000  4.193667624118875e+00
 3.84500  4.195708636055491e+00
 3.85000  4.197730995645867e+00
 3.85500  4.199734868683556e+00
 3.86000  4.201720419577837e+00
 3.86500  4.203687811363507e+00
 3.87000  4.205637205710649e+00
 3.87500  4.207568762934355e+00
 3.88000  4.209482642004438e+00
 3.88500  4.211379000555079e+00
 3.89000  4.213257994894465e+00
 3.89500  4.215119780014374e+00
 3.90000  4.216964509599732e+00
 3.90500  4.218792336038129e+00
 3.91000  4.220603410429294e+00
 3.91500  4.222397882594544e+00
 3.92000  4.224175901086172e+00
 3.92500  4.225937613196820e+00
 3.93000  4.227683164968787e+00
 3.93500  4.229412701203322e+00
 3.94000  4.231126365469849e+00
 3.94500  4.232824300115174e+00
 3.95000  4.234506646272632e+00
 3.95500  4.236173543871201e+00
 3.96000  4.237825131644573e+00
 3.96500  4.239461547140172e+00
 3.97000  4.241082926728142e+00
 3.97500  4.242689405610279e+00
 3.98000  4.244281117828928e+00
 3.98500  4.245858196275826e+00
 3.99000  4.247420772700904e+00
 3.99500  4.248968977721048e+00
 4.00000  4.250502940828808e+00
 4.00500  4.252022790401062e+00
 4.01000  4.253528653707638e+00
 4.01500  4.255020656919884e+00
 4.02000  4.256498925119194e+00
 4.02500  4.257963582305489e+00
 4.03000  4.259414751405650e+00
 4.03500  4.260852554281899e+00
 4.04000  4.262277111740143e+00
 4.04500  4.263688543538255e+00
 4.05000  4.265086968394327e+00
 4.05500  4.266472503994861e+00
 4.06000  4.267845267002916e+00
 4.06500  4.269205373066202e+00
 4.07000  4.270552936825146e+00
 4.07500  4.271888071920877e+00
 4.08000  4.273210891003199e+00
 4.08500  4.274521505738482e+00
 4.09000  4.275820026817533e+00
 4.09500  4.277106563963404e+00
 4.10000  4.278381225939148e+00
 4.10500  4.279644120555539e+00
 4.11000  4.280895354678739e+00
 4.11500  4.282135034237913e+00
 4.12000  4.283363264232796e+00
 4.12500  4.284580148741219e+00
 4.13000  4.285785790926580e+00
 4.13500  4.286980293045266e+00
 4.14000  4.288163756454034e+00
 4.14500  4.289336281617338e+00
 4.15000  4.290497968114604e+00
 4.15500  4.291648914647475e+00
 4.16000  4.292789219046982e+00
 4.16500  4.293918978280687e+00
 4.17000  4.295038288459777e+00
 4.17500  4.296147244846092e+00
 4.18000  4.297245941859134e+00
 4.18500  4.298334473083002e+00
 4.19000  4.299412931273297e+00
 4.19500  4.300481408363972e+00
 4.20000  4.301539995474138e+00
 4.20500  4.302588782914818e+00
 4.21000  4.303627860195662e+00
 4.21500  4.304657316031610e+00
 4.22000  4.305677238349507e+00
 4.22500  4.306687714294679e+00
 4.23000  4.307688830237453e+00
 4.23500  4.308680671779635e+00
 4.24000  4.309663323760951e+00
 4.24500  4.310636870265421e+00
 4.25000  4.311601394627712e+00
 4.25500  4.312556979439425e+00
 4.26000  4.313503706555346e+00
 4.26500  4.314441657099660e+00
 4.27000  4.315370911472097e+00
 4.27500  4.316291549354057e+00
 4.28000  4.317203649714677e+00
 4.28500  4.318107290816856e+00
 4.29000  4.319002550223242e+00
 4.29500  4.319889504802158e+00
 4.30000  4.320768230733509e+00
 4.30500  4.321638803514621e+00
 4.31000  4.322501297966055e+00
 4.31500  4.323355788237366e+00
 4.32000  4.324202347812822e+00
 4.32500  4.325041049517083e+00
 4.33000  4.325871965520835e+00
 4.33500  4.326695167346381e+00
 4.34000  4.327510725873190e+00
 4.34500  4.328318711343403e+00
 4.35000  4.329119193367300e+00
 4.35500  4.329912240928727e+00
 4.36000  4.330697922390468e+00
 4.36500  4.331476305499596e+00
 4.37000  4.332247457392766e+00
 4.37500  4.333011444601481e+00
 4.38000  4.333768333057299e+00
 4.38500  4.334518188097024e+00
 4.39000  4.335261074467835e+00
 4.39500  4.335997056332381e+00
 4.40000  4.336726197273853e+00
 4.40500  4.337448560300987e+00
 4.41000  4.338164207853051e+00
 4.41500  4.338873201804786e+00
 4.42000  4.339575603471300e+00
 4.42500  4.340271473612938e+00
 4.43000  4.340960872440105e+00
 4.43500  4.341643859618050e+00
 4.44000  4.342320494271614e+00
 4.44500  4.342990834989940e+00
 4.45000  4.343654939831147e+00
 4.45500  4.344312866326971e+00
 4.46000  4.344964671487348e+00
 4.46500  4.345610411804997e+00
 4.47000  4.346250143259926e+00
 4.47500  4.346883921323932e+00
 4.48000  4.347511800965050e+00
 4.48500  4.348133836651970e+00
 4.49000  4.348750082358418e+00
 4.49500  4.349360591567504e+00
 4.50000  4.349965417276027e+00
 4.50500  4.350564611998758e+00
 4.51000  4.351158227772673e+00
 4.51500  4.351746316161162e+00
 4.52000  4.352328928258206e+00
 4.52500  4.352906114692506e+00
 4.53000  4.353477925631593e+00
 4.53500  4.354044410785893e+00
 4.54000  4.354605619412773e+00
 4.54500  4.355161600320531e+00
 4.55000  4.355712401872381e+00
 4.55500  4.356258071990379e+00
 4.56000  4.356798658159337e+00
 4.56500  4.357334207430690e+00
 4.57000  4.357864766426343e+00
 4.57500  4.358390381342471e+00
 4.58000  4.358911097953309e+00
 4.58500  4.359426961614887e+00
 4.59000  4.359938017268751e+00
 4.59500  4.360444309445644e+00
 4.60000  4.360945882269162e+00
 4.60500  4.361442779459374e+00
 4.61000  4.361935044336415e+00
 4.61500  4.362422719824052e+00
 4.62000  4.362905848453210e+00
 4.62500  4.363384472365478e+00
 4.63000  4.363858633316584e+00
 4.63500  4.364328372679834e+00
 4.64000  4.364793731449534e+00
 4.64500  4.365254750244366e+00
 4.65000  4.365711469310759e+00
 4.65500  4.366163928526204e+00
 4.66000  4.366612167402566e+00
 4.66500  4.367056225089351e+00
 4.67000  4.367496140376952e+00
 4.67500  4.367931951699869e+00
 4.68000  4.368363697139895e+00
 4.68500  4.368791414429283e+00
 4.69000  4.369215140953878e+00
 4.69500  4.369634913756235e+00
 4.70000  4.370050769538689e+00
 4.70500  4.370462744666422e+00
 4.71000  4.370870875170485e+00
 4.71500  4.371275196750813e+00
 4.72000  4.371675744779192e+00
 4.72500  4.372072554302217e+00
 4.73000  4.372465660044223e+00
 4.73500  4.372855096410181e+00
 4.74000  4.373240897488580e+00
 4.74500  4.373623097054278e+00
 4.75000  4.374001728571328e+00
 4.75500  4.374376825195789e+00
 4.76000  4.374748419778494e+00
 4.76500  4.375116544867817e+00
 4.77000  4.375481232712395e+00
 4.77500  4.375842515263843e+00
 4.78000  4.376200424179434e+00
 4.78500  4.376554990824762e+00
 4.79000  4.376906246276381e+00
 4.79500  4.377254221324418e+00
 4.80000  4.377598946475166e+00
 4.80500  4.377940451953652e+00
 4.81000  4.378278767706191e+00
 4.81500  4.378613923402905e+00
 4.82000  4.378945948440226e+00
 4.82500  4.379274871943382e+00
 4.83000  4.379600722768851e+00
 4.83500  4.379923529506807e+00
 4.84000  4.380243320483527e+00
 4.84500  4.380560123763795e+00
 4.85000  4.380873967153271e+00
 4.85500  4.381184878200851e+00
 4.86000  4.381492884200993e+00
 4.86500  4.381798012196033e+00
 4.87000  4.382100288978483e+00
 4.87500  4.382399741093293e+00
 4.88000  4.382696394840110e+00
 4.88500  4.382990276275508e+00
 4.89000  4.383281411215203e+00
 4.89500  4.383569825236243e+00
 4.90000  4.383855543679187e+00
 4.90500  4.384138591650252e+00
 4.91000  4.384418994023458e+00
 4.91500  4.384696775442739e+00
 4.92000  4.384971960324040e+00
 4.92500  4.385244572857399e+00
 4.93000  4.385514637009013e+00
 4.93500  4.385782176523270e+00
 4.94000  4.386047214924783e+00
 4.94500  4.386309775520393e+00
 4.95000  4.386569881401161e+00
 4.95500  4.386827555444331e+00
 4.96000  4.387082820315298e+00
 4.96500  4.387335698469529e+00
 4.97000  4.387586212154494e+00
 4.97500  4.387834383411566e+00
 4.98000  4.388080234077899e+00
 4.98500  4.388323785788304e+00
 4.99000  4.388565059977102e+00
 4.99500  4.388804077879951e+00
 5.00000  4.389040860535671e+00
 5.00500  4.389275428788049e+00
 5.01000  4.389507803287618e+00
 5.01500  4.389738004493434e+00
 5.02000  4.389966052674829e+00
 5.02500  4.390191967913149e+00
 5.03000  4.390415770103480e+00
 5.03500  4.390637478956353e+00
 5.04000  4.390857113999437e+00
 5.04500  4.391074694579223e+00
 5.05000  4.391290239862679e+00
 5.05500  4.391503768838898e+00
 5.06000  4.391715300320739e+00
 5.06500  4.391924852946437e+00
 5.07000  4.392132445181208e+00
 5.07500  4.392338095318842e+00
 5.08000  4.392541821483276e+00
 5.08500  4.392743641630155e+00
 5.09000  4.392943573548378e+00
 5.09500  4.393141634861633e+00
 5.10000  4.393337843029912e+00
 5.10500  4.393532215351025e+00
 5.11000  4.393724768962080e+00
 5.11500  4.393915520840974e+00
 5.12000  4.394104487807845e+00
 5.12500  4.394291686526538e+00
 5.13000  4.394477133506030e+00
 5.13500  4.394660845101868e+00
 5.14000  4.394842837517575e+00
 5.14500  4.395023126806048e+00
 5.15000  4.395201728870954e+00
 5.15500  4.395378659468096e+00
 5.16000  4.395553934206784e+00
 5.16500  4.395727568551178e+00
 5.17000  4.395899577821629e+00
 5.17500  4.396069977196005e+00
 5.18000  4.396238781711006e+00
 5.18500  4.396406006263462e+00
 5.19000  4.396571665611629e+00
 5.19500  4.396735774376461e+00
 5.20000  4.396898347042884e+00
 5.20500  4.397059397961045e+00
 5.21000  4.397218941347558e+00
 5.21500  4.397376991286738e+00
 5.22000  4.397533561731824e+00
 5.22500  4.397688666506182e+00
 5.23000  4.397842319304517e+00
 5.23500  4.397994533694047e+00
 5.24000  4.398145323115691e+00
 5.24500  4.398294700885234e+00
 5.25000  4.398442680194480e+00
 5.25500  4.398589274112400e+00
 5.26000  4.398734495586271e+00
 5.26500  4.398878357442790e+00
 5.27000  4.399020872389206e+00
 5.27500  4.399162053014408e+00
 5.28000  4.399301911790030e+00
 5.28500  4.399440461071531e+00
 5.29000  4.399577713099270e+00
 5.29500  4.399713679999576e+00
 5.30000  4.399848373785794e+00
 5.30500  4.399981806359338e+00
 5.31000  4.400113989510728e+00
 5.31500  4.400244934920608e+00
 5.32000  4.400374654160773e+00
 5.32500  4.400503158695170e+00
 5.33000  4.400630459880899e+00
 5.33500  4.400756568969206e+00
 5.34000  4.400881497106456e+00
 5.34500  4.401005255335114e+00
 5.35000  4.401127854594697e+00
 5.35500  4.401249305722738e+00
 5.36000  4.401369619455725e+00
 5.36500  4.401488806430037e+00
 5.37000  4.401606877182878e+00
 5.37500  4.401723842153189e+00
 5.38000  4.401839711682564e+00
 5.38500  4.401954496016153e+00
 5.39000  4.402068205303549e+00
 5.39500  4.402180849599685e+00
 5.40000  4.402292438865705e+00
 5.40500  4.402402982969834e+00
 5.41000  4.402512491688243e+00
 5.41500  4.402620974705902e+00
 5.42000  4.402728441617425e+00
 5.42500  4.402834901927911e+00
 5.43000  4.402940365053773e+00
 5.43500  4.403044840323560e+00
 5.44000  4.403148336978777e+00
 5.44500  4.403250864174686e+00
 5.45000  4.403352430981116e+00
 5.45500  4.403453046383247e+00
 5.46000  4.403552719282404e+00
 5.46500  4.403651458496828e+00
 5.47000  4.403749272762457e+00
 5.47500  4.403846170733679e+00
 5.48000  4.403942160984103e+00
 5.48500  4.404037252007297e+00
 5.49000  4.404131452217541e+00
 5.49500  4.404224769950556e+00
 5.50000  4.404317213464242e+00
 5.50500  4.404408790939394e+00
 5.51000  4.404499510480425e+00
 5.51500  4.404589380116069e+00
 5.52000  4.404678407800094e+00
 5.52500  4.404766601411988e+00
 5.53000  4.404853968757657e+00
 5.53500  4.404940517570111e+00
 5.54000  4.405026255510132e+00
 5.54500  4.405111190166958e+00
 5.55000  4.405195329058937e+00
 5.55500  4.405278679634193e+00
 5.56000  4.405361249271285e+00
 5.56500  4.405443045279836e+00
 5.57000  4.405524074901194e+00
 5.57500  4.405604345309057e+00
 5.58000  4.405683863610101e+00
 5.58500  4.405762636844612e+00
 5.59000  4.405840671987094e+00
 5.59500  4.405917975946892e+00
 5.60000  4.405994555568785e+00
 5.60500  4.406070417633603e+00
 5.61000  4.406145568858808e+00
 5.61500  4.406220015899095e+00
 5.62000  4.406293765346966e+00
 5.62500  4.406366823733317e+00
 5.63000  4.406439197528011e+00
 5.63500  4.406510893140442e+00
 5.64000  4.406581916920100e+00
 5.64500  4.406652275157134e+00
 5.65000  4.406721974082895e+00
 5.65500  4.406791019870493e+00
 5.66000  4.406859418635334e+00
 5.66500  4.406927176435660e+00
 5.67000  4.406994299273078e+00
 5.67500  4.407060793093094e+00
 5.68000  4.407126663785631e+00
 5.68500  4.407191917185547e+00
 5.69000  4.407256559073152e+00
 5.69500  4.407320595174710e+00
 5.70000  4.407384031162949e+00
 5.70500  4.407446872657556e+00
 5.71000  4.407509125225676e+00
 5.71500  4.407570794382394e+00
 5.72000  4.407631885591228e+00
 5.72500  4.407692404264605e+00
 5.73000  4.407752355764339e+00
 5.73500  4.407811745402107e+00
 5.74000  4.407870578439906e+00
 5.74500  4.407928860090528e+00
 5.75000  4.407986595518008e+00
 5.75500  4.408043789838092e+00
 5.76000  4.408100448118673e+00
 5.76500  4.408156575380246e+00
 5.77000  4.408212176596349e+00
 5.77500  4.408267256693999e+00
 5.78000  4.408321820554128e+00
 5.78500  4.408375873012011e+00
 5.79000  4.408429418857692e+00
 5.79500  4.408482462836412e+00
 5.80000  4.408535009649015e+00
 5.80500  4.408587063952373e+00
 5.81000  4.408638630359793e+00
 5.81500  4.408689713441420e+00
 5.82000  4.408740317724646e+00
 5.82500  4.408790447694504e+00
 5.83000  4.408840107794067e+00
 5.83500  4.408889302424836e+00
 5.84000  4.408938035947129e+00
 5.84500  4.408986312680469e+00
 5.85000  4.409034136903960e+00
 5.85500  4.409081512856668e+00
 5.86000  4.409128444737990e+00
 5.86500  4.409174936708033e+00
 5.87000  4.409220992887969e+00
 5.87500  4.409266617360408e+00
 5.88000  4.409311814169755e+00
 5.88500  4.409356587322567e+00
 5.89000  4.409400940787903e+00
 5.89500  4.409444878497683e+00
 5.90000  4.409488404347022e+00
 5.90500  4.409531522194587e+00
 5.91000  4.409574235862925e+00
 5.91500  4.409616549138812e+00
 5.92000  4.409658465773581e+00
 5.92500  4.409699989483449e+00
 5.93000  4.409741123949854e+00
 5.93500  4.409781872819775e+00
 5.94000  4.409822239706053e+00
 5.94500  4.409862228187714e+00
 5.95000  4.409901841810278e+00
 5.95500  4.409941084086080e+00
 5.96000  4.409979958494574e+00
 5.96500  4.410018468482646e+00
 5.97000  4.410056617464912e+00
 5.97500  4.410094408824021e+00
 5.98000  4.410131845910958e+00
 5.98500  4.410168932045338e+00
 5.99000  4.410205670515694e+00
 5.99500  4.410242064579775e+00
 6.00000  4.410278117464828e+00
 6.00500  4.410313832367888e+00
 6.01000  4.410349212456055e+00
 6.01500  4.410384260866779e+00
 6.02000  4.410418980708133e+00
 6.02500  4.410453375059090e+00
 6.03000  4.410487446969794e+00
 6.03500  4.410521199461829e+00
 6.04000  4.410554635528488e+00
 6.04500  4.410587758135035e+00
 6.05000  4.410620570218970e+00
 6.05500  4.410653074690285e+00
 6.06000  4.410685274431724e+00
 6.06500  4.410717172299035e+00
 6.07000  4.410748771121227e+00
 6.07500  4.410780073700815e+00
 6.08000  4.410811082814069e+00
 6.08500  4.410841801211265e+00
 6.09000  4.410872231616915e+00
 6.09500  4.410902376730026e+00
 6.10000  4.410932239224320e+00
 6.10500  4.410961821748486e+00
 6.11000  4.410991126926402e+00
 6.11500  4.411020157357376e+00
 6.12000  4.411048915616370e+00
 6.12500  4.411077404254232e+00
 6.13000  4.411105625797915e+00
 6.13500  4.411133582750709e+00
 6.14000  4.411161277592459e+00
 6.14500  4.411188712779778e+00
 6.15000  4.411215890746275e+00
 6.15500  4.411242813902762e+00
 6.16000  4.411269484637470e+00
 6.16500  4.411295905316264e+00
 6.17000  4.411322078282844e+00
 6.17500  4.411348005858960e+00
 6.18000  4.411373690344614e+00
 6.18500  4.411399134018261e+00
 6.19000  4.411424339137016e+00
 6.19500  4.411449307936853e+00
 6.20000  4.411474042632796e+00
 6.20500  4.411498545419121e+00
 6.21000  4.411522818469553e+00
 6.21500  4.411546863937451e+00
 6.22000  4.411570683956000e+00
 6.22500  4.411594280638404e+00
 6.23000  4.411617656078072e+00
 6.23500  4.411640812348797e+00
 6.24000  4.411663751504951e+00
 6.24500  4.411686475581653e+00
 6.25000  4.411708986594962e+00
 6.25500  4.411731286542045e+00
 6.26000  4.411753377401361e+00
 6.26500  4.411775261132834e+00
 6.27000  4.411796939678024e+00
 6.27500  4.411818414960303e+00
 6.28000  4.411839688885019e+00
 6.28500  4.411860763339674e+00
 6.29000  4.411881640194082e+00
 6.29500  4.411902321300539e+00
 6.30000  4.411922808493989e+00
 6.30500  4.411943103592177e+00
 6.31000  4.411963208395827e+00
 6.31500  4.411983124688780e+00
 6.32000  4.412002854238172e+00
 6.32500  4.412022398794575e+00
 6.33000  4.412041760092161e+00
 6.33500  4.412060939848854e+00
 6.34000  4.412079939766479e+00
 6.34500  4.412098761530918e+00
 6.35000  4.412117406812251e+00
 6.35500  4.412135877264912e+00
 6.36000  4.412154174527835e+00
 6.36500  4.412172300224591e+00
 6.37000  4.412190255963542e+00
 6.37500  4.412208043337976e+00
 6.38000  4.412225663926251e+00
 6.38500  4.412243119291937e+00
 6.39000  4.412260410983951e+00
 6.39500  4.412277540536693e+00
 6.40000  4.412294509470189e+00
 6.40500  4.412311319290215e+00
 6.41000  4.412327971488443e+00
 6.41500  4.412344467542561e+00
 6.42000  4.412360808916410e+00
 6.42500  4.412376997060116e+00
 6.43000  4.412393033410213e+00
 6.43500  4.412408919389772e+00
 6.44000  4.412424656408531e+00
 6.44500  4.412440245863012e+00
 6.45000  4.412455689136652e+00
 6.45500  4.412470987599924e+00
 6.46000  4.412486142610454e+00
 6.46500  4.412501155513149e+00
 6.47000  4.412516027640308e+00
 6.47500  4.412530760311745e+00
 6.48000  4.412545354834903e+00
 6.48500  4.412559812504975e+00
 6.49000  4.412574134605014e+00
 6.49500  4.412588322406046e+00
 6.50000  4.412602377167187e+00
 6.50500  4.412616300135752e+00
 6.51000  4.412630092547364e+00
 6.51500  4.412643755626066e+00
 6.52000  4.412657290584430e+00
 6.52500  4.412670698623661e+00
 6.53000  4.412683980933708e+00
 6.53500  4.412697138693364e+00
 6.54000  4.412710173070377e+00
 6.54500  4.412723085221548e+00
 6.55000  4.412735876292833e+00
 6.55500  4.412748547419453e+00
 6.56000  4.412761099725985e+00
 6.56500  4.412773534326464e+00
 6.57000  4.412785852324486e+00
 6.57500  4.412798054813302e+00
 6.58000  4.412810142875916e+00
 6.58500  4.412822117585180e+00
 6.59000  4.412833980003890e+00
 6.59500  4.412845731184880e+00
 6.60000  4.412857372171116e+00
 6.60500  4.412868903995789e+00
 6.61000  4.412880327682402e+00
 6.61500  4.412891644244869e+00
 6.62000  4.412902854687596e+00
 6.62500  4.412913960005575e+00
 6.63000  4.412924961184473e+00
 6.63500  4.412935859200714e+00
 6.64000  4.412946655021575e+00
 6.64500  4.412957349605262e+00
 6.65000  4.412967943900998e+00
 6.65500  4.412978438849111e+00
 6.66000  4.412988835381111e+00
 6.66500  4.412999134419782e+00
 6.67000  4.413009336879252e+00
 6.67500  4.413019443665084e+00
 6.68000  4.413029455674346e+00
 6.68500  4.413039373795705e+00
 6.69000  4.413049198909491e+00
 6.69500  4.413058931887786e+00
 6.70000  4.413068573594494e+00
 6.70500  4.413078124885420e+00
 6.71000  4.413087586608349e+00
 6.71500  4.413096959603120e+00
 6.72000  4.413106244701693e+00
 6.72500  4.413115442728232e+00
 6.73000  4.413124554499178e+00
 6.73500  4.413133580823312e+00
 6.74000  4.413142522501840e+00
 6.74500  4.413151380328450e+00
 6.75000  4.413160155089394e+00
 6.75500  4.413168847563552e+00
 6.76000  4.413177458522504e+00
 6.76500  4.413185988730591e+00
 6.77000  4.413194438944996e+00
 6.77500  4.413202809915797e+00
 6.78000  4.413211102386043e+00
 6.78500  4.413219317091819e+00
 6.79000  4.413227454762306e+00
 6.79500  4.413235516119850e+00
 6.80000  4.413243501880024e+00
 6.80500  4.413251412751696e+00
 6.81000  4.413259249437083e+00
 6.81500  4.413267012631824e+00
 6.82000  4.413274703025032e+00
 6.82500  4.413282321299363e+00
 6.83000  4.413289868131068e+00
 6.83500  4.413297344190065e+00
 6.84000  4.413304750139985e+00
 6.84500  4.413312086638240e+00
 6.85000  4.413319354336079e+00
 6.85500  4.413326553878645e+00
 6.86000  4.413333685905030e+00
 6.86500  4.413340751048339e+00
 6.87000  4.413347749935737e+00
 6.87500  4.413354683188510e+00
 6.88000  4.413361551422123e+00
 6.88500  4.413368355246264e+00
 6.89000  4.413375095264910e+00
 6.89500  4.413381772076373e+00
 6.90000  4.413388386273358e+00
 6.90500  4.413394938443009e+00
 6.91000  4.413401429166968e+00
 6.91500  4.413407859021423e+00
 6.92000  4.413414228577160e+00
 6.92500  4.413420538399612e+00
 6.93000  4.413426789048914e+00
 6.93500  4.413432981079946e+00
 6.94000  4.413439115042384e+00
 6.94500  4.413445191480757e+00
 6.95000  4.413451210934482e+00
 6.95500  4.413457173937922e+00
 6.96000  4.413463081020428e+00
 6.96500  4.413468932706389e+00
 6.97000  4.413474729515277e+00
 6.97500  4.413480471961694e+00
 6.98000  4.413486160555414e+00
 6.98500  4.413491795801435e+00
 6.99000  4.413497378200020e+00
 6.99500  4.413502908246739e+00
 7.00000  4.413508386432516e+00
 7.00500  4.413513813243673e+00
 7.01000  4.413519189161974e+00
 7.01500  4.413524514664661e+00
 7.02000  4.413529790224506e+00
 7.02500  4.413535016309845e+00
 7.03000  4.413540193384623e+00
 7.03500  4.413545321908439e+00
 7.04000  4.413550402336576e+00
 7.04500  4.413555435120053e+00
 7.05000  4.413560420705658e+00
 7.05500  4.413565359535992e+00
 7.06000  4.413570252049504e+00
 7.06500  4.413575098680530e+00
 7.07000  4.413579899859338e+00
 7.07500  4.413584656012159e+00
 7.08000  4.413589367561227e+00
 7.08500  4.413594034924817e+00
 7.09000  4.413598658517286e+00
 7.09500  4.413603238749099e+00
 7.10000  4.413607776026877e+00
 7.10500  4.413612270753427e+00
 7.11000  4.413616723327780e+00
 7.11500  4.413621134145223e+00
 7.12000  4.413625503597338e+00
 7.12500  4.413629832072036e+00
 7.13000  4.413634119953589e+00
 7.13500  4.413638367622669e+00
 7.14000  4.413642575456374e+00
 7.14500  4.413646743828268e+00
 7.15000  4.413650873108415e+00
 7.15500  4.413654963663403e+00
 7.16000  4.413659015856389e+00
 7.16500  4.413663030047121e+00
 7.17000  4.413667006591973e+00
 7.17500  4.413670945843982e+00
 7.18000  4.413674848152867e+00
 7.18500  4.413678713865076e+00
 7.19000  4.413682543323803e+00
 7.19500  4.413686336869026e+00
 7.20000  4.413690094837534e+00
 7.20500  4.413693817562959e+00
 7.21000  4.413697505375803e+00
 7.21500  4.413701158603470e+00
 7.22000  4.413704777570295e+00
 7.22500  4.413708362597569e+00
 7.23000  4.413711914003573e+00
 7.23500  4.413715432103603e+00
 7.24000  4.413718917209995e+00
 7.24500  4.413722369632162e+00
 7.25000  4.413725789676610e+00
 7.25500  4.413729177646974e+00
 7.26000  4.413732533844041e+00
 7.26500  4.413735858565778e+00
 7.27000  4.413739152107357e+00
 7.27500  4.413742414761185e+00
 7.28000  4.413745646816921e+00
 7.28500  4.413748848561514e+00
 7.29000  4.413752020279220e+00
 7.29500  4.413755162251626e+00
 7.30000  4.413758274757686e+00
 7.30500  4.413761358073731e+00
 7.31000  4.413764412473504e+00
 7.31500  4.413767438228182e+00
 7.32000  4.413770435606397e+00
 7.32500  4.413773404874262e+00
 7.33000  4.413776346295396e+00
 7.33500  4.413779260130946e+00
 7.34000  4.413782146639609e+00
 7.34500  4.413785006077656e+00
 7.35000  4.413787838698955e+00
 7.35500  4.413790644754994e+00
 7.36000  4.413793424494904e+00
 7.36500  4.413796178165478e+00
 7.37000  4.413798906011192e+00
 7.37500  4.413801608274236e+00
 7.38000  4.413804285194523e+00
 7.38500  4.413806937009720e+00
 7.39000  4.413809563955263e+00
 7.39500  4.413812166264381e+00
 7.40000  4.413814744168117e+00
 7.40500  4.413817297895346e+00
 7.41000  4.413819827672795e+00
 7.41500  4.413822333725070e+00
 7.42000  4.413824816274666e+00
 7.42500  4.413827275541994e+00
 7.43000  4.413829711745397e+00
 7.43500  4.413832125101170e+00
 7.44000  4.413834515823582e+00
 7.44500  4.413836884124889e+00
 7.45000  4.413839230215361e+00
 7.45500  4.413841554303292e+00
 7.46000  4.413843856595026e+00
 7.46500  4.413846137294971e+00
 7.47000  4.413848396605617e+00
 7.47500  4.413850634727555e+00
 7.48000  4.413852851859495e+00
 7.48500  4.413855048198289e+00
 7.49000  4.413857223938932e+00
 7.49500  4.413859379274601e+00
 7.50000  4.413861514396657e+00
 7.50500  4.413863629494664e+00
 7.51000  4.413865724756414e+00
 7.51500  4.413867800367933e+00
 7.52000  4.413869856513505e+00
 7.52500  4.413871893375687e+00
 7.53000  4.413873911135318e+00
 7.53500  4.413875909971550e+00
 7.54000  4.413877890061847e+00
 7.54500  4.413879851582014e+00
 7.55000  4.413881794706206e+00
 7.55500  4.413883719606942e+00
 7.56000  4.413885626455129e+00
 7.56500  4.413887515420064e+00
 7.57000  4.413889386669463e+00
 7.57500  4.413891240369464e+00
 7.58000  4.413893076684650e+00
 7.58500  4.413894895778062e+00
 7.59000  4.413896697811207e+00
 7.59500  4.413898482944083e+00
 7.60000  4.413900251335183e+00
 7.60500  4.413902003141516e+00
 7.61000  4.413903738518617e+00
 7.61500  4.413905457620567e+00
 7.62000  4.413907160599995e+00
 7.62500  4.413908847608104e+00
 7.63000  4.413910518794677e+00
 7.63500  4.413912174308092e+00
 7.64000  4.413913814295338e+00
 7.64500  4.413915438902022e+00
 7.65000  4.413917048272388e+00
 7.65500  4.413918642549326e+00
 7.66000  4.413920221874387e+00
 7.66500  4.413921786387795e+00
 7.67000  4.413923336228456e+00
 7.67500  4.413924871533977e+00
 7.68000  4.413926392440673e+00
 7.68500  4.413927899083579e+00
 7.69000  4.413929391596467e+00
 7.69500  4.413930870111852e+00
 7.70000  4.413932334761006e+00
 7.70500  4.413933785673973e+00
 7.71000  4.413935222979574e+00
 7.71500  4.413936646805424e+00
 7.72000  4.413938057277940e+00
 7.72500  4.413939454522353e+00
 7.73000  4.413940838662723e+00
 7.73500  4.413942209821942e+00
 7.74000  4.413943568121753e+00
 7.74500  4.413944913682754e+00
 7.75000  4.413946246624416e+00
 7.75500  4.413947567065089e+00
 7.76000  4.413948875122006e+00
 7.76500  4.413950170911312e+00
 7.77000  4.413951454548054e+00
 7.77500  4.413952726146205e+00
 7.78000  4.413953985818665e+00
 7.78500  4.413955233677279e+00
 7.79000  4.413956469832841e+00
 7.79500  4.413957694395107e+00
 7.80000  4.413958907472804e+00
 7.80500  4.413960109173636e+00
 7.81000  4.413961299604302e+00
 7.81500  4.413962478870496e+00
 7.82000  4.413963647076925e+00
 7.82500  4.413964804327311e+00
 7.83000  4.413965950724402e+00
 7.83500  4.413967086369986e+00
 7.84000  4.413968211364896e+00
 7.84500  4.413969325809016e+00
 7.85000  4.413970429801297e+00
 7.85500  4.413971523439759e+00
 7.86000  4.413972606821506e+00
 7.86500  4.413973680042729e+00
 7.87000  4.413974743198718e+00
 7.87500  4.413975796383868e+00
 7.88000  4.413976839691689e+00
 7.88500  4.413977873214817e+00
 7.89000  4.413978897045014e+00
 7.89500  4.413979911273188e+00
 7.90000  4.413980915989387e+00
 7.90500  4.413981911282820e+00
 7.91000  4.413982897241858e+00
 7.91500  4.413983873954043e+00
 7.92000  4.413984841506095e+00
 7.92500  4.413985799983922e+00
 7.93000  4.413986749472627e+00
 7.93500  4.413987690056513e+00
 7.94000  4.413988621819093e+00
 7.94500  4.413989544843098e+00
 7.95000  4.413990459210481e+00
 7.95500  4.413991365002429e+00
 7.96000  4.413992262299365e+00
 7.96500  4.413993151180959e+00
 7.97000  4.413994031726135e+00
 7.97500  4.413994904013076e+00
 7.98000  4.413995768119229e+00
 7.98500  4.413996624121319e+00
 7.99000  4.413997472095350e+00
 7.99500  4.413998312116611e+00
 8.00000  4.413999144259688e+00
 8.00500  4.413999968598467e+00
 8.01000  4.414000785206139e+00
 8.01500  4.414001594155209e+00
 8.02000  4.414002395517505e+00
 8.02500  4.414003189364179e+00
 8.03000  4.414003975765715e+00
 8.03500  4.414004754791937e+00
 8.04000  4.414005526512016e+00
 8.04500  4.414006290994470e+00
 8.05000  4.414007048307178e+00
 8.05500  4.414007798517382e+00
 8.06000  4.414008541691692e+00
 8.06500  4.414009277896094e+00
 8.07000  4.414010007195955e+00
 8.07500  4.414010729656029e+00
 8.08000  4.414011445340464e+00
 8.08500  4.414012154312804e+00
 8.09000  4.414012856635999e+00
 8.09500  4.414013552372406e+00
 8.10000  4.414014241583803e+00
 8.10500  4.414014924331381e+00
 8.11000  4.414015600675763e+00
 8.11500  4.414016270677000e+00
 8.12000  4.414016934394583e+00
 8.12500  4.414017591887442e+00
 8.13000  4.414018243213955e+00
 8.13500  4.414018888431954e+00
 8.14000  4.414019527598729e+00
 8.14500  4.414020160771028e+00
 8.15000  4.414020788005073e+00
 8.15500  4.414021409356555e+00
 8.16000  4.414022024880644e+00
 8.16500  4.414022634631992e+00
 8.17000  4.414023238664739e+00
 8.17500  4.414023837032516e+00
 8.18000  4.414024429788453e+00
 8.18500  4.414025016985180e+00
 8.19000  4.414025598674836e+00
 8.19500  4.414026174909067e+00
 8.20000  4.414026745739037e+00
 8.20500  4.414027311215431e+00
 8.21000  4.414027871388457e+00
 8.21500  4.414028426307853e+00
 8.22000  4.414028976022890e+00
 8.22500  4.414029520582377e+00
 8.23000  4.414030060034666e+00
 8.23500  4.414030594427655e+00
 8.24000  4.414031123808793e+00
 8.24500  4.414031648225083e+00
 8.25000  4.414032167723088e+00
 8.25500  4.414032682348934e+00
 8.26000  4.414033192148318e+00
 8.26500  4.414033697166500e+00
 8.27000  4.414034197448324e+00
 8.27500  4.414034693038208e+00
 8.28000  4.414035183980158e+00
 8.28500  4.414035670317764e+00
 8.29000  4.414036152094207e+00
 8.29500  4.414036629352265e+00
 8.30000  4.414037102134313e+00
 8.30500  4.414037570482330e+00
 8.31000  4.414038034437901e+00
 8.31500  4.414038494042220e+00
 8.32000  4.414038949336096e+00
 8.32500  4.414039400359955e+00
 8.33000  4.414039847153842e+00
 8.33500  4.414040289757430e+00
 8.34000  4.414040728210018e+00
 8.34500  4.414041162550533e+00
 8.35000  4.414041592817544e+00
 8.35500  4.414042019049252e+00
 8.36000  4.414042441283504e+00
 8.36500  4.414042859557791e+00
 8.37000  4.414043273909250e+00
 8.37500  4.414043684374672e+00
 8.38000  4.414044090990501e+00
 8.38500  4.414044493792844e+00
 8.39000  4.414044892817463e+00
 8.39500  4.414045288099789e+00
 8.40000  4.414045679674919e+00
 8.40500  4.414046067577622e+00
 8.41000  4.414046451842337e+00
 8.41500  4.414046832503187e+00
 8.42000  4.414047209593969e+00
 8.42500  4.414047583148165e+00
 8.43000  4.414047953198944e+00
 8.43500  4.414048319779163e+00
 8.44000  4.414048682921370e+00
 8.44500  4.414049042657809e+00
 8.45000  4.414049399020421e+00
 8.45500  4.414049752040849e+00
 8.46000  4.414050101750437e+00
 8.46500  4.414050448180235e+00
 8.47000  4.414050791361003e+00
 8.47500  4.414051131323214e+00
 8.48000  4.414051468097052e+00
 8.48500  4.414051801712419e+00
 8.49000  4.414052132198938e+00
 8.49500  4.414052459585953e+00
 8.50000  4.414052783902532e+00
 8.50500  4.414053105177473e+00
 8.51000  4.414053423439300e+00
 8.51500  4.414053738716274e+00
 8.52000  4.414054051036387e+00
 8.52500  4.414054360427371e+00
 8.53000  4.414054666916697e+00
 8.53500  4.414054970531577e+00
 8.54000  4.414055271298972e+00
 8.54500  4.414055569245585e+00
 8.55000  4.414055864397872e+00
 8.55500  4.414056156782039e+00
 8.56000  4.414056446424048e+00
 8.56500  4.414056733349617e+00
 8.57000  4.414057017584221e+00
 8.57500  4.414057299153098e+00
 8.58000  4.414057578081247e+00
 8.58500  4.414057854393438e+00
 8.59000  4.414058128114203e+00
 8.59500  4.414058399267845e+00
 8.60000  4.414058667878440e+00
 8.60500  4.414058933969841e+00
 8.61000  4.414059197565671e+00
 8.61500  4.414059458689338e+00
 8.62000  4.414059717364025e+00
 8.62500  4.414059973612701e+00
 8.63000  4.414060227458118e+00
 8.63500  4.414060478922815e+00
 8.64000  4.414060728029122e+00
 8.64500  4.414060974799155e+00
 8.65000  4.414061219254826e+00
 8.65500  4.414061461417840e+00
 8.66000  4.414061701309699e+00
 8.66500  4.414061938951704e+00
 8.67000  4.414062174364953e+00
 8.67500  4.414062407570352e+00
 8.68000  4.414062638588605e+00
 8.68500  4.414062867440227e+00
 8.69000  4.414063094145535e+00
 8.69500  4.414063318724659e+00
 8.70000  4.414063541197541e+00
 8.70500  4.414063761583933e+00
 8.71000  4.414063979903406e+00
 8.71500  4.414064196175342e+00
 8.72000  4.414064410418945e+00
 8.72500  4.414064622653237e+00
 8.73000  4.414064832897065e+00
 8.73500  4.414065041169095e+00
 8.74000  4.414065247487819e+00
 8.74500  4.414065451871558e+00
 8.75000  4.414065654338458e+00
 8.75500  4.414065854906497e+00
 8.76000  4.414066053593484e+00
 8.76500  4.414066250417061e+00
 8.77000  4.414066445394702e+00
 8.77500  4.414066638543723e+00
 8.78000  4.414066829881270e+00
 8.78500  4.414067019424333e+00
 8.79000  4.414067207189744e+00
 8.79500  4.414067393194173e+00
 8.80000  4.414067577454135e+00
 8.80500  4.414067759985993e+00
 8.81000  4.414067940805952e+00
 8.81500  4.414068119930068e+00
 8.82000  4.414068297374246e+00
 8.82500  4.414068473154241e+00
 8.83000  4.414068647285661e+00
 8.83500  4.414068819783968e+00
 8.84000  4.414068990664477e+00
 8.84500  4.414069159942361e+00
 8.85000  4.414069327632650e+00
 8.85500  4.414069493750235e+00
 8.86000  4.414069658309865e+00
 8.86500  4.414069821326151e+00
 8.87000  4.414069982813568e+00
 8.87500  4.414070142786453e+00
 8.88000  4.414070301259014e+00
 8.88500  4.414070458245318e+00
 8.89000  4.414070613759305e+00
 8.89500  4.414070767814786e+00
 8.90000  4.414070920425436e+00
 8.90500  4.414071071604807e+00
 8.91000  4.414071221366323e+00
 8.91500  4.414071369723282e+00
 8.92000  4.414071516688854e+00
 8.92500  4.414071662276092e+00
 8.93000  4.414071806497921e+00
 8.93500  4.414071949367146e+00
 8.94000  4.414072090896453e+00
 8.94500  4.414072231098409e+00
 8.95000  4.414072369985462e+00
 8.95500  4.414072507569945e+00
 8.96000  4.414072643864074e+00
 8.96500  4.414072778879950e+00
 8.97000  4.414072912629562e+00
 8.97500  4.414073045124786e+00
 8.98000  4.414073176377386e+00
 8.98500  4.414073306399015e+00
 8.99000  4.414073435201220e+00
 8.99500  4.414073562795436e+00
 9.00000  4.414073689192993e+00
 9.00500  4.414073814405113e+00
 9.01000  4.414073938442916e+00
 9.01500  4.414074061317413e+00
 9.02000  4.414074183039514e+00
 9.02500  4.414074303620029e+00
 9.03000  4.414074423069664e+00
 9.03500  4.414074541399023e+00
 9.04000  4.414074658618616e+00
 9.04500  4.414074774738848e+00
 9.05000  4.414074889770031e+00
 9.05500  4.414075003722380e+00
 9.06000  4.414075116606011e+00
 9.06500  4.414075228430947e+00
 9.07000  4.414075339207118e+00
 9.07500  4.414075448944360e+00
 9.08000  4.414075557652416e+00
 9.08500  4.414075665340939e+00
 9.09000  4.414075772019491e+00
 9.09500  4.414075877697544e+00
 9.10000  4.414075982384480e+00
 9.10500  4.414076086089596e+00
 9.11000  4.414076188822100e+00
 9.11500  4.414076290591113e+00
 9.12000  4.414076391405671e+00
 9.12500  4.414076491274726e+00
 9.13000  4.414076590207146e+00
 9.13500  4.414076688211715e+00
 9.14000  4.414076785297135e+00
 9.14500  4.414076881472024e+00
 9.15000  4.414076976744925e+00
 9.15500  4.414077071124296e+00
 9.16000  4.414077164618518e+00
 9.16500  4.414077257235891e+00
 9.17000  4.414077348984640e+00
 9.17500  4.414077439872909e+00
 9.18000  4.414077529908772e+00
 9.18500  4.414077619100220e+00
 9.19000  4.414077707455174e+00
 9.19500  4.414077794981480e+00
 9.20000  4.414077881686906e+00
 9.20500  4.414077967579155e+00
 9.21000  4.414078052665852e+00
 9.21500  4.414078136954552e+00
 9.22000  4.414078220452738e+00
 9.22500  4.414078303167824e+00
 9.23000  4.414078385107157e+00
 9.23500  4.414078466278009e+00
 9.24000  4.414078546687589e+00
 9.24500  4.414078626343038e+00
 9.25000  4.414078705251427e+00
 9.25500  4.414078783419762e+00
 9.26000  4.414078860854985e+00
 9.26500  4.414078937563970e+00
 9.27000  4.414079013553530e+00
 9.27500  4.414079088830412e+00
 9.28000  4.414079163401298e+00
 9.28500  4.414079237272811e+00
 9.29000  4.414079310451511e+00
 9.29500  4.414079382943893e+00
 9.30000  4.414079454756395e+00
 9.30500  4.414079525895394e+00
 9.31000  4.414079596367206e+00
 9.31500  4.414079666178088e+00
 9.32000  4.414079735334239e+00
 9.32500  4.414079803841800e+00
 9.33000  4.414079871706853e+00
 9.33500  4.414079938935424e+00
 9.34000  4.414080005533482e+00
 9.34500  4.414080071506942e+00
 9.35000  4.414080136861660e+00
 9.35500  4.414080201603439e+00
 9.36000  4.414080265738029e+00
 9.36500  4.414080329271123e+00
 9.37000  4.414080392208364e+00
 9.37500  4.414080454555338e+00
 9.38000  4.414080516317584e+00
 9.38500  4.414080577500582e+00
 9.39000  4.414080638109768e+00
 9.39500  4.414080698150522e+00
 9.40000  4.414080757628175e+00
 9.40500  4.414080816548008e+00
 9.41000  4.414080874915254e+00
 9.41500  4.414080932735095e+00
 9.42000  4.414080990012663e+00
 9.42500  4.414081046753046e+00
 9.43000  4.414081102961282e+00
 9.43500  4.414081158642360e+00
 9.44000  4.414081213801226e+00
 9.44500  4.414081268442777e+00
 9.45000  4.414081322571863e+00
 9.45500  4.414081376193294e+00
 9.46000  4.414081429311827e+00
 9.46500  4.414081481932181e+00
 9.47000  4.414081534059027e+00
 9.47500  4.414081585696995e+00
 9.48000  4.414081636850668e+00
 9.48500  4.414081687524590e+00
 9.49000  4.414081737723259e+00
 9.49500  4.414081787451133e+00
 9.50000  4.414081836712627e+00
 9.50500  4.414081885512115e+00
 9.51000  4.414081933853930e+00
 9.51500  4.414081981742364e+00
 9.52000  4.414082029181669e+00
 9.52500  4.414082076176059e+00
 9.53000  4.414082122729705e+00
 9.53500  4.414082168846742e+00
 9.54000  4.414082214531263e+00
 9.54500  4.414082259787325e+00
 9.55000  4.414082304618946e+00
 9.55500  4.414082349030108e+00
 9.56000  4.414082393024754e+00
 9.56500  4.414082436606789e+00
 9.57000  4.414082479780085e+00
 9.57500  4.414082522548473e+00
 9.58000  4.414082564915752e+00
 9.58500  4.414082606885684e+00
 9.59000  4.414082648461993e+00
 9.59500  4.414082689648374e+00
 9.60000  4.414082730448484e+00
 9.60500  4.414082770865942e+00
 9.61000  4.414082810904341e+00
 9.61500  4.414082850567233e+00
 9.62000  4.414082889858141e+00
 9.62500  4.414082928780554e+00
 9.63000  4.414082967337927e+00
 9.63500  4.414083005533685e+00
 9.64000  4.414083043371218e+00
 9.64500  4.414083080853887e+00
 9.65000  4.414083117985019e+00
 9.65500  4.414083154767911e+00
 9.66000  4.414083191205830e+00
 9.66500  4.414083227302010e+00
 9.67000  4.414083263059657e+00
 9.67500  4.414083298481946e+00
 9.68000  4.414083333572022e+00
 9.68500  4.414083368333001e+00
 9.69000  4.414083402767969e+00
 9.69500  4.414083436879984e+00
 9.70000  4.414083470672074e+00
 9.70500  4.414083504147240e+00
 9.71000  4.414083537308454e+00
 9.71500  4.414083570158661e+00
 9.72000  4.414083602700779e+00
 9.72500  4.414083634937694e+00
 9.73000  4.414083666872273e+00
 9.73500  4.414083698507347e+00
 9.74000  4.414083729845727e+00
 9.74500  4.414083760890196e+00
 9.75000  4.414083791643511e+00
 9.75500  4.414083822108400e+00
 9.76000  4.414083852287570e+00
 9.76500  4.414083882183700e+00
 9.77000  4.414083911799445e+00
 9.77500  4.414083941137435e+00
 9.78000  4.414083970200275e+00
 9.78500  4.414083998990544e+00
 9.79000  4.414084027510800e+00
 9.79500  4.414084055763573e+00
 9.80000  4.414084083751375e+00
 9.80500  4.414084111476689e+00
 9.81000  4.414084138941977e+00
 9.81500  4.414084166149678e+00
 9.82000  4.414084193102208e+00
 9.82500  4.414084219801959e+00
 9.83000  4.414084246251303e+00
 9.83500  4.414084272452587e+00
 9.84000  4.414084298408140e+00
 9.84500  4.414084324120264e+00
 9.85000  4.414084349591244e+00
 9.85500  4.414084374823339e+00
 9.86000  4.414084399818793e+00
 9.86500  4.414084424579824e+00
 9.87000  4.414084449108628e+00
 9.87500  4.414084473407387e+00
 9.88000  4.414084497478256e+00
 9.88500  4.414084521323372e+00
 9.89000  4.414084544944854e+00
 9.89500  4.414084568344798e+00
 9.90000  4.414084591525282e+00
 9.90500  4.414084614488366e+00
 9.91000  4.414084637236086e+00
 9.91500  4.414084659770463e+00
 9.92000  4.414084682093499e+00
 9.92500  4.414084704207175e+00
 9.93000  4.414084726113455e+00
 9.93500  4.414084747814282e+00
 9.94000  4.414084769311587e+00
 9.94500  4.414084790607275e+00
 9.95000  4.414084811703240e+00
 9.95500  4.414084832601351e+00
 9.96000  4.414084853303468e+00
 9.96500  4.414084873811426e+00
 9.97000  4.414084894127048e+00
 9.97500  4.414084914252136e+00
 9.98000  4.414084934188478e+00
 9.98500  4.414084953937845e+00
 9.99000  4.414084973501989e+00
 9.99500  4.414084992882648e+00
10.00000  4.414085012081543e+00
