 0.00000  6.111905206030813e+03
 0.00500  5.939035036891540e+03
 0.01000  5.766164867752265e+03
 0.01500  5.598230037185593e+03
 0.02000  5.435091198098877e+03
 0.02500  5.276612916425616e+03
 0.03000  5.122663561540529e+03
 0.03500  4.973115199739494e+03
 0.04000  4.827843490698539e+03
 0.04500  4.686727586828773e+03
 0.05000  4.549650035446171e+03
 0.05500  4.416496683677681e+03
 0.06000  4.287156586027049e+03
 0.06500  4.161521914526142e+03
 0.07000  4.039487871399376e+03
 0.07500  3.920952604171165e+03
 0.08000  3.805817123147925e+03
 0.08500  3.693985221208438e+03
 0.09000  3.585363395837908e+03
 0.09500  3.479860773343129e+03
 0.10000  3.377389035187647e+03
 0.10500  3.277862346387832e+03
 0.11000  3.181197285912081e+03
 0.11500  3.087312779027300e+03
 0.12000  2.996130031538135e+03
 0.12500  2.907572465866097e+03
 0.13000  2.821565658917139e+03
 0.13500  2.738037281687662e+03
 0.14000  2.656917040560399e+03
 0.14500  2.578136620242895e+03
 0.15000  2.501629628302703e+03
 0.15500  2.427331541254608e+03
 0.16000  2.355179652156552e+03
 0.16500  2.285113019672024e+03
 0.17000  2.217072418557970e+03
 0.17500  2.151000291538312e+03
 0.18000  2.086840702524407e+03
 0.18500  2.024539291144712e+03
 0.19000  1.964043228547127e+03
 0.19500  1.905301174438360e+03
 0.20000  1.848263235325804e+03
 0.20500  1.792880923928224e+03
 0.21000  1.739107119722657e+03
 0.21500  1.686896030595672e+03
 0.22000  1.636203155568186e+03
 0.22500  1.586985248563770e+03
 0.23000  1.539200283191276e+03
 0.23500  1.492807418513444e+03
 0.24000  1.447766965773882e+03
 0.24500  1.404040356055664e+03
 0.25000  1.361590108845442e+03
 0.25500  1.320379801477803e+03
 0.26000  1.280374039435209e+03
 0.26500  1.241538427479634e+03
 0.27000  1.203839541592602e+03
 0.27500  1.167244901701045e+03
 0.28000  1.131722945166991e+03
 0.28500  1.097243001019724e+03
 0.29000  1.063775264909643e+03
 0.29500  1.031290774763653e+03
 0.30000  9.997613871224420e+02
 0.30500  9.691597541405953e+02
 0.31000  9.394593012309874e+02
 0.31500  9.106342053354510e+02
 0.32000  8.826593738041792e+02
 0.32500  8.555104238668646e+02
 0.33000  8.291636626789914e+02
 0.33500  8.035960679272197e+02
 0.34000  7.787852689781939e+02
 0.34500  7.547095285556054e+02
 0.35000  7.313477249306952e+02
 0.35500  7.086793346118689e+02
 0.36000  6.866844155194279e+02
 0.36500  6.653435906318693e+02
 0.37000  6.446380320905487e+02
 0.37500  6.245494457498799e+02
 0.38000  6.050600561606168e+02
 0.38500  5.861525919740842e+02
 0.39000  5.678102717555969e+02
 0.39500  5.500167901955978e+02
 0.40000  5.327563047074051e+02
 0.40500  5.160134224007326e+02
 0.41000  4.997731874204837e+02
 0.41500  4.840210686405813e+02
 0.42000  4.687429477029118e+02
 0.42500  4.539251073917133e+02
 0.43000  4.395542203340306e+02
 0.43500  4.256173380170973e+02
 0.44000  4.121018801137922e+02
 0.44500  3.989956241075289e+02
 0.45000  3.862866952082124e+02
 0.45500  3.739635565511031e+02
 0.46000  3.620149996706806e+02
 0.46500  3.504301352417978e+02
 0.47000  3.391983840806521e+02
 0.47500  3.283094683982928e+02
 0.48000  3.177534032996023e+02
 0.48500  3.075204885208680e+02
 0.49000  2.976013003992780e+02
 0.49500  2.879866840678347e+02
 0.50000  2.786677458693829e+02
 0.50500  2.696358459836121e+02
 0.51000  2.608825912610726e+02
 0.51500  2.523998282584065e+02
 0.52000  2.441796364691589e+02
 0.52500  2.362143217446919e+02
 0.53000  2.284964098998790e+02
 0.53500  2.210186404984021e+02
 0.54000  2.137739608126224e+02
 0.54500  2.067555199531356e+02
 0.55000  1.999566631632559e+02
 0.55500  1.933709262738137e+02
 0.56000  1.869920303137695e+02
 0.56500  1.808138762722853e+02
 0.57000  1.748305400080060e+02
 0.57500  1.690362673014282e+02
 0.58000  1.634254690463473e+02
 0.58500  1.579927165764846e+02
 0.59000  1.527327371235094e+02
 0.59500  1.476404094027714e+02
 0.60000  1.427107593231647e+02
 0.60500  1.379389558176471e+02
 0.61000  1.333203067910303e+02
 0.61500  1.288502551817560e+02
 0.62000  1.245243751344619e+02
 0.62500  1.203383682802331e+02
 0.63000  1.162880601215193e+02
 0.63500  1.123693965187845e+02
 0.64000  1.085784402760362e+02
 0.64500  1.049113678224635e+02
 0.65000  1.013644659874868e+02
 0.65500  9.793412886660288e+01
 0.66000  9.461685477547695e+01
 0.66500  9.140924328980830e+01
 0.67000  8.830799236856355e+01
 0.67500  8.530989555823959e+01
 0.68000  8.241183927588347e+01
 0.68500  7.961080016866002e+01
 0.69000  7.690384254782016e+01
 0.69500  7.428811589498245e+01
 0.70000  7.176085243869957e+01
 0.70500  6.931936479933734e+01
 0.71000  6.696104370034969e+01
 0.71500  6.468335574408691e+01
 0.72000  6.248384125032541e+01
 0.72500  6.036011215575957e+01
 0.73000  5.830984997274409e+01
 0.73500  5.633080380562440e+01
 0.74000  5.442078842303809e+01
 0.74500  5.257768238461647e+01
 0.75000  5.079942622055886e+01
 0.75500  4.908402066259540e+01
 0.76000  4.742952492489499e+01
 0.76500  4.583405503351657e+01
 0.77000  4.429578220303968e+01
 0.77500  4.281293125905020e+01
 0.78000  4.138377910519252e+01
 0.78500  4.000665323353670e+01
 0.79000  3.867993027704394e+01
 0.79500  3.740203460294723e+01
 0.80000  3.617143694589806e+01
 0.80500  3.498665307976145e+01
 0.81000  3.384624252697347e+01
 0.81500  3.274880730440552e+01
 0.82000  3.169299070470925e+01
 0.82500  3.067747611214484e+01
 0.83000  2.970098585192342e+01
 0.83500  2.876228007212098e+01
 0.84000  2.786015565724848e+01
 0.84500  2.699344517258767e+01
 0.85000  2.616101583842757e+01
 0.85500  2.536176853336048e+01
 0.86000  2.459463682582037e+01
 0.86500  2.385858603306899e+01
 0.87000  2.315261230685759e+01
 0.87500  2.247574174501363e+01
 0.88000  2.182702952822296e+01
 0.88500  2.120555908129850e+01
 0.89000  2.061044125824605e+01
 0.89500  2.004081355045759e+01
 0.90000  1.949583931738069e+01
 0.90500  1.897470703903155e+01
 0.91000  1.847662958973626e+01
 0.91500  1.800084353250269e+01
 0.92000  1.754660843344185e+01
 0.92500  1.711320619567380e+01
 0.93000  1.595605199690022e+01
 0.93500  1.532249455073732e+01
 0.94000  1.484247438071918e+01
 0.94500  1.444350371129766e+01
 0.95000  1.409834536334277e+01
 0.95500  1.379304545261252e+01
 0.96000  1.351923464837447e+01
 0.96500  1.327137586693867e+01
 0.97000  1.304554976979796e+01
 0.97500  1.283884111329063e+01
 0.98000  1.264899754611693e+01
 0.98500  1.247422579332630e+01
 0.99000  1.231306290719077e+01
 0.99500  1.216429119578082e+01
 1.00000  1.202687989938020e+01
 1.00500  1.189994394135212e+01
 1.01000  1.178271397919873e+01
 1.01500  1.167451415816338e+01
 1.02000  1.157474525457904e+01
 1.02500  1.148287168050676e+01
 1.03000  1.139841130811139e+01
 1.03500  1.132092738768278e+01
 1.04000  1.125002205481321e+01
 1.04500  1.118533104622689e+01
 1.05000  1.112651936749769e+01
 1.05500  1.107327768832830e+01
 1.06000  1.102531933761188e+01
 1.06500  1.098237777312449e+01
 1.07000  1.094420441577573e+01
 1.07500  1.091056682476108e+01
 1.08000  1.088124708462295e+01
 1.08500  1.085604045190599e+01
 1.09000  1.083475418239613e+01
 1.09500  1.081720692118166e+01
 1.10000  1.080322497881339e+01
 1.10500  1.079264457796004e+01
 1.11000  1.078531666631577e+01
 1.11500  1.078109621764477e+01
 1.12000  1.077984071819114e+01
 1.12500  1.078141365758314e+01
 1.13000  1.078569264379784e+01
 1.13500  1.079256017907255e+01
 1.14000  1.080190127388883e+01
 1.14500  1.081360379941596e+01
 1.15000  1.082756290589781e+01
 1.15500  1.084367987920280e+01
 1.16000  1.086185912075650e+01
 1.16500  1.088200854977093e+01
 1.17000  1.090404035766291e+01
 1.17500  1.092787025681832e+01
 1.18000  1.095341736668387e+01
 1.18500  1.098060406872558e+01
 1.19000  1.100935582370927e+01
 1.19500  1.103960102524556e+01
 1.20000  1.107127085651116e+01
 1.20500  1.110429915767291e+01
 1.21000  1.113862230161630e+01
 1.21500  1.117417907944382e+01
 1.22000  1.121091059048684e+01
 1.22500  1.124876013917515e+01
 1.23000  1.128767314216775e+01
 1.23500  1.132759703330854e+01
 1.24000  1.136848118280396e+01
 1.24500  1.141027681315660e+01
 1.25000  1.145293692450657e+01
 1.25500  1.149641622329621e+01
 1.26000  1.154067105212437e+01
 1.26500  1.158565932614050e+01
 1.27000  1.163134047177290e+01
 1.27500  1.167767536804287e+01
 1.28000  1.172462629096325e+01
 1.28500  1.177215686075002e+01
 1.29000  1.182023199165494e+01
 1.29500  1.186881784399052e+01
 1.30000  1.191788177836618e+01
 1.30500  1.196739231201543e+01
 1.31000  1.201731907708043e+01
 1.31500  1.206763278073605e+01
 1.32000  1.211830516704686e+01
 1.32500  1.216930898045959e+01
 1.33000  1.222061793083766e+01
 1.33500  1.227220665991841e+01
 1.34000  1.232405070917637e+01
 1.34500  1.237612648902701e+01
 1.35000  1.242841124925621e+01
 1.35500  1.248088305062579e+01
 1.36000  1.253352073757907e+01
 1.36500  1.258630391187881e+01
 1.37000  1.263921290743929e+01
 1.37500  1.269222876615333e+01
 1.38000  1.274533321453810e+01
 1.38500  1.279850864107270e+01
 1.39000  1.285173807460155e+01
 1.39500  1.290500516361853e+01
 1.40000  1.295829415605472e+01
 1.40500  1.301158987973791e+01
 1.41000  1.306487772393126e+01
 1.41500  1.311814362124344e+01
 1.42000  1.317137403001899e+01
 1.42500  1.322455591777502e+01
 1.43000  1.327767674491136e+01
 1.43500  1.333072444887926e+01
 1.44000  1.338368742928069e+01
 1.44500  1.343655453309008e+01
 1.45000  1.348931504048740e+01
 1.45500  1.354195865135583e+01
 1.46000  1.359447547185404e+01
 1.46500  1.364685600177436e+01
 1.47000  1.369909112216234e+01
 1.47500  1.375117208324406e+01
 1.48000  1.380309049301463e+01
 1.48500  1.385483830587362e+01
 1.49000  1.390640781186830e+01
 1.49500  1.395779162618529e+01
 1.50000  1.400898267890292e+01
 1.50500  1.405997420525836e+01
 1.51000  1.411075973598256e+01
 1.51500  1.416133308814245e+01
 1.52000  1.421168835614997e+01
 1.52500  1.426181990305686e+01
 1.53000  1.431172235220628e+01
 1.53500  1.436139057899449e+01
 1.54000  1.441081970303910e+01
 1.54500  1.446000508046976e+01
 1.55000  1.450894229650353e+01
 1.55500  1.455762715826385e+01
 1.56000  1.460605568774522e+01
 1.56500  1.465422411508263e+01
 1.57000  1.470212887194213e+01
 1.57500  1.474976658515410e+01
 1.58000  1.479713407053549e+01
 1.58500  1.484422832686183e+01
 1.59000  1.489104653006792e+01
 1.59500  1.493758602757838e+01
 1.60000  1.498384433282598e+01
 1.60500  1.502981911993549e+01
 1.61000  1.507550821854557e+01
 1.61500  1.512090960880352e+01
 1.62000  1.516602141649467e+01
 1.62500  1.521084190831662e+01
 1.63000  1.525536948729542e+01
 1.63500  1.529960268833186e+01
 1.64000  1.534354017388074e+01
 1.64500  1.538718072975201e+01
 1.65000  1.543052326104013e+01
 1.65500  1.547356678816832e+01
 1.66000  1.551631044304346e+01
 1.66500  1.555875346533396e+01
 1.67000  1.560089519884729e+01
 1.67500  1.564273508800857e+01
 1.68000  1.568427267445433e+01
 1.68500  1.572550759371767e+01
 1.69000  1.576643957200185e+01
 1.69500  1.580706842305956e+01
 1.70000  1.584739404516339e+01
 1.70500  1.588741641814956e+01
 1.71000  1.592713560055547e+01
 1.71500  1.596655172684946e+01
 1.72000  1.600566500472832e+01
 1.72500  1.604447571249142e+01
 1.73000  1.608298419649763e+01
 1.73500  1.612119086870191e+01
 1.74000  1.615909620425059e+01
 1.74500  1.619670073914833e+01
 1.75000  1.623400506799647e+01
 1.75500  1.627100984180185e+01
 1.76000  1.630771576584309e+01
 1.76500  1.634412359759535e+01
 1.77000  1.638023414472002e+01
 1.77500  1.641604826311325e+01
 1.78000  1.645156685501446e+01
 1.78500  1.648679086716550e+01
 1.79000  1.652172128902177e+01
 1.79500  1.655635915101874e+01
 1.80000  1.659070552288910e+01
 1.80500  1.662476151202949e+01
 1.81000  1.665852826191619e+01
 1.81500  1.669200695056630e+01
 1.82000  1.672519878904262e+01
 1.82500  1.675810502000400e+01
 1.83000  1.679072691629897e+01
 1.83500  1.682306577960102e+01
 1.84000  1.685512293908424e+01
 1.84500  1.688689975013857e+01
 1.85000  1.691839759312326e+01
 1.85500  1.694961787215726e+01
 1.86000  1.698056201393869e+01
 1.86500  1.701123146644646e+01
 1.87000  1.704162769497738e+01
 1.87500  1.707179948414415e+01
 1.88000  1.710184774400574e+01
 1.88500  1.713176974666111e+01
 1.89000  1.716156539350094e+01
 1.89500  1.719123459868528e+01
 1.90000  1.722077728890129e+01
 1.90500  1.725019340312450e+01
 1.91000  1.727948289238387e+01
 1.91500  1.730864571953024e+01
 1.92000  1.733768185900839e+01
 1.92500  1.736659129663257e+01
 1.93000  1.739537402936535e+01
 1.93500  1.742403006509996e+01
 1.94000  1.745255942244582e+01
 1.94500  1.748096213051748e+01
 1.95000  1.750923822872669e+01
 1.95500  1.753738776657765e+01
 1.96000  1.756541080346548e+01
 1.96500  1.759330740847767e+01
 1.97000  1.762107766019870e+01
 1.97500  1.764872164651753e+01
 1.98000  1.767623946443823e+01
 1.98500  1.770363121989331e+01
 1.99000  1.773089702756018e+01
 1.99500  1.775803701068020e+01
 2.00000  1.778505130088076e+01
 2.00500  1.781194003799996e+01
 2.01000  1.783870336991408e+01
 2.01500  1.786534145236771e+01
 2.02000  1.789185444880658e+01
 2.02500  1.791824253021291e+01
 2.03000  1.794450587494341e+01
 2.03500  1.797064466856978e+01
 2.04000  1.799665910372169e+01
 2.04500  1.802254937993229e+01
 2.05000  1.804831570348608e+01
 2.05500  1.807395828726919e+01
 2.06000  1.809947735062207e+01
 2.06500  1.812487311919445e+01
 2.07000  1.815014582480262e+01
 2.07500  1.817529570528895e+01
 2.08000  1.820032300438369e+01
 2.08500  1.822522797156890e+01
 2.09000  1.825001086194458e+01
 2.09500  1.827467193609698e+01
 2.10000  1.829921145996891e+01
 2.10500  1.832362970473222e+01
 2.11000  1.834792694666231e+01
 2.11500  1.837210346701459e+01
 2.12000  1.839615955190298e+01
 2.12500  1.842009549218042e+01
 2.13000  1.844391158332119e+01
 2.13500  1.846760812530524e+01
 2.14000  1.849118542250430e+01
 2.14500  1.851464378356996e+01
 2.15000  1.853798352132348e+01
 2.15500  1.856120495264738e+01
 2.16000  1.858430839837890e+01
 2.16500  1.860729418320512e+01
 2.17000  1.863016263555983e+01
 2.17500  1.865291408752207e+01
 2.18000  1.867554887471642e+01
 2.18500  1.869806733621481e+01
 2.19000  1.872046981444007e+01
 2.19500  1.874275665507101e+01
 2.20000  1.876492820694909e+01
 2.20500  1.878698482198668e+01
 2.21000  1.880892685507679e+01
 2.21500  1.883075466400436e+01
 2.22000  1.885246860935901e+01
 2.22500  1.887406905444926e+01
 2.23000  1.889555636521818e+01
 2.23500  1.891693091016054e+01
 2.24000  1.893819306024122e+01
 2.24500  1.895934318881512e+01
 2.25000  1.898038167154842e+01
 2.25500  1.900130888634111e+01
 2.26000  1.902212521325093e+01
 2.26500  1.904283103441852e+01
 2.27000  1.906342673399398e+01
 2.27500  1.908391269806453e+01
 2.28000  1.910428931458358e+01
 2.28500  1.912455697330094e+01
 2.29000  1.914471606569421e+01
 2.29500  1.916476698490146e+01
 2.30000  1.918471012565502e+01
 2.30500  1.920454588421642e+01
 2.31000  1.922427465831250e+01
 2.31500  1.924389684707264e+01
 2.32000  1.926341285096711e+01
 2.32500  1.928282307174646e+01
 2.33000  1.930212791238199e+01
 2.33500  1.932132777700740e+01
 2.34000  1.934042307086129e+01
 2.34500  1.935941420023085e+01
 2.35000  1.937830157239646e+01
 2.35500  1.939708559557736e+01
 2.36000  1.941576667887821e+01
 2.36500  1.943434523223675e+01
 2.37000  1.945282166637230e+01
 2.37500  1.947119639273522e+01
 2.38000  1.948946982345736e+01
 2.38500  1.950764237130333e+01
 2.39000  1.952571444962274e+01
 2.39500  1.954368647230329e+01
 2.40000  1.956155885372471e+01
 2.40500  1.957933200871366e+01
 2.41000  1.959700635249932e+01
 2.41500  1.961458230066992e+01
 2.42000  1.963206026913006e+01
 2.42500  1.964944067405888e+01
 2.43000  1.966672393186891e+01
 2.43500  1.968391045916585e+01
 2.44000  1.970100067270898e+01
 2.44500  1.971799498937247e+01
 2.45000  1.973489382610732e+01
 2.45500  1.975169759990407e+01
 2.46000  1.976840672775631e+01
 2.46500  1.978502162662479e+01
 2.47000  1.980154271340231e+01
 2.47500  1.981797040487925e+01
 2.48000  1.983430511770986e+01
 2.48500  1.985054726837914e+01
 2.49000  1.986669727317042e+01
 2.49500  1.988275554813359e+01
 2.50000  1.989872250905397e+01
 2.50500  1.991459857142180e+01
 2.51000  1.993038415040236e+01
 2.51500  1.994607966080673e+01
 2.52000  1.996168551706309e+01
 2.52500  1.997720213318865e+01
 2.53000  1.999262992276219e+01
 2.53500  2.000796929889715e+01
 2.54000  2.002322067421523e+01
 2.54500  2.003838446082067e+01
 2.55000  2.005346107027496e+01
 2.55500  2.006845091357218e+01
 2.56000  2.008335440111478e+01
 2.56500  2.009817194268998e+01
 2.57000  2.011290394744664e+01
 2.57500  2.012755082387262e+01
 2.58000  2.014211297977264e+01
 2.58500  2.015659082224667e+01
 2.59000  2.017098475766880e+01
 2.59500  2.018529519166653e+01
 2.60000  2.019952252910056e+01
 2.60500  2.021366717404511e+01
 2.61000  2.022772952976854e+01
 2.61500  2.024170999871458e+01
 2.62000  2.025560898248388e+01
 2.62500  2.026942688181606e+01
 2.63000  2.028316409657215e+01
 2.63500  2.029682102571747e+01
 2.64000  2.031039806730489e+01
 2.64500  2.032389561845858e+01
 2.65000  2.033731407535798e+01
 2.65500  2.035065383322244e+01
 2.66000  2.036391528629593e+01
 2.66500  2.037709882783238e+01
 2.67000  2.039020485008124e+01
 2.67500  2.040323374427352e+01
 2.68000  2.041618590060811e+01
 2.68500  2.042906170823847e+01
 2.69000  2.044186155525968e+01
 2.69500  2.045458582869587e+01
 2.70000  2.046723491448792e+01
 2.70500  2.047980919748155e+01
 2.71000  2.049230906141570e+01
 2.71500  2.050473488891123e+01
 2.72000  2.051708706146001e+01
 2.72500  2.052936595941419e+01
 2.73000  2.054157196197590e+01
 2.73500  2.055370544718718e+01
 2.74000  2.056576679192025e+01
 2.74500  2.057775637186802e+01
 2.75000  2.058967456153492e+01
 2.75500  2.060152173422803e+01
 2.76000  2.061329826204841e+01
 2.76500  2.062500451588285e+01
 2.77000  2.063664086539566e+01
 2.77500  2.064820767902097e+01
 2.78000  2.065970532395510e+01
 2.78500  2.067113416614932e+01
 2.79000  2.068249457030272e+01
 2.79500  2.069378689985547e+01
 2.80000  2.070501151698222e+01
 2.80500  2.071616878258576e+01
 2.81000  2.072725905629098e+01
 2.81500  2.073828269643890e+01
 2.82000  2.074924006008113e+01
 2.82500  2.076013150297440e+01
 2.83000  2.077095737957535e+01
 2.83500  2.078171804303555e+01
 2.84000  2.079241384519669e+01
 2.84500  2.080304513658609e+01
 2.85000  2.081361226641220e+01
 2.85500  2.082411558256053e+01
 2.86000  2.083455543158960e+01
 2.86500  2.084493215872719e+01
 2.87000  2.085524610786674e+01
 2.87500  2.086549762156391e+01
 2.88000  2.087568704103336e+01
 2.88500  2.088581470614570e+01
 2.89000  2.089588095542460e+01
 2.89500  2.090588612604408e+01
 2.90000  2.091583055382598e+01
 2.90500  2.092571457323758e+01
 2.91000  2.093553851738939e+01
 2.91500  2.094530271803307e+01
 2.92000  2.095500750555961e+01
 2.92500  2.096465320899749e+01
 2.93000  2.097424015601118e+01
 2.93500  2.098376867289961e+01
 2.94000  2.099323908459498e+01
 2.94500  2.100265171466150e+01
 2.95000  2.101200688529442e+01
 2.95500  2.102130491731918e+01
 2.96000  2.103054613019061e+01
 2.96500  2.103973084199238e+01
 2.97000  2.104885936943648e+01
 2.97500  2.105793202786286e+01
 2.98000  2.106694913123923e+01
 2.98500  2.107591099216095e+01
 2.99000  2.108481792185100e+01
 2.99500  2.109367023016020e+01
 3.00000  2.110246822556733e+01
 3.00500  2.111121221517960e+01
 3.01000  2.111990250473308e+01
 3.01500  2.112853939859327e+01
 3.02000  2.113712319975575e+01
 3.02500  2.114565420984707e+01
 3.03000  2.115413272912553e+01
 3.03500  2.116255905648223e+01
 3.04000  2.117093348944216e+01
 3.04500  2.117925632416535e+01
 3.05000  2.118752785544818e+01
 3.05500  2.119574837672472e+01
 3.06000  2.120391818006824e+01
 3.06500  2.121203755619269e+01
 3.07000  2.122010679445439e+01
 3.07500  2.122812618285373e+01
 3.08000  2.123609600803697e+01
 3.08500  2.124401655529812e+01
 3.09000  2.125188810858091e+01
 3.09500  2.125971095048084e+01
 3.10000  2.126748536224725e+01
 3.10500  2.127521162378557e+01
 3.11000  2.128289001365956e+01
 3.11500  2.129052080909360e+01
 3.12000  2.129810428597515e+01
 3.12500  2.130564071885721e+01
 3.13000  2.131313038096082e+01
 3.13500  2.132057354417772e+01
 3.14000  2.132797047907295e+01
 3.14500  2.133532145488761e+01
 3.15000  2.134262673954164e+01
 3.15500  2.134988659963669e+01
 3.16000  2.135710130045898e+01
 3.16500  2.136427110598226e+01
 3.17000  2.137139627887089e+01
 3.17500  2.137847708048280e+01
 3.18000  2.138551377087272e+01
 3.18500  2.139250660879525e+01
 3.19000  2.139945585170816e+01
 3.19500  2.140636175577561e+01
 3.20000  2.141322457587148e+01
 3.20500  2.142004456558273e+01
 3.21000  2.142682197721279e+01
 3.21500  2.143355706178503e+01
 3.22000  2.144025006904626e+01
 3.22500  2.144690124747024e+01
 3.23000  2.145351084426124e+01
 3.23500  2.146007910535769e+01
 3.24000  2.146660627543580e+01
 3.24500  2.147309259791327e+01
 3.25000  2.147953831495299e+01
 3.25500  2.148594366746680e+01
 3.26000  2.149230889511931e+01
 3.26500  2.149863423633168e+01
 3.27000  2.150491992828552e+01
 3.27500  2.151116620692673e+01
 3.28000  2.151737330696948e+01
 3.28500  2.152354146190008e+01
 3.29000  2.152967090398102e+01
 3.29500  2.153576186425493e+01
 3.30000  2.154181457254863e+01
 3.30500  2.154782925747717e+01
 3.31000  2.155380614644794e+01
 3.31500  2.155974546566470e+01
 3.32000  2.156564744013181e+01
 3.32500  2.157151229365828e+01
 3.33000  2.157734024886198e+01
 3.33500  2.158313152717385e+01
 3.34000  2.158888634884208e+01
 3.34500  2.159460493293633e+01
 3.35000  2.160028749735203e+01
 3.35500  2.160593425881457e+01
 3.36000  2.161154543288364e+01
 3.36500  2.161712123395753e+01
 3.37000  2.162266187527737e+01
 3.37500  2.162816756893157e+01
 3.38000  2.163363852586005e+01
 3.38500  2.163907495585871e+01
 3.39000  2.164447706758369e+01
 3.39500  2.164984506855583e+01
 3.40000  2.165517916516503e+01
 3.40500  2.166047956267466e+01
 3.41000  2.166574646522598e+01
 3.41500  2.167098007584255e+01
 3.42000  2.167618059643470e+01
 3.42500  2.168134822780393e+01
 3.43000  2.168648316964738e+01
 3.43500  2.169158562056231e+01
 3.44000  2.169665577805054e+01
 3.44500  2.170169383852291e+01
 3.45000  2.170669999730383e+01
 3.45500  2.171167444863564e+01
 3.46000  2.171661738568326e+01
 3.46500  2.172152900053854e+01
 3.47000  2.172640948422484e+01
 3.47500  2.173125902670151e+01
 3.48000  2.173607781686840e+01
 3.48500  2.174086604257036e+01
 3.49000  2.174562389060177e+01
 3.49500  2.175035154671104e+01
 3.50000  2.175504919560510e+01
 3.50500  2.175971702095398e+01
 3.51000  2.176435520539525e+01
 3.51500  2.176896393053860e+01
 3.52000  2.177354337697033e+01
 3.52500  2.177809372425784e+01
 3.53000  2.178261515095420e+01
 3.53500  2.178710783460261e+01
 3.54000  2.179157195174097e+01
 3.54500  2.179600767790633e+01
 3.55000  2.180041518763944e+01
 3.55500  2.180479465448922e+01
 3.56000  2.180914625101732e+01
 3.56500  2.181347014880254e+01
 3.57000  2.181776651844539e+01
 3.57500  2.182203552957256e+01
 3.58000  2.182627735084140e+01
 3.58500  2.183049214994442e+01
 3.59000  2.183468009361373e+01
 3.59500  2.183884134762556e+01
 3.60000  2.184297607680469e+01
 3.60500  2.184708444502894e+01
 3.61000  2.185116661523362e+01
 3.61500  2.185522274941593e+01
 3.62000  2.185925300863951e+01
 3.62500  2.186325755303874e+01
 3.63000  2.186723654182328e+01
 3.63500  2.187119013328245e+01
 3.64000  2.187511848478961e+01
 3.64500  2.187902175280666e+01
 3.65000  2.188290009288832e+01
 3.65500  2.188675365968661e+01
 3.66000  2.189058260695519e+01
 3.66500  2.189438708755375e+01
 3.67000  2.189816725345238e+01
 3.67500  2.190192325573589e+01
 3.68000  2.190565524460819e+01
 3.68500  2.190936336939664e+01
 3.69000  2.191304777855630e+01
 3.69500  2.191670861967437e+01
 3.70000  2.192034603947438e+01
 3.70500  2.192396018382056e+01
 3.71000  2.192755119772209e+01
 3.71500  2.193111922533740e+01
 3.72000  2.193466440997845e+01
 3.72500  2.193818689411490e+01
 3.73000  2.194168681937847e+01
 3.73500  2.194516432656711e+01
 3.74000  2.194861955564922e+01
 3.74500  2.195205264576787e+01
 3.75000  2.195546373524504e+01
 3.75500  2.195885296158569e+01
 3.76000  2.196222046148211e+01
 3.76500  2.196556637081791e+01
 3.77000  2.196889082467228e+01
 3.77500  2.197219395732411e+01
 3.78000  2.197547590225610e+01
 3.78500  2.197873679215887e+01
 3.79000  2.198197675893508e+01
 3.79500  2.198519593370352e+01
 3.80000  2.198839444680317e+01
 3.80500  2.199157242779729e+01
 3.81000  2.199473000547744e+01
 3.81500  2.199786730786755e+01
 3.82000  2.200098446222792e+01
 3.82500  2.200408159505923e+01
 3.83000  2.200715883210659e+01
 3.83500  2.201021629836344e+01
 3.84000  2.201325411807561e+01
 3.84500  2.201627241474519e+01
 3.85000  2.201927131113458e+01
 3.85500  2.202225092927030e+01
 3.86000  2.202521139044702e+01
 3.86500  2.202815281523138e+01
 3.87000  2.203107532346595e+01
 3.87500  2.203397903427303e+01
 3.88000  2.203686406605859e+01
 3.88500  2.203973053651604e+01
 3.89000  2.204257856263013e+01
 3.89500  2.204540826068074e+01
 3.90000  2.204821974624668e+01
 3.90500  2.205101313420949e+01
 3.91000  2.205378853875723e+01
 3.91500  2.205654607338821e+01
 3.92000  2.205928585091477e+01
 3.92500  2.206200798346699e+01
 3.93000  2.206471258249643e+01
 3.93500  2.206739975877981e+01
 3.94000  2.207006962242274e+01
 3.94500  2.207272228286335e+01
 3.95000  2.207535784887596e+01
 3.95500  2.207797642857476e+01
 3.96000  2.208057812941743e+01
 3.96500  2.208316305820871e+01
 3.97000  2.208573132110405e+01
 3.97500  2.208828302361322e+01
 3.98000  2.209081827060380e+01
 3.98500  2.209333716630480e+01
 3.99000  2.209583981431022e+01
 3.99500  2.209832631758252e+01
 4.00000  2.210079677845617e+01
 4.00500  2.210325129864114e+01
 4.01000  2.210568997922639e+01
 4.01500  2.210811292068333e+01
 4.02000  2.211052022286929e+01
 4.02500  2.211291198503092e+01
 4.03000  2.211528830580768e+01
 4.03500  2.211764928323519e+01
 4.04000  2.211999501474866e+01
 4.04500  2.212232559718623e+01
 4.05000  2.212464112679241e+01
 4.05500  2.212694169922134e+01
 4.06000  2.212922740954021e+01
 4.06500  2.213149835223248e+01
 4.07000  2.213375462120132e+01
 4.07500  2.213599630977277e+01
 4.08000  2.213822351069910e+01
 4.08500  2.214043631616201e+01
 4.09000  2.214263481777597e+01
 4.09500  2.214481910659132e+01
 4.10000  2.214698927309763e+01
 4.10500  2.214914540722677e+01
 4.11000  2.215128759835619e+01
 4.11500  2.215341593531206e+01
 4.12000  2.215553050637242e+01
 4.12500  2.215763139927033e+01
 4.13000  2.215971870119700e+01
 4.13500  2.216179249880492e+01
 4.14000  2.216385287821093e+01
 4.14500  2.216589992499931e+01
 4.15000  2.216793372422486e+01
 4.15500  2.216995436041597e+01
 4.16000  2.217196191757762e+01
 4.16500  2.217395647919444e+01
 4.17000  2.217593812823371e+01
 4.17500  2.217790694714835e+01
 4.18000  2.217986301787994e+01
 4.18500  2.218180642186161e+01
 4.19000  2.218373724002108e+01
 4.19500  2.218565555278355e+01
 4.20000  2.218756144007464e+01
 4.20500  2.218945498132328e+01
 4.21000  2.219133625546465e+01
 4.21500  2.219320534094301e+01
 4.22000  2.219506231571462e+01
 4.22500  2.219690725725055e+01
 4.23000  2.219874024253954e+01
 4.23500  2.220056134809083e+01
 4.24000  2.220237064993695e+01
 4.24500  2.220416822363653e+01
 4.25000  2.220595414427711e+01
 4.25500  2.220772848647786e+01
 4.26000  2.220949132439236e+01
 4.26500  2.221124273171133e+01
 4.27000  2.221298278166541e+01
 4.27500  2.221471154702778e+01
 4.28000  2.221642910011693e+01
 4.28500  2.221813551279934e+01
 4.29000  2.221983085649212e+01
 4.29500  2.222151520216570e+01
 4.30000  2.222318862034644e+01
 4.30500  2.222485118111931e+01
 4.31000  2.222650295413047e+01
 4.31500  2.222814400858988e+01
 4.32000  2.222977441327390e+01
 4.32500  2.223139423652787e+01
 4.33000  2.223300354626866e+01
 4.33500  2.223460240998722e+01
 4.34000  2.223619089475114e+01
 4.34500  2.223776906720714e+01
 4.35000  2.223933699358361e+01
 4.35500  2.224089473969311e+01
 4.36000  2.224244237093481e+01
 4.36500  2.224397995229701e+01
 4.37000  2.224550754835958e+01
 4.37500  2.224702522329640e+01
 4.38000  2.224853304087780e+01
 4.38500  2.225003106447297e+01
 4.39000  2.225151935705237e+01
 4.39500  2.225299798119014e+01
 4.40000  2.225446699906646e+01
 4.40500  2.225592647246991e+01
 4.41000  2.225737646279985e+01
 4.41500  2.225881703106877e+01
 4.42000  2.226024823790457e+01
 4.42500  2.226167014355293e+01
 4.43000  2.226308280787958e+01
 4.43500  2.226448629037261e+01
 4.44000  2.226588065014477e+01
 4.44500  2.226726594593567e+01
 4.45000  2.226864223611412e+01
 4.45500  2.227000957868030e+01
 4.46000  2.227136803126805e+01
 4.46500  2.227271765114704e+01
 4.47000  2.227405849522501e+01
 4.47500  2.227539062004994e+01
 4.48000  2.227671408181226e+01
 4.48500  2.227802893634700e+01
 4.49000  2.227933523913595e+01
 4.49500  2.228063304530981e+01
 4.50000  2.228192240965031e+01
 4.50500  2.228320338659238e+01
 4.51000  2.228447603022621e+01
 4.51500  2.228574039429935e+01
 4.52000  2.228699653221884e+01
 4.52500  2.228824449705326e+01
 4.53000  2.228948434153478e+01
 4.53500  2.229071611806124e+01
 4.54000  2.229193987869819e+01
 4.54500  2.229315567518088e+01
 4.55000  2.229436355891634e+01
 4.55500  2.229556358098535e+01
 4.56000  2.229675579214443e+01
 4.56500  2.229794024282786e+01
 4.57000  2.229911698314960e+01
 4.57500  2.230028606290531e+01
 4.58000  2.230144753157430e+01
 4.58500  2.230260143832139e+01
 4.59000  2.230374783199893e+01
 4.59500  2.230488676114869e+01
 4.60000  2.230601827400376e+01
 4.60500  2.230714241849043e+01
 4.61000  2.230825924223014e+01
 4.61500  2.230936879254127e+01
 4.62000  2.231047111644107e+01
 4.62500  2.231156626064749e+01
 4.63000  2.231265427158103e+01
 4.63500  2.231373519536655e+01
 4.64000  2.231480907783514e+01
 4.64500  2.231587596452589e+01
 4.65000  2.231693590068769e+01
 4.65500  2.231798893128106e+01
 4.66000  2.231903510097992e+01
 4.66500  2.232007445417332e+01
 4.67000  2.232110703496724e+01
 4.67500  2.232213288718633e+01
 4.68000  2.232315205437569e+01
 4.68500  2.232416457980250e+01
 4.69000  2.232517050645784e+01
 4.69500  2.232616987705837e+01
 4.70000  2.232716273404800e+01
 4.70500  2.232814911959963e+01
 4.71000  2.232912907561679e+01
 4.71500  2.233010264373534e+01
 4.72000  2.233106986532511e+01
 4.72500  2.233203078149157e+01
 4.73000  2.233298543307746e+01
 4.73500  2.233393386066441e+01
 4.74000  2.233487610457462e+01
 4.74500  2.233581220487240e+01
 4.75000  2.233674220136582e+01
 4.75500  2.233766613360829e+01
 4.76000  2.233858404090016e+01
 4.76500  2.233949596229025e+01
 4.77000  2.234040193657750e+01
 4.77500  2.234130200231245e+01
 4.78000  2.234219619779882e+01
 4.78500  2.234308456109506e+01
 4.79000  2.234396713001587e+01
 4.79500  2.234484394213369e+01
 4.80000  2.234571503478029e+01
 4.80500  2.234658044504818e+01
 4.81000  2.234744020979220e+01
 4.81500  2.234829436563090e+01
 4.82000  2.234914294894812e+01
 4.82500  2.234998599589440e+01
 4.83000  2.235082354238845e+01
 4.83500  2.235165562411860e+01
 4.84000  2.235248227654425e+01
 4.84500  2.235330353489730e+01
 4.85000  2.235411943418359e+01
 4.85500  2.235493000918427e+01
 4.86000  2.235573529445726e+01
 4.86500  2.235653532433863e+01
 4.87000  2.235733013294400e+01
 4.87500  2.235811975416991e+01
 4.88000  2.235890422169519e+01
 4.88500  2.235968356898235e+01
 4.89000  2.236045782927892e+01
 4.89500  2.236122703561884e+01
 4.90000  2.236199122082370e+01
 4.90500  2.236275041750423e+01
 4.91000  2.236350465806148e+01
 4.91500  2.236425397468821e+01
 4.92000  2.236499839937023e+01
 4.92500  2.236573796388762e+01
 4.93000  2.236647269981608e+01
 4.93500  2.236720263852821e+01
 4.94000  2.236792781119480e+01
 4.94500  2.236864824878606e+01
 4.95000  2.236936398207294e+01
 4.95500  2.237007504162832e+01
 4.96000  2.237078145782834e+01
 4.96500  2.237148326085358e+01
 4.97000  2.237218048069030e+01
 4.97500  2.237287314713169e+01
 4.98000  2.237356128977909e+01
 4.98500  2.237424493804317e+01
 4.99000  2.237492412114515e+01
 4.99500  2.237559886811804e+01
 5.00000  2.237626920780774e+01
 5.00500  2.237693516887430e+01
 5.01000  2.237759677979308e+01
 5.01500  2.237825406885587e+01
 5.02000  2.237890706417213e+01
 5.02500  2.237955579367007e+01
 5.03000  2.238020028509784e+01
 5.03500  2.238084056602467e+01
 5.04000  2.238147666384198e+01
 5.04500  2.238210860576452e+01
 5.05000  2.238273641883149e+01
 5.05500  2.238336012990766e+01
 5.06000  2.238397976568446e+01
 5.06500  2.238459535268106e+01
 5.07000  2.238520691724554e+01
 5.07500  2.238581448555589e+01
 5.08000  2.238641808362111e+01
 5.08500  2.238701773728233e+01
 5.09000  2.238761347221383e+01
 5.09500  2.238820531392409e+01
 5.10000  2.238879328775689e+01
 5.10500  2.238937741889231e+01
 5.11000  2.238995773234780e+01
 5.11500  2.239053425297919e+01
 5.12000  2.239110700548177e+01
 5.12500  2.239167601439121e+01
 5.13000  2.239224130408469e+01
 5.13500  2.239280289878181e+01
 5.14000  2.239336082254570e+01
 5.14500  2.239391509928386e+01
 5.15000  2.239446575274933e+01
 5.15500  2.239501280654155e+01
 5.16000  2.239555628410736e+01
 5.16500  2.239609620874201e+01
 5.17000  2.239663260359009e+01
 5.17500  2.239716549164651e+01
 5.18000  2.239769489575744e+01
 5.18500  2.239822083862127e+01
 5.19000  2.239874334278952e+01
 5.19500  2.239926243066784e+01
 5.20000  2.239977812451689e+01
 5.20500  2.240029044645325e+01
 5.21000  2.240079941845040e+01
 5.21500  2.240130506233958e+01
 5.22000  2.240180739981074e+01
 5.22500  2.240230645241339e+01
 5.23000  2.240280224155754e+01
 5.23500  2.240329478851459e+01
 5.24000  2.240378411441818e+01
 5.24500  2.240427024026510e+01
 5.25000  2.240475318691616e+01
 5.25500  2.240523297509706e+01
 5.26000  2.240570962539923e+01
 5.26500  2.240618315828073e+01
 5.27000  2.240665359406706e+01
 5.27500  2.240712095295205e+01
 5.28000  2.240758525499867e+01
 5.28500  2.240804652013986e+01
 5.29000  2.240850476817942e+01
 5.29500  2.240896001879275e+01
 5.30000  2.240941229152774e+01
 5.30500  2.240986160580558e+01
 5.31000  2.241030798092152e+01
 5.31500  2.241075143604574e+01
 5.32000  2.241119199022411e+01
 5.32500  2.241162966237901e+01
 5.33000  2.241206447131008e+01
 5.33500  2.241249643569508e+01
 5.34000  2.241292557409059e+01
 5.34500  2.241335190493285e+01
 5.35000  2.241377544653850e+01
 5.35500  2.241419621710534e+01
 5.36000  2.241461423471312e+01
 5.36500  2.241502951732429e+01
 5.37000  2.241544208278471e+01
 5.37500  2.241585194882446e+01
 5.38000  2.241625913305857e+01
 5.38500  2.241666365298770e+01
 5.39000  2.241706552599897e+01
 5.39500  2.241746476936658e+01
 5.40000  2.241786140025265e+01
 5.40500  2.241825543570783e+01
 5.41000  2.241864689267211e+01
 5.41500  2.241903578797547e+01
 5.42000  2.241942213833860e+01
 5.42500  2.241980596037363e+01
 5.43000  2.242018727058476e+01
 5.43500  2.242056608536906e+01
 5.44000  2.242094242101704e+01
 5.44500  2.242131629371344e+01
 5.45000  2.242168771953784e+01
 5.45500  2.242205671446535e+01
 5.46000  2.242242329436730e+01
 5.46500  2.242278747501192e+01
 5.47000  2.242314927206495e+01
 5.47500  2.242350870109034e+01
 5.48000  2.242386577755090e+01
 5.48500  2.242422051680897e+01
 5.49000  2.242457293412699e+01
 5.49500  2.242492304466824e+01
 5.50000  2.242527086349743e+01
 5.50500  2.242561640558133e+01
 5.51000  2.242595968578942e+01
 5.51500  2.242630071889448e+01
 5.52000  2.242663951957329e+01
 5.52500  2.242697610240716e+01
 5.53000  2.242731048188259e+01
 5.53500  2.242764267239188e+01
 5.54000  2.242797268823374e+01
 5.54500  2.242830054361388e+01
 5.55000  2.242862625264560e+01
 5.55500  2.242894982935042e+01
 5.56000  2.242927128765865e+01
 5.56500  2.242959064140996e+01
 5.57000  2.242990790435402e+01
 5.57500  2.243022309015101e+01
 5.58000  2.243053621237226e+01
 5.58500  2.243084728450077e+01
 5.59000  2.243115631993184e+01
 5.59500  2.243146333197356e+01
 5.60000  2.243176833384746e+01
 5.60500  2.243207133868899e+01
 5.61000  2.243237235954812e+01
 5.61500  2.243267140938988e+01
 5.62000  2.243296850109491e+01
 5.62500  2.243326364746000e+01
 5.63000  2.243355686119865e+01
 5.63500  2.243384815494158e+01
 5.64000  2.243413754123727e+01
 5.64500  2.243442503255254e+01
 5.65000  2.243471064127297e+01
 5.65500  2.243499437970355e+01
 5.66000  2.243527626006913e+01
 5.66500  2.243555629451494e+01
 5.67000  2.243583449510710e+01
 5.67500  2.243611087383319e+01
 5.68000  2.243638544260268e+01
 5.68500  2.243665821324748e+01
 5.69000  2.243692919752244e+01
 5.69500  2.243719840710581e+01
 5.70000  2.243746585359981e+01
 5.70500  2.243773154853103e+01
 5.71000  2.243799550335100e+01
 5.71500  2.243825772943661e+01
 5.72000  2.243851823809066e+01
 5.72500  2.243877704054227e+01
 5.73000  2.243903414794741e+01
 5.73500  2.243928957138936e+01
 5.74000  2.243954332187913e+01
 5.74500  2.243979541035604e+01
 5.75000  2.244004584768806e+01
 5.75500  2.244029464467235e+01
 5.76000  2.244054181203569e+01
 5.76500  2.244078736043494e+01
 5.77000  2.244103130045751e+01
 5.77500  2.244127364262179e+01
 5.78000  2.244151439737757e+01
 5.78500  2.244175357510656e+01
 5.79000  2.244199118612276e+01
 5.79500  2.244222724067293e+01
 5.80000  2.244246174893703e+01
 5.80500  2.244269472102862e+01
 5.81000  2.244292616699535e+01
 5.81500  2.244315609681932e+01
 5.82000  2.244338452041755e+01
 5.82500  2.244361144764238e+01
 5.83000  2.244383688828190e+01
 5.83500  2.244406085206038e+01
 5.84000  2.244428334863864e+01
 5.84500  2.244450438761450e+01
 5.85000  2.244472397852319e+01
 5.85500  2.244494213083771e+01
 5.86000  2.244515885396931e+01
 5.86500  2.244537415726781e+01
 5.87000  2.244558805002204e+01
 5.87500  2.244580054146026e+01
 5.88000  2.244601164075050e+01
 5.88500  2.244622135700097e+01
 5.89000  2.244642969926046e+01
 5.89500  2.244663667651874e+01
 5.90000  2.244684229770687e+01
 5.90500  2.244704657169769e+01
 5.91000  2.244724950730610e+01
 5.91500  2.244745111328950e+01
 5.92000  2.244765139834811e+01
 5.92500  2.244785037112540e+01
 5.93000  2.244804804020843e+01
 5.93500  2.244824441412819e+01
 5.94000  2.244843950136000e+01
 5.94500  2.244863331032386e+01
 5.95000  2.244882584938483e+01
 5.95500  2.244901712685334e+01
 5.96000  2.244920715098559e+01
 5.96500  2.244939592998385e+01
 5.97000  2.244958347199690e+01
 5.97500  2.244976978512027e+01
 5.98000  2.244995487739666e+01
 5.98500  2.245013875681627e+01
 5.99000  2.245032143131710e+01
 5.99500  2.245050290878536e+01
 6.00000  2.245068319705574e+01
 6.00500  2.245086230391177e+01
 6.01000  2.245104023708619e+01
 6.01500  2.245121700426119e+01
 6.02000  2.245139261306884e+01
 6.02500  2.245156707109135e+01
 6.03000  2.245174038586141e+01
 6.03500  2.245191256486253e+01
 6.04000  2.245208361552932e+01
 6.04500  2.245225354524786e+01
 6.05000  2.245242236135596e+01
 6.05500  2.245259007114353e+01
 6.06000  2.245275668185285e+01
 6.06500  2.245292220067889e+01
 6.07000  2.245308663476963e+01
 6.07500  2.245324999122634e+01
 6.08000  2.245341227710393e+01
 6.08500  2.245357349941118e+01
 6.09000  2.245373366511113e+01
 6.09500  2.245389278112130e+01
 6.10000  2.245405085431402e+01
 6.10500  2.245420789151671e+01
 6.11000  2.245436389951221e+01
 6.11500  2.245451888503901e+01
 6.12000  2.245467285479159e+01
 6.12500  2.245482581542069e+01
 6.13000  2.245497777353358e+01
 6.13500  2.245512873569435e+01
 6.14000  2.245527870842421e+01
 6.14500  2.245542769820176e+01
 6.15000  2.245557571146323e+01
 6.15500  2.245572275460282e+01
 6.16000  2.245586883397294e+01
 6.16500  2.245601395588445e+01
 6.17000  2.245615812660701e+01
 6.17500  2.245630135236926e+01
 6.18000  2.245644363935917e+01
 6.18500  2.245658499372422e+01
 6.19000  2.245672542157175e+01
 6.19500  2.245686492896915e+01
 6.20000  2.245700352194416e+01
 6.20500  2.245714120648512e+01
 6.21000  2.245727798854123e+01
 6.21500  2.245741387402277e+01
 6.22000  2.245754886880141e+01
 6.22500  2.245768297871045e+01
 6.23000  2.245781620954500e+01
 6.23500  2.245794856706234e+01
 6.24000  2.245808005698207e+01
 6.24500  2.245821068498640e+01
 6.25000  2.245834045672042e+01
 6.25500  2.245846937779227e+01
 6.26000  2.245859745377345e+01
 6.26500  2.245872469019901e+01
 6.27000  2.245885109256782e+01
 6.27500  2.245897666634279e+01
 6.28000  2.245910141695111e+01
 6.28500  2.245922534978446e+01
 6.29000  2.245934847019931e+01
 6.29500  2.245947078351705e+01
 6.30000  2.245959229502429e+01
 6.30500  2.245971300997308e+01
 6.31000  2.245983293358110e+01
 6.31500  2.245995207103191e+01
 6.32000  2.246007042747518e+01
 6.32500  2.246018800802690e+01
 6.33000  2.246030481776959e+01
 6.33500  2.246042086175253e+01
 6.34000  2.246053614499197e+01
 6.34500  2.246065067247136e+01
 6.35000  2.246076444914153e+01
 6.35500  2.246087747992096e+01
 6.36000  2.246098976969594e+01
 6.36500  2.246110132332080e+01
 6.37000  2.246121214561810e+01
 6.37500  2.246132224137887e+01
 6.38000  2.246143161536280e+01
 6.38500  2.246154027229843e+01
 6.39000  2.246164821688337e+01
 6.39500  2.246175545378451e+01
 6.40000  2.246186198763819e+01
 6.40500  2.246196782305043e+01
 6.41000  2.246207296459711e+01
 6.41500  2.246217741682417e+01
 6.42000  2.246228118424782e+01
 6.42500  2.246238427135470e+01
 6.43000  2.246248668260210e+01
 6.43500  2.246258842241817e+01
 6.44000  2.246268949520206e+01
 6.44500  2.246278990532414e+01
 6.45000  2.246288965712618e+01
 6.45500  2.246298875492156e+01
 6.46000  2.246308720299540e+01
 6.46500  2.246318500560481e+01
 6.47000  2.246328216697903e+01
 6.47500  2.246337869131964e+01
 6.48000  2.246347458280068e+01
 6.48500  2.246356984556892e+01
 6.49000  2.246366448374397e+01
 6.49500  2.246375850141851e+01
 6.50000  2.246385190265837e+01
 6.50500  2.246394469150285e+01
 6.51000  2.246403687196476e+01
 6.51500  2.246412844803066e+01
 6.52000  2.246421942366102e+01
 6.52500  2.246430980279041e+01
 6.53000  2.246439958932761e+01
 6.53500  2.246448878715583e+01
 6.54000  2.246457740013288e+01
 6.54500  2.246466543209130e+01
 6.55000  2.246475288683855e+01
 6.55500  2.246483976815717e+01
 6.56000  2.246492607980494e+01
 6.56500  2.246501182551505e+01
 6.57000  2.246509700899622e+01
 6.57500  2.246518163393293e+01
 6.58000  2.246526570398553e+01
 6.58500  2.246534922279040e+01
 6.59000  2.246543219396013e+01
 6.59500  2.246551462108363e+01
 6.60000  2.246559650772637e+01
 6.60500  2.246567785743042e+01
 6.61000  2.246575867371469e+01
 6.61500  2.246583896007506e+01
 6.62000  2.246591871998450e+01
 6.62500  2.246599795689328e+01
 6.63000  2.246607667422902e+01
 6.63500  2.246615487539696e+01
 6.64000  2.246623256378000e+01
 6.64500  2.246630974273894e+01
 6.65000  2.246638641561252e+01
 6.65500  2.246646258571765e+01
 6.66000  2.246653825634953e+01
 6.66500  2.246661343078177e+01
 6.67000  2.246668811226655e+01
 6.67500  2.246676230403475e+01
 6.68000  2.246683600929609e+01
 6.68500  2.246690923123930e+01
 6.69000  2.246698197303219e+01
 6.69500  2.246705423782187e+01
 6.70000  2.246712602873480e+01
 6.70500  2.246719734887699e+01
 6.71000  2.246726820133412e+01
 6.71500  2.246733858917164e+01
 6.72000  2.246740851543495e+01
 6.72500  2.246747798314947e+01
 6.73000  2.246754699532085e+01
 6.73500  2.246761555493504e+01
 6.74000  2.246768366495841e+01
 6.74500  2.246775132833795e+01
 6.75000  2.246781854800133e+01
 6.75500  2.246788532685702e+01
 6.76000  2.246795166779447e+01
 6.76500  2.246801757368422e+01
 6.77000  2.246808304737797e+01
 6.77500  2.246814809170879e+01
 6.78000  2.246821270949114e+01
 6.78500  2.246827690352109e+01
 6.79000  2.246834067657639e+01
 6.79500  2.246840403141657e+01
 6.80000  2.246846697078312e+01
 6.80500  2.246852949739956e+01
 6.81000  2.246859161397157e+01
 6.81500  2.246865332318709e+01
 6.82000  2.246871462771650e+01
 6.82500  2.246877553021264e+01
 6.83000  2.246883603331100e+01
 6.83500  2.246889613962981e+01
 6.84000  2.246895585177013e+01
 6.84500  2.246901517231599e+01
 6.85000  2.246907410383450e+01
 6.85500  2.246913264887597e+01
 6.86000  2.246919080997395e+01
 6.86500  2.246924858964546e+01
 6.87000  2.246930599039098e+01
 6.87500  2.246936301469463e+01
 6.88000  2.246941966502427e+01
 6.88500  2.246947594383158e+01
 6.89000  2.246953185355217e+01
 6.89500  2.246958739660570e+01
 6.90000  2.246964257539598e+01
 6.90500  2.246969739231110e+01
 6.91000  2.246975184972345e+01
 6.91500  2.246980594998993e+01
 6.92000  2.246985969545197e+01
 6.92500  2.246991308843566e+01
 6.93000  2.246996613125186e+01
 6.93500  2.247001882619628e+01
 6.94000  2.247007117554962e+01
 6.94500  2.247012318157761e+01
 6.95000  2.247017484653112e+01
 6.95500  2.247022617264631e+01
 6.96000  2.247027716214467e+01
 6.96500  2.247032781723314e+01
 6.97000  2.247037814010420e+01
 6.97500  2.247042813293595e+01
 6.98000  2.247047779789225e+01
 6.98500  2.247052713712276e+01
 6.99000  2.247057615276305e+01
 6.99500  2.247062484693472e+01
 7.00000  2.247067322174545e+01
 7.00500  2.247072127928911e+01
 7.01000  2.247076902164586e+01
 7.01500  2.247081645088223e+01
 7.02000  2.247086356905119e+01
 7.02500  2.247091037819229e+01
 7.03000  2.247095688033170e+01
 7.03500  2.247100307748229e+01
 7.04000  2.247104897164379e+01
 7.04500  2.247109456480277e+01
 7.05000  2.247113985893282e+01
 7.05500  2.247118485599460e+01
 7.06000  2.247122955793590e+01
 7.06500  2.247127396669176e+01
 7.07000  2.247131808418453e+01
 7.07500  2.247136191232398e+01
 7.08000  2.247140545300734e+01
 7.08500  2.247144870811943e+01
 7.09000  2.247149167953270e+01
 7.09500  2.247153436910735e+01
 7.10000  2.247157677869138e+01
 7.10500  2.247161891012066e+01
 7.11000  2.247166076521907e+01
 7.11500  2.247170234579850e+01
 7.12000  2.247174365365897e+01
 7.12500  2.247178469058874e+01
 7.13000  2.247182545836430e+01
 7.13500  2.247186595875054e+01
 7.14000  2.247190619350075e+01
 7.14500  2.247194616435675e+01
 7.15000  2.247198587304895e+01
 7.15500  2.247202532129639e+01
 7.16000  2.247206451080687e+01
 7.16500  2.247210344327699e+01
 7.17000  2.247214212039223e+01
 7.17500  2.247218054382703e+01
 7.18000  2.247221871524483e+01
 7.18500  2.247225663629821e+01
 7.19000  2.247229430862887e+01
 7.19500  2.247233173386780e+01
 7.20000  2.247236891363526e+01
 7.20500  2.247240584954092e+01
 7.21000  2.247244254318387e+01
 7.21500  2.247247899615274e+01
 7.22000  2.247251521002575e+01
 7.22500  2.247255118637077e+01
 7.23000  2.247258692674538e+01
 7.23500  2.247262243269698e+01
 7.24000  2.247265770576278e+01
 7.24500  2.247269274746998e+01
 7.25000  2.247272755933571e+01
 7.25500  2.247276214286720e+01
 7.26000  2.247279649956176e+01
 7.26500  2.247283063090692e+01
 7.27000  2.247286453838044e+01
 7.27500  2.247289822345041e+01
 7.28000  2.247293168757527e+01
 7.28500  2.247296493220393e+01
 7.29000  2.247299795877578e+01
 7.29500  2.247303076872080e+01
 7.30000  2.247306336345956e+01
 7.30500  2.247309574440336e+01
 7.31000  2.247312791295420e+01
 7.31500  2.247315987050495e+01
 7.32000  2.247319161843929e+01
 7.32500  2.247322315813188e+01
 7.33000  2.247325449094832e+01
 7.33500  2.247328561824531e+01
 7.34000  2.247331654137062e+01
 7.34500  2.247334726166319e+01
 7.35000  2.247337778045319e+01
 7.35500  2.247340809906207e+01
 7.36000  2.247343821880262e+01
 7.36500  2.247346814097901e+01
 7.37000  2.247349786688689e+01
 7.37500  2.247352739781337e+01
 7.38000  2.247355673503717e+01
 7.38500  2.247358587982860e+01
 7.39000  2.247361483344964e+01
 7.39500  2.247364359715402e+01
 7.40000  2.247367217218724e+01
 7.40500  2.247370055978661e+01
 7.41000  2.247372876118137e+01
 7.41500  2.247375677759267e+01
 7.42000  2.247378461023366e+01
 7.42500  2.247381226030956e+01
 7.43000  2.247383972901767e+01
 7.43500  2.247386701754744e+01
 7.44000  2.247389412708051e+01
 7.44500  2.247392105879080e+01
 7.45000  2.247394781384452e+01
 7.45500  2.247397439340024e+01
 7.46000  2.247400079860892e+01
 7.46500  2.247402703061399e+01
 7.47000  2.247405309055137e+01
 7.47500  2.247407897954956e+01
 7.48000  2.247410469872962e+01
 7.48500  2.247413024920529e+01
 7.49000  2.247415563208301e+01
 7.49500  2.247418084846194e+01
 7.50000  2.247420589943406e+01
 7.50500  2.247423078608418e+01
 7.51000  2.247425550949000e+01
 7.51500  2.247428007072214e+01
 7.52000  2.247430447084422e+01
 7.52500  2.247432871091288e+01
 7.53000  2.247435279197783e+01
 7.53500  2.247437671508191e+01
 7.54000  2.247440048126109e+01
 7.54500  2.247442409154459e+01
 7.55000  2.247444754695485e+01
 7.55500  2.247447084850762e+01
 7.56000  2.247449399721199e+01
 7.56500  2.247451699407042e+01
 7.57000  2.247453984007883e+01
 7.57500  2.247456253622657e+01
 7.58000  2.247458508349653e+01
 7.58500  2.247460748286515e+01
 7.59000  2.247462973530246e+01
 7.59500  2.247465184177213e+01
 7.60000  2.247467380323153e+01
 7.60500  2.247469562063172e+01
 7.61000  2.247471729491757e+01
 7.61500  2.247473882702771e+01
 7.62000  2.247476021789463e+01
 7.62500  2.247478146844471e+01
 7.63000  2.247480257959827e+01
 7.63500  2.247482355226956e+01
 7.64000  2.247484438736686e+01
 7.64500  2.247486508579250e+01
 7.65000  2.247488564844288e+01
 7.65500  2.247490607620852e+01
 7.66000  2.247492636997411e+01
 7.66500  2.247494653061853e+01
 7.67000  2.247496655901492e+01
 7.67500  2.247498645603065e+01
 7.68000  2.247500622252745e+01
 7.68500  2.247502585936137e+01
 7.69000  2.247504536738285e+01
 7.69500  2.247506474743678e+01
 7.70000  2.247508400036246e+01
 7.70500  2.247510312699374e+01
 7.71000  2.247512212815897e+01
 7.71500  2.247514100468107e+01
 7.72000  2.247515975737758e+01
 7.72500  2.247517838706066e+01
 7.73000  2.247519689453715e+01
 7.73500  2.247521528060862e+01
 7.74000  2.247523354607134e+01
 7.74500  2.247525169171641e+01
 7.75000  2.247526971832970e+01
 7.75500  2.247528762669196e+01
 7.76000  2.247530541757878e+01
 7.76500  2.247532309176071e+01
 7.77000  2.247534065000321e+01
 7.77500  2.247535809306674e+01
 7.78000  2.247537542170678e+01
 7.78500  2.247539263667383e+01
 7.79000  2.247540973871348e+01
 7.79500  2.247542672856646e+01
 7.80000  2.247544360696858e+01
 7.80500  2.247546037465089e+01
 7.81000  2.247547703233959e+01
 7.81500  2.247549358075618e+01
 7.82000  2.247551002061736e+01
 7.82500  2.247552635263518e+01
 7.83000  2.247554257751700e+01
 7.83500  2.247555869596556e+01
 7.84000  2.247557470867894e+01
 7.84500  2.247559061635071e+01
 7.85000  2.247560641966986e+01
 7.85500  2.247562211932085e+01
 7.86000  2.247563771598367e+01
 7.86500  2.247565321033384e+01
 7.87000  2.247566860304246e+01
 7.87500  2.247568389477621e+01
 7.88000  2.247569908619743e+01
 7.88500  2.247571417796409e+01
 7.89000  2.247572917072985e+01
 7.89500  2.247574406514408e+01
 7.90000  2.247575886185191e+01
 7.90500  2.247577356149422e+01
 7.91000  2.247578816470770e+01
 7.91500  2.247580267212484e+01
 7.92000  2.247581708437402e+01
 7.92500  2.247583140207948e+01
 7.93000  2.247584562586135e+01
 7.93500  2.247585975633572e+01
 7.94000  2.247587379411462e+01
 7.94500  2.247588773980608e+01
 7.95000  2.247590159401413e+01
 7.95500  2.247591535733886e+01
 7.96000  2.247592903037640e+01
 7.96500  2.247594261371897e+01
 7.97000  2.247595610795493e+01
 7.97500  2.247596951366877e+01
 7.98000  2.247598283144114e+01
 7.98500  2.247599606184888e+01
 7.99000  2.247600920546506e+01
 7.99500  2.247602226285898e+01
 8.00000  2.247603523459622e+01
 8.00500  2.247604812123863e+01
 8.01000  2.247606092334441e+01
 8.01500  2.247607364146804e+01
 8.02000  2.247608627616043e+01
 8.02500  2.247609882796884e+01
 8.03000  2.247611129743694e+01
 8.03500  2.247612368510485e+01
 8.04000  2.247613599150913e+01
 8.04500  2.247614821718284e+01
 8.05000  2.247616036265553e+01
 8.05500  2.247617242845328e+01
 8.06000  2.247618441509872e+01
 8.06500  2.247619632311106e+01
 8.07000  2.247620815300610e+01
 8.07500  2.247621990529624e+01
 8.08000  2.247623158049055e+01
 8.08500  2.247624317909474e+01
 8.09000  2.247625470161120e+01
 8.09500  2.247626614853905e+01
 8.10000  2.247627752037412e+01
 8.10500  2.247628881760898e+01
 8.11000  2.247630004073298e+01
 8.11500  2.247631119023226e+01
 8.12000  2.247632226658977e+01
 8.12500  2.247633327028528e+01
 8.13000  2.247634420179545e+01
 8.13500  2.247635506159378e+01
 8.14000  2.247636585015066e+01
 8.14500  2.247637656793344e+01
 8.15000  2.247638721540634e+01
 8.15500  2.247639779303059e+01
 8.16000  2.247640830126437e+01
 8.16500  2.247641874056285e+01
 8.17000  2.247642911137823e+01
 8.17500  2.247643941415974e+01
 8.18000  2.247644964935366e+01
 8.18500  2.247645981740335e+01
 8.19000  2.247646991874923e+01
 8.19500  2.247647995382889e+01
 8.20000  2.247648992307700e+01
 8.20500  2.247649982692541e+01
 8.21000  2.247650966580311e+01
 8.21500  2.247651944013629e+01
 8.22000  2.247652915034836e+01
 8.22500  2.247653879685992e+01
 8.23000  2.247654838008884e+01
 8.23500  2.247655790045023e+01
 8.24000  2.247656735835650e+01
 8.24500  2.247657675421733e+01
 8.25000  2.247658608843972e+01
 8.25500  2.247659536142802e+01
 8.26000  2.247660457358390e+01
 8.26500  2.247661372530641e+01
 8.27000  2.247662281699198e+01
 8.27500  2.247663184903444e+01
 8.28000  2.247664082182504e+01
 8.28500  2.247664973575245e+01
 8.29000  2.247665859120281e+01
 8.29500  2.247666738855973e+01
 8.30000  2.247667612820427e+01
 8.30500  2.247668481051502e+01
 8.31000  2.247669343586809e+01
 8.31500  2.247670200463710e+01
 8.32000  2.247671051719325e+01
 8.32500  2.247671897390526e+01
 8.33000  2.247672737513948e+01
 8.33500  2.247673572125984e+01
 8.34000  2.247674401262786e+01
 8.34500  2.247675224960272e+01
 8.35000  2.247676043254123e+01
 8.35500  2.247676856179786e+01
 8.36000  2.247677663772476e+01
 8.36500  2.247678466067177e+01
 8.37000  2.247679263098642e+01
 8.37500  2.247680054901398e+01
 8.38000  2.247680841509745e+01
 8.38500  2.247681622957757e+01
 8.39000  2.247682399279286e+01
 8.39500  2.247683170507960e+01
 8.40000  2.247683936677190e+01
 8.40500  2.247684697820164e+01
 8.41000  2.247685453969854e+01
 8.41500  2.247686205159015e+01
 8.42000  2.247686951420189e+01
 8.42500  2.247687692785702e+01
 8.43000  2.247688429287671e+01
 8.43500  2.247689160957999e+01
 8.44000  2.247689887828381e+01
 8.44500  2.247690609930305e+01
 8.45000  2.247691327295053e+01
 8.45500  2.247692039953699e+01
 8.46000  2.247692747937115e+01
 8.46500  2.247693451275972e+01
 8.47000  2.247694150000736e+01
 8.47500  2.247694844141677e+01
 8.48000  2.247695533728863e+01
 8.48500  2.247696218792169e+01
 8.49000  2.247696899361269e+01
 8.49500  2.247697575465647e+01
 8.50000  2.247698247134590e+01
 8.50500  2.247698914397196e+01
 8.51000  2.247699577282369e+01
 8.51500  2.247700235818825e+01
 8.52000  2.247700890035094e+01
 8.52500  2.247701539959514e+01
 8.53000  2.247702185620240e+01
 8.53500  2.247702827045243e+01
 8.54000  2.247703464262308e+01
 8.54500  2.247704097299041e+01
 8.55000  2.247704726182862e+01
 8.55500  2.247705350941018e+01
 8.56000  2.247705971600571e+01
 8.56500  2.247706588188409e+01
 8.57000  2.247707200731242e+01
 8.57500  2.247707809255606e+01
 8.58000  2.247708413787862e+01
 8.58500  2.247709014354198e+01
 8.59000  2.247709610980632e+01
 8.59500  2.247710203693009e+01
 8.60000  2.247710792517006e+01
 8.60500  2.247711377478131e+01
 8.61000  2.247711958601723e+01
 8.61500  2.247712535912959e+01
 8.62000  2.247713109436847e+01
 8.62500  2.247713679198233e+01
 8.63000  2.247714245221799e+01
 8.63500  2.247714807532065e+01
 8.64000  2.247715366153390e+01
 8.64500  2.247715921109976e+01
 8.65000  2.247716472425862e+01
 8.65500  2.247717020124932e+01
 8.66000  2.247717564230913e+01
 8.66500  2.247718104767376e+01
 8.67000  2.247718641757737e+01
 8.67500  2.247719175225259e+01
 8.68000  2.247719705193052e+01
 8.68500  2.247720231684076e+01
 8.69000  2.247720754721137e+01
 8.69500  2.247721274326894e+01
 8.70000  2.247721790523858e+01
 8.70500  2.247722303334389e+01
 8.71000  2.247722812780705e+01
 8.71500  2.247723318884874e+01
 8.72000  2.247723821668821e+01
 8.72500  2.247724321154327e+01
 8.73000  2.247724817363032e+01
 8.73500  2.247725310316430e+01
 8.74000  2.247725800035877e+01
 8.74500  2.247726286542590e+01
 8.75000  2.247726769857642e+01
 8.75500  2.247727250001972e+01
 8.76000  2.247727726996382e+01
 8.76500  2.247728200861534e+01
 8.77000  2.247728671617957e+01
 8.77500  2.247729139286045e+01
 8.78000  2.247729603886059e+01
 8.78500  2.247730065438124e+01
 8.79000  2.247730523962237e+01
 8.79500  2.247730979478260e+01
 8.80000  2.247731432005928e+01
 8.80500  2.247731881564845e+01
 8.81000  2.247732328174486e+01
 8.81500  2.247732771854199e+01
 8.82000  2.247733212623205e+01
 8.82500  2.247733650500600e+01
 8.83000  2.247734085505351e+01
 8.83500  2.247734517656305e+01
 8.84000  2.247734946972183e+01
 8.84500  2.247735373471583e+01
 8.85000  2.247735797172983e+01
 8.85500  2.247736218094737e+01
 8.86000  2.247736636255081e+01
 8.86500  2.247737051672132e+01
 8.87000  2.247737464363883e+01
 8.87500  2.247737874348215e+01
 8.88000  2.247738281642888e+01
 8.88500  2.247738686265547e+01
 8.89000  2.247739088233723e+01
 8.89500  2.247739487564827e+01
 8.90000  2.247739884276161e+01
 8.90500  2.247740278384910e+01
 8.91000  2.247740669908148e+01
 8.91500  2.247741058862837e+01
 8.92000  2.247741445265827e+01
 8.92500  2.247741829133858e+01
 8.93000  2.247742210483559e+01
 8.93500  2.247742589331451e+01
 8.94000  2.247742965693948e+01
 8.94500  2.247743339587353e+01
 8.95000  2.247743711027864e+01
 8.95500  2.247744080031575e+01
 8.96000  2.247744446614469e+01
 8.96500  2.247744810792428e+01
 8.97000  2.247745172581230e+01
 8.97500  2.247745531996548e+01
 8.98000  2.247745889053952e+01
 8.98500  2.247746243768912e+01
 8.99000  2.247746596156794e+01
 8.99500  2.247746946232864e+01
 9.00000  2.247747294012288e+01
 9.00500  2.247747639510134e+01
 9.01000  2.247747982741368e+01
 9.01500  2.247748323720861e+01
 9.02000  2.247748662463385e+01
 9.02500  2.247748998983614e+01
 9.03000  2.247749333296128e+01
 9.03500  2.247749665415409e+01
 9.04000  2.247749995355847e+01
 9.04500  2.247750323131735e+01
 9.05000  2.247750648757272e+01
 9.05500  2.247750972246566e+01
 9.06000  2.247751293613632e+01
 9.06500  2.247751612872391e+01
 9.07000  2.247751930036675e+01
 9.07500  2.247752245120224e+01
 9.08000  2.247752558136689e+01
 9.08500  2.247752869099630e+01
 9.09000  2.247753178022518e+01
 9.09500  2.247753484918738e+01
 9.10000  2.247753789801584e+01
 9.10500  2.247754092684266e+01
 9.11000  2.247754393579904e+01
 9.11500  2.247754692501536e+01
 9.12000  2.247754989462110e+01
 9.12500  2.247755284474491e+01
 9.13000  2.247755577551460e+01
 9.13500  2.247755868705715e+01
 9.14000  2.247756157949870e+01
 9.14500  2.247756445296454e+01
 9.15000  2.247756730757916e+01
 9.15500  2.247757014346624e+01
 9.16000  2.247757296074864e+01
 9.16500  2.247757575954840e+01
 9.17000  2.247757853998678e+01
 9.17500  2.247758130218424e+01
 9.18000  2.247758404626044e+01
 9.18500  2.247758677233427e+01
 9.19000  2.247758948052382e+01
 9.19500  2.247759217094642e+01
 9.20000  2.247759484371863e+01
 9.20500  2.247759749895625e+01
 9.21000  2.247760013677430e+01
 9.21500  2.247760275728706e+01
 9.22000  2.247760536060807e+01
 9.22500  2.247760794685010e+01
 9.23000  2.247761051612520e+01
 9.23500  2.247761306854468e+01
 9.24000  2.247761560421912e+01
 9.24500  2.247761812325837e+01
 9.25000  2.247762062577156e+01
 9.25500  2.247762311186712e+01
 9.26000  2.247762558165274e+01
 9.26500  2.247762803523543e+01
 9.27000  2.247763047272147e+01
 9.27500  2.247763289421649e+01
 9.28000  2.247763529982537e+01
 9.28500  2.247763768965233e+01
 9.29000  2.247764006380092e+01
 9.29500  2.247764242237399e+01
 9.30000  2.247764476547372e+01
 9.30500  2.247764709320161e+01
 9.31000  2.247764940565853e+01
 9.31500  2.247765170294464e+01
 9.32000  2.247765398515948e+01
 9.32500  2.247765625240192e+01
 9.33000  2.247765850477018e+01
 9.33500  2.247766074236184e+01
 9.34000  2.247766296527384e+01
 9.34500  2.247766517360249e+01
 9.35000  2.247766736744346e+01
 9.35500  2.247766954689179e+01
 9.36000  2.247767171204192e+01
 9.36500  2.247767386298763e+01
 9.37000  2.247767599982210e+01
 9.37500  2.247767812263793e+01
 9.38000  2.247768023152707e+01
 9.38500  2.247768232658090e+01
 9.39000  2.247768440789017e+01
 9.39500  2.247768647554506e+01
 9.40000  2.247768852963513e+01
 9.40500  2.247769057024940e+01
 9.41000  2.247769259747625e+01
 9.41500  2.247769461140352e+01
 9.42000  2.247769661211846e+01
 9.42500  2.247769859970775e+01
 9.43000  2.247770057425748e+01
 9.43500  2.247770253585323e+01
 9.44000  2.247770448457995e+01
 9.44500  2.247770642052208e+01
 9.45000  2.247770834376350e+01
 9.45500  2.247771025438751e+01
 9.46000  2.247771215247690e+01
 9.46500  2.247771403811391e+01
 9.47000  2.247771591138022e+01
 9.47500  2.247771777235699e+01
 9.48000  2.247771962112484e+01
 9.48500  2.247772145776388e+01
 9.49000  2.247772328235366e+01
 9.49500  2.247772509497324e+01
 9.50000  2.247772689570116e+01
 9.50500  2.247772868461541e+01
 9.51000  2.247773046179351e+01
 9.51500  2.247773222731244e+01
 9.52000  2.247773398124870e+01
 9.52500  2.247773572367828e+01
 9.53000  2.247773745467666e+01
 9.53500  2.247773917431883e+01
 9.54000  2.247774088267931e+01
 9.54500  2.247774257983210e+01
 9.55000  2.247774426585072e+01
 9.55500  2.247774594080823e+01
 9.56000  2.247774760477718e+01
 9.56500  2.247774925782968e+01
 9.57000  2.247775090003732e+01
 9.57500  2.247775253147127e+01
 9.58000  2.247775415220220e+01
 9.58500  2.247775576230033e+01
 9.59000  2.247775736183542e+01
 9.59500  2.247775895087675e+01
 9.60000  2.247776052949318e+01
 9.60500  2.247776209775310e+01
 9.61000  2.247776365572444e+01
 9.61500  2.247776520347472e+01
 9.62000  2.247776674107098e+01
 9.62500  2.247776826857984e+01
 9.63000  2.247776978606747e+01
 9.63500  2.247777129359962e+01
 9.64000  2.247777279124160e+01
 9.64500  2.247777427905830e+01
 9.65000  2.247777575711417e+01
 9.65500  2.247777722547324e+01
 9.66000  2.247777868419915e+01
 9.66500  2.247778013335507e+01
 9.67000  2.247778157300380e+01
 9.67500  2.247778300320770e+01
 9.68000  2.247778442402875e+01
 9.68500  2.247778583552848e+01
 9.69000  2.247778723776807e+01
 9.69500  2.247778863080825e+01
 9.70000  2.247779001470938e+01
 9.70500  2.247779138953142e+01
 9.71000  2.247779275533392e+01
 9.71500  2.247779411217607e+01
 9.72000  2.247779546011663e+01
 9.72500  2.247779679921403e+01
 9.73000  2.247779812952626e+01
 9.73500  2.247779945111096e+01
 9.74000  2.247780076402540e+01
 9.74500  2.247780206832644e+01
 9.75000  2.247780336407061e+01
 9.75500  2.247780465131402e+01
 9.76000  2.247780593011246e+01
 9.76500  2.247780720052133e+01
 9.77000  2.247780846259567e+01
 9.77500  2.247780971639014e+01
 9.78000  2.247781096195909e+01
 9.78500  2.247781219935646e+01
 9.79000  2.247781342863587e+01
 9.79500  2.247781464985057e+01
 9.80000  2.247781586305348e+01
 9.80500  2.247781706829715e+01
 9.81000  2.247781826563380e+01
 9.81500  2.247781945511530e+01
 9.82000  2.247782063679319e+01
 9.82500  2.247782181071867e+01
 9.83000  2.247782297694258e+01
 9.83500  2.247782413551546e+01
 9.84000  2.247782528648751e+01
 9.84500  2.247782642990859e+01
 9.85000  2.247782756582822e+01
 9.85500  2.247782869429564e+01
 9.86000  2.247782981535973e+01
 9.86500  2.247783092906905e+01
 9.87000  2.247783203547186e+01
 9.87500  2.247783313461609e+01
 9.88000  2.247783422654937e+01
 9.88500  2.247783531131899e+01
 9.89000  2.247783638897197e+01
 9.89500  2.247783745955497e+01
 9.90000  2.247783852311440e+01
 9.90500  2.247783957969632e+01
 9.91000  2.247784062934651e+01
 9.91500  2.247784167211044e+01
 9.92000  2.247784270803330e+01
 9.92500  2.247784373715997e+01
 9.93000  2.247784475953502e+01
 9.93500  2.247784577520277e+01
 9.94000  2.247784678420719e+01
 9.94500  2.247784778659203e+01
 9.95000  2.247784878240068e+01
 9.95500  2.247784977167632e+01
 9.96000  2.247785075446179e+01
 9.96500  2.247785173079967e+01
 9.97000  2.247785270073226e+01
 9.97500  2.247785366430158e+01
 9.98000  2.247785462154938e+01
 9.98500  2.247785557251713e+01
 9.99000  2.247785651724603e+01
 9.99500  2.247785745577701e+01
10.00000  2.247785838815074e+01
