 0.00000  3.536397956688455e+03
 0.00500  3.436565751379894e+03
 0.01000  3.336733546071333e+03
 0.01500  3.239766005438300e+03
 0.02000  3.145581549379781e+03
 0.02500  3.054100912333298e+03
 0.03000  2.965247077731226e+03
 0.03500  2.878945214311540e+03
 0.04000  2.795122614230372e+03
 0.04500  2.713708632925588e+03
 0.05000  2.634634630681728e+03
 0.05500  2.557833915848328e+03
 0.06000  2.483241689664729e+03
 0.06500  2.410794992646089e+03
 0.07000  2.340432652486308e+03
 0.07500  2.272095233435093e+03
 0.08000  2.205724987107359e+03
 0.08500  2.141265804684579e+03
 0.09000  2.078663170468586e+03
 0.09500  2.017864116749719e+03
 0.10000  1.958817179952007e+03
 0.10500  1.901472358019399e+03
 0.11000  1.845781069007822e+03
 0.11500  1.791696110849087e+03
 0.12000  1.739171622253384e+03
 0.12500  1.688163044718256e+03
 0.13000  1.638627085612704e+03
 0.13500  1.590521682306044e+03
 0.14000  1.543805967311938e+03
 0.14500  1.498440234418929e+03
 0.15000  1.454385905779539e+03
 0.15500  1.411605499930842e+03
 0.16000  1.370062600720151e+03
 0.16500  1.329721827110235e+03
 0.17000  1.290548803839173e+03
 0.17500  1.252510132910687e+03
 0.18000  1.215573365891446e+03
 0.18500  1.179706976992536e+03
 0.19000  1.144880336912899e+03
 0.19500  1.111063687423189e+03
 0.20000  1.078228116669131e+03
 0.20500  1.046345535173965e+03
 0.21000  1.015388652520289e+03
 0.21500  9.853309546919930e+02
 0.22000  9.561466820576878e+02
 0.22500  9.278108079774213e+02
 0.23000  9.002990180151023e+02
 0.23500  8.735876897394512e+02
 0.24000  8.476538730968662e+02
 0.24500  8.224752713400037e+02
 0.25000  7.980302224963575e+02
 0.25500  7.742976813615674e+02
 0.26000  7.512572020025998e+02
 0.26500  7.288889207563885e+02
 0.27000  7.071735397099093e+02
 0.27500  6.860923106480717e+02
 0.28000  6.656270194561955e+02
 0.28500  6.457599709642035e+02
 0.29000  6.264739742200402e+02
 0.29500  6.077523281801683e+02
 0.30000  5.895788078053456e+02
 0.30500  5.719376505502111e+02
 0.31000  5.548135432355432e+02
 0.31500  5.381916092923582e+02
 0.32000  5.220573963673284e+02
 0.32500  5.063968642793005e+02
 0.33000  4.911963733169720e+02
 0.33500  4.764426728680796e+02
 0.34000  4.621228903707139e+02
 0.34500  4.482245205776476e+02
 0.35000  4.347354151248185e+02
 0.35500  4.216437723953603e+02
 0.36000  4.089381276708195e+02
 0.36500  3.966073435614275e+02
 0.37000  3.846406007075349e+02
 0.37500  3.730273887445309e+02
 0.38000  3.617574975237929e+02
 0.38500  3.508210085824193e+02
 0.39000  3.402082868547056e+02
 0.39500  3.299099726185198e+02
 0.40000  3.199169736699322e+02
 0.40500  3.102204577196353e+02
 0.41000  3.008118450048798e+02
 0.41500  2.916828011108237e+02
 0.42000  2.828252299953703e+02
 0.42500  2.742312672117301e+02
 0.43000  2.658932733231183e+02
 0.43500  2.578038275041371e+02
 0.44000  2.499557213235723e+02
 0.44500  2.423419527034538e+02
 0.45000  2.349557200494066e+02
 0.45500  2.277904165474246e+02
 0.46000  2.208396246223755e+02
 0.46500  2.140971105536391e+02
 0.47000  2.075568192434480e+02
 0.47500  2.012128691335905e+02
 0.48000  1.950595472662919e+02
 0.48500  1.890913044851755e+02
 0.49000  1.833027507723527e+02
 0.49500  1.776886507177746e+02
 0.50000  1.722439191171089e+02
 0.50500  1.669636166944989e+02
 0.51000  1.618429459466684e+02
 0.51500  1.568772471049377e+02
 0.52000  1.520619942118107e+02
 0.52500  1.473927913088878e+02
 0.53000  1.428653687329542e+02
 0.53500  1.384755795171770e+02
 0.54000  1.342193958944375e+02
 0.54500  1.300929058999016e+02
 0.55000  1.260923100700235e+02
 0.55500  1.222139182352449e+02
 0.56000  1.184541464037412e+02
 0.56500  1.148095137336320e+02
 0.57000  1.112766395911512e+02
 0.57500  1.078522406923436e+02
 0.58000  1.045331283259179e+02
 0.58500  1.013162056549602e+02
 0.59000  9.819846509527292e+01
 0.59500  9.517698576816761e+01
 0.60000  9.224893102560279e+01
 0.60500  8.941154604561709e+01
 0.61000  8.666215549606538e+01
 0.61500  8.399816126472355e+01
 0.62000  8.141704025387963e+01
 0.62500  7.891634223758575e+01
 0.63000  7.649368777979380e+01
 0.63500  7.414676621165015e+01
 0.64000  7.187333366627240e+01
 0.64500  6.967121116937936e+01
 0.65000  6.753828278419093e+01
 0.65500  6.547249380905987e+01
 0.66000  6.347184902634051e+01
 0.66500  6.153441100104252e+01
 0.67000  5.965829842785767e+01
 0.67500  5.784168452518914e+01
 0.68000  5.608279547485017e+01
 0.68500  5.437990890613777e+01
 0.69000  5.273135242302286e+01
 0.69500  5.113550217323482e+01
 0.70000  4.959078145805226e+01
 0.70500  4.809565938164572e+01
 0.71000  4.664864953885075e+01
 0.71500  4.524830874028174e+01
 0.72000  4.389323577372705e+01
 0.72500  4.258207020079682e+01
 0.73000  4.131349118782352e+01
 0.73500  4.008621637004338e+01
 0.74000  3.889900074811519e+01
 0.74500  3.775063561605862e+01
 0.75000  3.663994751972099e+01
 0.75500  3.556579724490637e+01
 0.76000  3.452707883432534e+01
 0.76500  3.352271863254771e+01
 0.77000  3.255167435816372e+01
 0.77500  3.161293420238129e+01
 0.78000  3.070551595330960e+01
 0.78500  2.982846614519960e+01
 0.79000  2.898085923193327e+01
 0.79500  2.816179678407356e+01
 0.80000  2.737040670880581e+01
 0.80500  2.660584249212128e+01
 0.81000  2.586728246261111e+01
 0.81500  2.515392907625713e+01
 0.82000  2.446500822162360e+01
 0.82500  2.379976854487045e+01
 0.83000  2.315748079402514e+01
 0.83500  2.253743718196642e+01
 0.84000  2.193895076758821e+01
 0.84500  2.136135485462780e+01
 0.85000  2.081155025408264e+01
 0.85500  2.028887001584412e+01
 0.86000  1.978923840178794e+01
 0.86500  1.931165111083814e+01
 0.87000  1.885515087426220e+01
 0.87500  1.841882539540962e+01
 0.88000  1.800180537817036e+01
 0.88500  1.760326264041556e+01
 0.89000  1.722240830883779e+01
 0.89500  1.685849109175825e+01
 0.90000  1.651079562661143e+01
 0.90500  1.617864089895491e+01
 0.91000  1.586137872998375e+01
 0.91500  1.555839232965518e+01
 0.92000  1.526909491265012e+01
 0.92500  1.499292837451405e+01
 0.93000  1.472936202543113e+01
 0.93500  1.447789137919150e+01
 0.94000  1.423803699501454e+01
 0.94500  1.400934336998798e+01
 0.95000  1.379137787997727e+01
 0.95500  1.358373042719303e+01
 0.96000  1.338602679960441e+01
 0.96500  1.319792590771170e+01
 0.97000  1.301910333695171e+01
 0.97500  1.284925010330474e+01
 0.98000  1.268807213866123e+01
 0.98500  1.253528979334058e+01
 0.99000  1.239063735524187e+01
 0.99500  1.225386258512164e+01
 1.00000  1.212472626750895e+01
 1.00500  1.200300177678231e+01
 1.01000  1.188846430443169e+01
 1.01500  1.178084898432482e+01
 1.02000  1.167989109343889e+01
 1.02500  1.158534327498660e+01
 1.03000  1.149697444997661e+01
 1.03500  1.141456877898577e+01
 1.04000  1.133792468071686e+01
 1.04500  1.126685390453003e+01
 1.05000  1.120118065426604e+01
 1.05500  1.114074076080481e+01
 1.06000  1.108538047781417e+01
 1.06500  1.103493065011582e+01
 1.07000  1.098919403560124e+01
 1.07500  1.094798292100390e+01
 1.08000  1.091112153338895e+01
 1.08500  1.087844491835322e+01
 1.09000  1.084979788781895e+01
 1.09500  1.082503403370048e+01
 1.10000  1.080401480390352e+01
 1.10500  1.078660863728755e+01
 1.11000  1.077269015438600e+01
 1.11500  1.076213940083487e+01
 1.12000  1.075484114060953e+01
 1.12500  1.075068419631171e+01
 1.13000  1.074956070619144e+01
 1.13500  1.075135928614798e+01
 1.14000  1.075596191955211e+01
 1.14500  1.076325221160285e+01
 1.15000  1.077311556772161e+01
 1.15500  1.078543866821893e+01
 1.16000  1.080010898086950e+01
 1.16500  1.081701430918011e+01
 1.17000  1.083604237424618e+01
 1.17500  1.085708042819931e+01
 1.18000  1.088001489734961e+01
 1.18500  1.090473105322317e+01
 1.19000  1.093111270978702e+01
 1.19500  1.095905370146779e+01
 1.20000  1.098851526053294e+01
 1.20500  1.101948112824168e+01
 1.21000  1.105193208105555e+01
 1.21500  1.108584614899466e+01
 1.22000  1.112119885857869e+01
 1.22500  1.115796346172701e+01
 1.23000  1.119611115131192e+01
 1.23500  1.123561126402716e+01
 1.24000  1.127643147120380e+01
 1.24500  1.131853674608895e+01
 1.25000  1.136178529536596e+01
 1.25500  1.140584775807103e+01
 1.26000  1.145037278042701e+01
 1.26500  1.149500506742181e+01
 1.27000  1.153938464700403e+01
 1.27500  1.158314619140337e+01
 1.28000  1.162591839200912e+01
 1.28500  1.166732338442313e+01
 1.29000  1.170697622047856e+01
 1.29500  1.174448438418179e+01
 1.30000  1.177944734869328e+01
 1.30500  1.181145617161395e+01
 1.31000  1.184009312598730e+01
 1.31500  1.186493136456374e+01
 1.32000  1.188553461500412e+01
 1.32500  1.190146585667206e+01
 1.33000  1.191260426318715e+01
 1.33500  1.191923702236371e+01
 1.34000  1.192168150679603e+01
 1.34500  1.192026032816666e+01
 1.35000  1.191530223365833e+01
 1.35500  1.190714293193216e+01
 1.36000  1.189612585300687e+01
 1.36500  1.188260284615318e+01
 1.37000  1.186693481970669e+01
 1.37500  1.184949232650280e+01
 1.38000  1.183065609844572e+01
 1.38500  1.181081753354201e+01
 1.39000  1.179037913855600e+01
 1.39500  1.176975493027916e+01
 1.40000  1.174937079824896e+01
 1.40500  1.172965203583552e+01
 1.41000  1.171078484930607e+01
 1.41500  1.169273237482856e+01
 1.42000  1.167545122950729e+01
 1.42500  1.165889965207094e+01
 1.43000  1.164303739328208e+01
 1.43500  1.162782561213225e+01
 1.44000  1.161322677753527e+01
 1.44500  1.159920457524471e+01
 1.45000  1.158572381973407e+01
 1.45500  1.157275037079017e+01
 1.46000  1.156025105458222e+01
 1.46500  1.154819358897946e+01
 1.47000  1.153654651290144e+01
 1.47500  1.152527911949464e+01
 1.48000  1.151436139293890e+01
 1.48500  1.150376503079354e+01
 1.49000  1.149347528643214e+01
 1.49500  1.148348679160812e+01
 1.50000  1.147379528756455e+01
 1.50500  1.146439743524608e+01
 1.51000  1.145529077467540e+01
 1.51500  1.144647368626332e+01
 1.52000  1.143794535397037e+01
 1.52500  1.142970573024177e+01
 1.53000  1.142175550264059e+01
 1.53500  1.141409606210723e+01
 1.54000  1.140672947277641e+01
 1.54500  1.139965844328566e+01
 1.55000  1.139288629951233e+01
 1.55500  1.138641695867852e+01
 1.56000  1.138025490476617e+01
 1.56500  1.137440516518691e+01
 1.57000  1.136887328865354e+01
 1.57500  1.136366532420248e+01
 1.58000  1.135878780131852e+01
 1.58500  1.135424771111535e+01
 1.59000  1.135005212992826e+01
 1.59500  1.134620003065436e+01
 1.60000  1.134268193694559e+01
 1.60500  1.133948805695773e+01
 1.61000  1.133660865269264e+01
 1.61500  1.133403402665529e+01
 1.62000  1.133175450937610e+01
 1.62500  1.132976044774855e+01
 1.63000  1.132804219413426e+01
 1.63500  1.132659009619013e+01
 1.64000  1.132539448737462e+01
 1.64500  1.132444567809205e+01
 1.65000  1.132373394743618e+01
 1.65500  1.132324953549603e+01
 1.66000  1.132298263618896e+01
 1.66500  1.132292339058765e+01
 1.67000  1.132306188070952e+01
 1.67500  1.132338812373833e+01
 1.68000  1.132389206664991e+01
 1.68500  1.132456358121468e+01
 1.69000  1.132539245935154e+01
 1.69500  1.132636840880890e+01
 1.70000  1.132748104914972e+01
 1.70500  1.132871990801890e+01
 1.71000  1.133007441767222e+01
 1.71500  1.133153391174747e+01
 1.72000  1.133308762230984e+01
 1.72500  1.133472611123040e+01
 1.73000  1.133644505232794e+01
 1.73500  1.133824127885891e+01
 1.74000  1.134011161936113e+01
 1.74500  1.134205289521180e+01
 1.75000  1.134406191834868e+01
 1.75500  1.134613548914429e+01
 1.76000  1.134827039442321e+01
 1.76500  1.135046340561341e+01
 1.77000  1.135271127702283e+01
 1.77500  1.135501074423276e+01
 1.78000  1.135735852260031e+01
 1.78500  1.135975130586237e+01
 1.79000  1.136218576483404e+01
 1.79500  1.136465854619479e+01
 1.80000  1.136716627135602e+01
 1.80500  1.136970553540390e+01
 1.81000  1.137227290611191e+01
 1.81500  1.137486492301759e+01
 1.82000  1.137747809655841e+01
 1.82500  1.138010890726194e+01
 1.83000  1.138275380498562e+01
 1.83500  1.138540920820207e+01
 1.84000  1.138807150332548e+01
 1.84500  1.139073704407555e+01
 1.85000  1.139340215087501e+01
 1.85500  1.139606306772068e+01
 1.86000  1.139871530052236e+01
 1.86500  1.140135373475159e+01
 1.87000  1.140397319009305e+01
 1.87500  1.140656843690211e+01
 1.88000  1.140913419573796e+01
 1.88500  1.141166513690185e+01
 1.89000  1.141415587997805e+01
 1.89500  1.141660099337523e+01
 1.90000  1.141899499386635e+01
 1.90500  1.142133234612486e+01
 1.91000  1.142360746225556e+01
 1.91500  1.142581470131833e+01
 1.92000  1.142794836884304e+01
 1.92500  1.143000271633418e+01
 1.93000  1.143197194076375e+01
 1.93500  1.143385018405111e+01
 1.94000  1.143563153252843e+01
 1.94500  1.143731001639068e+01
 1.95000  1.143887960912890e+01
 1.95500  1.144033422694596e+01
 1.96000  1.144166772815347e+01
 1.96500  1.144287391254930e+01
 1.97000  1.144394652077462e+01
 1.97500  1.144487923364970e+01
 1.98000  1.144566567148782e+01
 1.98500  1.144629939667784e+01
 1.99000  1.144677670090579e+01
 1.99500  1.144710171712965e+01
 2.00000  1.144727997385130e+01
 2.00500  1.144731702281827e+01
 2.01000  1.144721843878353e+01
 2.01500  1.144698981930765e+01
 2.02000  1.144663678460254e+01
 2.02500  1.144616497741580e+01
 2.03000  1.144558006295525e+01
 2.03500  1.144488772885249e+01
 2.04000  1.144409368516508e+01
 2.04500  1.144320366441651e+01
 2.05000  1.144222342167321e+01
 2.05500  1.144115873465808e+01
 2.06000  1.144001540389970e+01
 2.06500  1.143879925291680e+01
 2.07000  1.143751612843718e+01
 2.07500  1.143617190065062e+01
 2.08000  1.143477246349517e+01
 2.08500  1.143332373497623e+01
 2.09000  1.143183165751790e+01
 2.09500  1.143030219834612e+01
 2.10000  1.142874134990301e+01
 2.10500  1.142715513029209e+01
 2.11000  1.142554958375368e+01
 2.11500  1.142393078117025e+01
 2.12000  1.142230453964992e+01
 2.12500  1.142067332730561e+01
 2.13000  1.141903739024252e+01
 2.13500  1.141739693307149e+01
 2.14000  1.141575215840270e+01
 2.14500  1.141410326694094e+01
 2.15000  1.141245045758066e+01
 2.15500  1.141079392750070e+01
 2.16000  1.140913387225863e+01
 2.16500  1.140747048588459e+01
 2.17000  1.140580396097465e+01
 2.17500  1.140413448878350e+01
 2.18000  1.140246225931665e+01
 2.18500  1.140078746142179e+01
 2.19000  1.139911028287952e+01
 2.19500  1.139743091049336e+01
 2.20000  1.139574953017890e+01
 2.20500  1.139406632705217e+01
 2.21000  1.139238148551723e+01
 2.21500  1.139069518935287e+01
 2.22000  1.138900762179848e+01
 2.22500  1.138731896563900e+01
 2.23000  1.138562940328910e+01
 2.23500  1.138393911687637e+01
 2.24000  1.138224828832374e+01
 2.24500  1.138055709943092e+01
 2.25000  1.137886573195503e+01
 2.25500  1.137717436769036e+01
 2.26000  1.137548318854726e+01
 2.26500  1.137379237663017e+01
 2.27000  1.137210211431483e+01
 2.27500  1.137041258432466e+01
 2.28000  1.136872396980632e+01
 2.28500  1.136703645440452e+01
 2.29000  1.136535022233599e+01
 2.29500  1.136366545846272e+01
 2.30000  1.136198234836450e+01
 2.30500  1.136030107841071e+01
 2.31000  1.135862183583140e+01
 2.31500  1.135694480878771e+01
 2.32000  1.135527018644170e+01
 2.32500  1.135359815902544e+01
 2.33000  1.135192891790962e+01
 2.33500  1.135026265567149e+01
 2.34000  1.134859956616234e+01
 2.34500  1.134693984457438e+01
 2.35000  1.134528368750717e+01
 2.35500  1.134363129303355e+01
 2.36000  1.134198286076517e+01
 2.36500  1.134033859191761e+01
 2.37000  1.133869868937502e+01
 2.37500  1.133706335775452e+01
 2.38000  1.133543280347025e+01
 2.38500  1.133380723479702e+01
 2.39000  1.133218686193383e+01
 2.39500  1.133057189706703e+01
 2.40000  1.132896255443334e+01
 2.40500  1.132735905038265e+01
 2.41000  1.132576160344066e+01
 2.41500  1.132417043437140e+01
 2.42000  1.132258576623967e+01
 2.42500  1.132100782447337e+01
 2.43000  1.131943683692581e+01
 2.43500  1.131787303393798e+01
 2.44000  1.131631664840089e+01
 2.44500  1.131476791581791e+01
 2.45000  1.131322707436715e+01
 2.45500  1.131169436496404e+01
 2.46000  1.131017003132392e+01
 2.46500  1.130865432002486e+01
 2.47000  1.130714748057067e+01
 2.47500  1.130564976545405e+01
 2.48000  1.130416143022004e+01
 2.48500  1.130268273352975e+01
 2.49000  1.130121393722431e+01
 2.49500  1.129975530638924e+01
 2.50000  1.129830710941905e+01
 2.50500  1.129686961808233e+01
 2.51000  1.129544310758722e+01
 2.51500  1.129402785664721e+01
 2.52000  1.129262414754755e+01
 2.52500  1.129123226621204e+01
 2.53000  1.128985250227034e+01
 2.53500  1.128848514912589e+01
 2.54000  1.128713050402430e+01
 2.54500  1.128578886812239e+01
 2.55000  1.128446054655785e+01
 2.55500  1.128314584851952e+01
 2.56000  1.128184508731831e+01
 2.56500  1.128055858045892e+01
 2.57000  1.127928664971217e+01
 2.57500  1.127802962118817e+01
 2.58000  1.127678782541016e+01
 2.58500  1.127556159738929e+01
 2.59000  1.127435127670010e+01
 2.59500  1.127315720755693e+01
 2.60000  1.127197973889119e+01
 2.60500  1.127081922442953e+01
 2.61000  1.126967602277296e+01
 2.61500  1.126855049747689e+01
 2.62000  1.126744301713220e+01
 2.62500  1.126635395544731e+01
 2.63000  1.126528369133129e+01
 2.63500  1.126423260897798e+01
 2.64000  1.126320109795132e+01
 2.64500  1.126218955327164e+01
 2.65000  1.126119830742281e+01
 2.65500  1.126022722918964e+01
 2.66000  1.125927599454394e+01
 2.66500  1.125834428338594e+01
 2.67000  1.125743178018349e+01
 2.67500  1.125653817392039e+01
 2.68000  1.125566315804485e+01
 2.68500  1.125480643041814e+01
 2.69000  1.125396769326353e+01
 2.69500  1.125314665311538e+01
 2.70000  1.125234302076847e+01
 2.70500  1.125155651122763e+01
 2.71000  1.125078684365756e+01
 2.71500  1.125003374133297e+01
 2.72000  1.124929693158894e+01
 2.72500  1.124857614577168e+01
 2.73000  1.124787111918946e+01
 2.73500  1.124718159106389e+01
 2.74000  1.124650730448157e+01
 2.74500  1.124584800634600e+01
 2.75000  1.124520344732979e+01
 2.75500  1.124457338182732e+01
 2.76000  1.124395756790762e+01
 2.76500  1.124335576726766e+01
 2.77000  1.124276774518600e+01
 2.77500  1.124219327047676e+01
 2.78000  1.124163211544397e+01
 2.78500  1.124108405583631e+01
 2.79000  1.124054887080217e+01
 2.79500  1.124002634284516e+01
 2.80000  1.123951625777994e+01
 2.80500  1.123901840468842e+01
 2.81000  1.123853257587642e+01
 2.81500  1.123805856683064e+01
 2.82000  1.123759617617606e+01
 2.82500  1.123714520563373e+01
 2.83000  1.123670545997896e+01
 2.83500  1.123627674699986e+01
 2.84000  1.123585887745632e+01
 2.84500  1.123545166503942e+01
 2.85000  1.123505492633114e+01
 2.85500  1.123466848076457e+01
 2.86000  1.123429215058444e+01
 2.86500  1.123392576080814e+01
 2.87000  1.123356913918703e+01
 2.87500  1.123322211616825e+01
 2.88000  1.123288452485689e+01
 2.88500  1.123255620097853e+01
 2.89000  1.123223698284223e+01
 2.89500  1.123192671130389e+01
 2.90000  1.123162522973005e+01
 2.90500  1.123133238396198e+01
 2.91000  1.123104802228031e+01
 2.91500  1.123077199536995e+01
 2.92000  1.123050415628543e+01
 2.92500  1.123024436041667e+01
 2.93000  1.122999246545507e+01
 2.93500  1.122974833136003e+01
 2.94000  1.122951182032590e+01
 2.94500  1.122928279674920e+01
 2.95000  1.122906112719635e+01
 2.95500  1.122884668037167e+01
 2.96000  1.122863932708586e+01
 2.96500  1.122843894022476e+01
 2.97000  1.122824539471855e+01
 2.97500  1.122805856751131e+01
 2.98000  1.122787833753093e+01
 2.98500  1.122770458565940e+01
 2.99000  1.122753719470346e+01
 2.99500  1.122737604936561e+01
 3.00000  1.122722103621548e+01
 3.00500  1.122707204366159e+01
 3.01000  1.122692896192336e+01
 3.01500  1.122679168300363e+01
 3.02000  1.122666010066138e+01
 3.02500  1.122653411038487e+01
 3.03000  1.122641360936509e+01
 3.03500  1.122629849646962e+01
 3.04000  1.122618867221671e+01
 3.04500  1.122608403874978e+01
 3.05000  1.122598449981223e+01
 3.05500  1.122588996072257e+01
 3.06000  1.122580032834985e+01
 3.06500  1.122571551108948e+01
 3.07000  1.122563541883931e+01
 3.07500  1.122555996297598e+01
 3.08000  1.122548905633175e+01
 3.08500  1.122542261317144e+01
 3.09000  1.122536054916980e+01
 3.09500  1.122530278138912e+01
 3.10000  1.122524922825720e+01
 3.10500  1.122519980954558e+01
 3.11000  1.122515444634801e+01
 3.11500  1.122511306105933e+01
 3.12000  1.122507557735452e+01
 3.12500  1.122504192016812e+01
 3.13000  1.122501201567385e+01
 3.13500  1.122498579126459e+01
 3.14000  1.122496317553255e+01
 3.14500  1.122494409824981e+01
 3.15000  1.122492849034900e+01
 3.15500  1.122491628390439e+01
 3.16000  1.122490741211309e+01
 3.16500  1.122490180927664e+01
 3.17000  1.122489941078278e+01
 3.17500  1.122490015308747e+01
 3.18000  1.122490397369724e+01
 3.18500  1.122491081115164e+01
 3.19000  1.122492060500608e+01
 3.19500  1.122493329581483e+01
 3.20000  1.122494882511427e+01
 3.20500  1.122496713540638e+01
 3.21000  1.122498817014247e+01
 3.21500  1.122501187370709e+01
 3.22000  1.122503819140224e+01
 3.22500  1.122506706943174e+01
 3.23000  1.122509845488588e+01
 3.23500  1.122513229572616e+01
 3.24000  1.122516854077044e+01
 3.24500  1.122520713967810e+01
 3.25000  1.122524804293556e+01
 3.25500  1.122529120184191e+01
 3.26000  1.122533656849477e+01
 3.26500  1.122538409577638e+01
 3.27000  1.122543373733985e+01
 3.27500  1.122548544759560e+01
 3.28000  1.122553918169802e+01
 3.28500  1.122559489553229e+01
 3.29000  1.122565254570141e+01
 3.29500  1.122571208951340e+01
 3.30000  1.122577348496867e+01
 3.30500  1.122583669074758e+01
 3.31000  1.122590166619818e+01
 3.31500  1.122596837132412e+01
 3.32000  1.122603676677272e+01
 3.32500  1.122610681382322e+01
 3.33000  1.122617847437516e+01
 3.33500  1.122625171093699e+01
 3.34000  1.122632648661478e+01
 3.34500  1.122640276510111e+01
 3.35000  1.122648051066411e+01
 3.35500  1.122655968813666e+01
 3.36000  1.122664026290575e+01
 3.36500  1.122672220090195e+01
 3.37000  1.122680546858905e+01
 3.37500  1.122689003295388e+01
 3.38000  1.122697586149619e+01
 3.38500  1.122706292221874e+01
 3.39000  1.122715118361750e+01
 3.39500  1.122724061467195e+01
 3.40000  1.122733118483561e+01
 3.40500  1.122742286402657e+01
 3.41000  1.122751562261828e+01
 3.41500  1.122760943143033e+01
 3.42000  1.122770426171949e+01
 3.42500  1.122780008517076e+01
 3.43000  1.122789687388862e+01
 3.43500  1.122799460038833e+01
 3.44000  1.122809323758738e+01
 3.44500  1.122819275879712e+01
 3.45000  1.122829313771431e+01
 3.45500  1.122839434841302e+01
 3.46000  1.122849636533646e+01
 3.46500  1.122859916328899e+01
 3.47000  1.122870271742820e+01
 3.47500  1.122880700325716e+01
 3.48000  1.122891199661667e+01
 3.48500  1.122901767367768e+01
 3.49000  1.122912401093380e+01
 3.49500  1.122923098519387e+01
 3.50000  1.122933857357466e+01
 3.50500  1.122944675349360e+01
 3.51000  1.122955550266171e+01
 3.51500  1.122966479907651e+01
 3.52000  1.122977462101505e+01
 3.52500  1.122988494702705e+01
 3.53000  1.122999575592810e+01
 3.53500  1.123010702679293e+01
 3.54000  1.123021873894876e+01
 3.54500  1.123033087196879e+01
 3.55000  1.123044340566565e+01
 3.55500  1.123055632008503e+01
 3.56000  1.123066959549933e+01
 3.56500  1.123078321240137e+01
 3.57000  1.123089715149823e+01
 3.57500  1.123101139370510e+01
 3.58000  1.123112592013917e+01
 3.58500  1.123124071211372e+01
 3.59000  1.123135575113208e+01
 3.59500  1.123147101888185e+01
 3.60000  1.123158649722898e+01
 3.60500  1.123170216821212e+01
 3.61000  1.123181801403682e+01
 3.61500  1.123193401706995e+01
 3.62000  1.123205015983407e+01
 3.62500  1.123216642500193e+01
 3.63000  1.123228279539092e+01
 3.63500  1.123239925395770e+01
 3.64000  1.123251578379277e+01
 3.64500  1.123263236811513e+01
 3.65000  1.123274899026699e+01
 3.65500  1.123286563370853e+01
 3.66000  1.123298228201264e+01
 3.66500  1.123309891885984e+01
 3.67000  1.123321552803304e+01
 3.67500  1.123333209341257e+01
 3.68000  1.123344859897103e+01
 3.68500  1.123356502876833e+01
 3.69000  1.123368136694667e+01
 3.69500  1.123379759772565e+01
 3.70000  1.123391370539732e+01
 3.70500  1.123402967432127e+01
 3.71000  1.123414548891984e+01
 3.71500  1.123426113367324e+01
 3.72000  1.123437659311479e+01
 3.72500  1.123449185182614e+01
 3.73000  1.123460689443250e+01
 3.73500  1.123472170559795e+01
 3.74000  1.123483627002072e+01
 3.74500  1.123495057242851e+01
 3.75000  1.123506459757386e+01
 3.75500  1.123517833022947e+01
 3.76000  1.123529175518359e+01
 3.76500  1.123540485723543e+01
 3.77000  1.123551762119055e+01
 3.77500  1.123563003185629e+01
 3.78000  1.123574207403720e+01
 3.78500  1.123585373253049e+01
 3.79000  1.123596499212149e+01
 3.79500  1.123607583757911e+01
 3.80000  1.123618625365131e+01
 3.80500  1.123629622506060e+01
 3.81000  1.123640573649949e+01
 3.81500  1.123651477262603e+01
 3.82000  1.123662331805925e+01
 3.82500  1.123673135737470e+01
 3.83000  1.123683887509992e+01
 3.83500  1.123694585570995e+01
 3.84000  1.123705228362282e+01
 3.84500  1.123715814319503e+01
 3.85000  1.123726341871707e+01
 3.85500  1.123736809440885e+01
 3.86000  1.123747215441526e+01
 3.86500  1.123757558280155e+01
 3.87000  1.123767836354885e+01
 3.87500  1.123778048054959e+01
 3.88000  1.123788191760297e+01
 3.88500  1.123798265841038e+01
 3.89000  1.123808268657079e+01
 3.89500  1.123818198557618e+01
 3.90000  1.123828053880692e+01
 3.90500  1.123837832952712e+01
 3.91000  1.123847534088002e+01
 3.91500  1.123857155588329e+01
 3.92000  1.123866695742436e+01
 3.92500  1.123876152825567e+01
 3.93000  1.123885525099001e+01
 3.93500  1.123894810809570e+01
 3.94000  1.123904008189183e+01
 3.94500  1.123913115454348e+01
 3.95000  1.123922130805682e+01
 3.95500  1.123931052427431e+01
 3.96000  1.123939878486978e+01
 3.96500  1.123948607134349e+01
 3.97000  1.123957236501722e+01
 3.97500  1.123965764702919e+01
 3.98000  1.123974189832916e+01
 3.98500  1.123982509967323e+01
 3.99000  1.123990723161886e+01
 3.99500  1.123998827451963e+01
 4.00000  1.124006820852014e+01
 4.00500  1.124014701355076e+01
 4.01000  1.124022466932234e+01
 4.01500  1.124030115532094e+01
 4.02000  1.124037645080246e+01
 4.02500  1.124045053478724e+01
 4.03000  1.124052338605463e+01
 4.03500  1.124059498313746e+01
 4.04000  1.124066530431652e+01
 4.04500  1.124073432761496e+01
 4.05000  1.124080203079261e+01
 4.05500  1.124086839134030e+01
 4.06000  1.124093338647410e+01
 4.06500  1.124099699312943e+01
 4.07000  1.124105918795530e+01
 4.07500  1.124111994730824e+01
 4.08000  1.124117924724639e+01
 4.08500  1.124123706352337e+01
 4.09000  1.124129337158220e+01
 4.09500  1.124134814654904e+01
 4.10000  1.124140136322698e+01
 4.10500  1.124145299608967e+01
 4.11000  1.124150301927491e+01
 4.11500  1.124155140657819e+01
 4.12000  1.124159813144610e+01
 4.12500  1.124164316696974e+01
 4.13000  1.124168648587798e+01
 4.13500  1.124172806053068e+01
 4.14000  1.124176786291182e+01
 4.14500  1.124180586462256e+01
 4.15000  1.124184203687417e+01
 4.15500  1.124187635048096e+01
 4.16000  1.124190877585302e+01
 4.16500  1.124193928298895e+01
 4.17000  1.124196784146845e+01
 4.17500  1.124199442044486e+01
 4.18000  1.124201898863757e+01
 4.18500  1.124204151432433e+01
 4.19000  1.124206196533353e+01
 4.19500  1.124208030903623e+01
 4.20000  1.124209651233829e+01
 4.20500  1.124211054167223e+01
 4.21000  1.124212236298905e+01
 4.21500  1.124213194174994e+01
 4.22000  1.124213924291790e+01
 4.22500  1.124214423094918e+01
 4.23000  1.124214686978468e+01
 4.23500  1.124214730382486e+01
 4.24000  1.124214730654893e+01
 4.24500  1.124214730921670e+01
 4.25000  1.124214731182933e+01
 4.25500  1.124214731438797e+01
 4.26000  1.124214731689371e+01
 4.26500  1.124214731934767e+01
 4.27000  1.124214732175090e+01
 4.27500  1.124214732410446e+01
 4.28000  1.124214732640938e+01
 4.28500  1.124214732866665e+01
 4.29000  1.124214733087728e+01
 4.29500  1.124214733304220e+01
 4.30000  1.124214733516239e+01
 4.30500  1.124214733723875e+01
 4.31000  1.124214733927219e+01
 4.31500  1.124214734126361e+01
 4.32000  1.124214734321386e+01
 4.32500  1.124214734512380e+01
 4.33000  1.124214734699427e+01
 4.33500  1.124214734882608e+01
 4.34000  1.124214735062002e+01
 4.34500  1.124214735237689e+01
 4.35000  1.124214735409744e+01
 4.35500  1.124214735578243e+01
 4.36000  1.124214735743260e+01
 4.36500  1.124214735904866e+01
 4.37000  1.124214736063131e+01
 4.37500  1.124214736218125e+01
 4.38000  1.124214736369916e+01
 4.38500  1.124214736518570e+01
 4.39000  1.124214736664151e+01
 4.39500  1.124214736806722e+01
 4.40000  1.124214736946347e+01
 4.40500  1.124214737083087e+01
 4.41000  1.124214737216999e+01
 4.41500  1.124214737348144e+01
 4.42000  1.124214737476579e+01
 4.42500  1.124214737602359e+01
 4.43000  1.124214737725539e+01
 4.43500  1.124214737846173e+01
 4.44000  1.124214737964313e+01
 4.44500  1.124214738080012e+01
 4.45000  1.124214738193320e+01
 4.45500  1.124214738304285e+01
 4.46000  1.124214738412957e+01
 4.46500  1.124214738519383e+01
 4.47000  1.124214738623609e+01
 4.47500  1.124214738725681e+01
 4.48000  1.124214738825643e+01
 4.48500  1.124214738923539e+01
 4.49000  1.124214739019411e+01
 4.49500  1.124214739113302e+01
 4.50000  1.124214739205253e+01
 4.50500  1.124214739295303e+01
 4.51000  1.124214739383491e+01
 4.51500  1.124214739469857e+01
 4.52000  1.124214739554438e+01
 4.52500  1.124214739637270e+01
 4.53000  1.124214739718391e+01
 4.53500  1.124214739797834e+01
 4.54000  1.124214739875636e+01
 4.54500  1.124214739951830e+01
 4.55000  1.124214740026449e+01
 4.55500  1.124214740099525e+01
 4.56000  1.124214740171091e+01
 4.56500  1.124214740241178e+01
 4.57000  1.124214740309817e+01
 4.57500  1.124214740377036e+01
 4.58000  1.124214740442867e+01
 4.58500  1.124214740507336e+01
 4.59000  1.124214740570473e+01
 4.59500  1.124214740632305e+01
 4.60000  1.124214740692859e+01
 4.60500  1.124214740752162e+01
 4.61000  1.124214740810239e+01
 4.61500  1.124214740867115e+01
 4.62000  1.124214740922816e+01
 4.62500  1.124214740977366e+01
 4.63000  1.124214741030788e+01
 4.63500  1.124214741083106e+01
 4.64000  1.124214741134342e+01
 4.64500  1.124214741184520e+01
 4.65000  1.124214741233660e+01
 4.65500  1.124214741281785e+01
 4.66000  1.124214741328915e+01
 4.66500  1.124214741375071e+01
 4.67000  1.124214741420272e+01
 4.67500  1.124214741464540e+01
 4.68000  1.124214741507893e+01
 4.68500  1.124214741550349e+01
 4.69000  1.124214741591929e+01
 4.69500  1.124214741632648e+01
 4.70000  1.124214741672526e+01
 4.70500  1.124214741711580e+01
 4.71000  1.124214741749826e+01
 4.71500  1.124214741787283e+01
 4.72000  1.124214741823964e+01
 4.72500  1.124214741859888e+01
 4.73000  1.124214741895069e+01
 4.73500  1.124214741929523e+01
 4.74000  1.124214741963265e+01
 4.74500  1.124214741996310e+01
 4.75000  1.124214742028671e+01
 4.75500  1.124214742060364e+01
 4.76000  1.124214742091402e+01
 4.76500  1.124214742121798e+01
 4.77000  1.124214742151565e+01
 4.77500  1.124214742180718e+01
 4.78000  1.124214742209268e+01
 4.78500  1.124214742237228e+01
 4.79000  1.124214742264610e+01
 4.79500  1.124214742291426e+01
 4.80000  1.124214742317687e+01
 4.80500  1.124214742343406e+01
 4.81000  1.124214742368594e+01
 4.81500  1.124214742393261e+01
 4.82000  1.124214742417418e+01
 4.82500  1.124214742441075e+01
 4.83000  1.124214742464244e+01
 4.83500  1.124214742486934e+01
 4.84000  1.124214742509155e+01
 4.84500  1.124214742530916e+01
 4.85000  1.124214742552228e+01
 4.85500  1.124214742573099e+01
 4.86000  1.124214742593539e+01
 4.86500  1.124214742613556e+01
 4.87000  1.124214742633160e+01
 4.87500  1.124214742652358e+01
 4.88000  1.124214742671160e+01
 4.88500  1.124214742689573e+01
 4.89000  1.124214742707606e+01
 4.89500  1.124214742725265e+01
 4.90000  1.124214742742560e+01
 4.90500  1.124214742759497e+01
 4.91000  1.124214742776084e+01
 4.91500  1.124214742792329e+01
 4.92000  1.124214742808237e+01
 4.92500  1.124214742823817e+01
 4.93000  1.124214742839075e+01
 4.93500  1.124214742854018e+01
 4.94000  1.124214742868651e+01
 4.94500  1.124214742882982e+01
 4.95000  1.124214742897017e+01
 4.95500  1.124214742910762e+01
 4.96000  1.124214742924223e+01
 4.96500  1.124214742937405e+01
 4.97000  1.124214742950315e+01
 4.97500  1.124214742962958e+01
 4.98000  1.124214742975340e+01
 4.98500  1.124214742987466e+01
 4.99000  1.124214742999341e+01
 4.99500  1.124214743010971e+01
 5.00000  1.124214743022361e+01
 5.00500  1.124214743033515e+01
 5.01000  1.124214743044439e+01
 5.01500  1.124214743055136e+01
 5.02000  1.124214743065613e+01
 5.02500  1.124214743075873e+01
 5.03000  1.124214743085921e+01
 5.03500  1.124214743095761e+01
 5.04000  1.124214743105398e+01
 5.04500  1.124214743114836e+01
 5.05000  1.124214743124079e+01
 5.05500  1.124214743133130e+01
 5.06000  1.124214743141995e+01
 5.06500  1.124214743150676e+01
 5.07000  1.124214743159178e+01
 5.07500  1.124214743167504e+01
 5.08000  1.124214743175659e+01
 5.08500  1.124214743183644e+01
 5.09000  1.124214743191464e+01
 5.09500  1.124214743199123e+01
 5.10000  1.124214743206624e+01
 5.10500  1.124214743213970e+01
 5.11000  1.124214743221163e+01
 5.11500  1.124214743228208e+01
 5.12000  1.124214743235108e+01
 5.12500  1.124214743241864e+01
 5.13000  1.124214743248482e+01
 5.13500  1.124214743254962e+01
 5.14000  1.124214743261309e+01
 5.14500  1.124214743267524e+01
 5.15000  1.124214743273610e+01
 5.15500  1.124214743279571e+01
 5.16000  1.124214743285409e+01
 5.16500  1.124214743291126e+01
 5.17000  1.124214743296725e+01
 5.17500  1.124214743302208e+01
 5.18000  1.124214743307579e+01
 5.18500  1.124214743312838e+01
 5.19000  1.124214743317988e+01
 5.19500  1.124214743323031e+01
 5.20000  1.124214743327971e+01
 5.20500  1.124214743332808e+01
 5.21000  1.124214743337546e+01
 5.21500  1.124214743342185e+01
 5.22000  1.124214743346729e+01
 5.22500  1.124214743351179e+01
 5.23000  1.124214743355537e+01
 5.23500  1.124214743359804e+01
 5.24000  1.124214743363984e+01
 5.24500  1.124214743368077e+01
 5.25000  1.124214743372085e+01
 5.25500  1.124214743376011e+01
 5.26000  1.124214743379855e+01
 5.26500  1.124214743383620e+01
 5.27000  1.124214743387308e+01
 5.27500  1.124214743390919e+01
 5.28000  1.124214743394455e+01
 5.28500  1.124214743397918e+01
 5.29000  1.124214743401310e+01
 5.29500  1.124214743404631e+01
 5.30000  1.124214743407884e+01
 5.30500  1.124214743411070e+01
 5.31000  1.124214743414190e+01
 5.31500  1.124214743417245e+01
 5.32000  1.124214743420237e+01
 5.32500  1.124214743423168e+01
 5.33000  1.124214743426037e+01
 5.33500  1.124214743428848e+01
 5.34000  1.124214743431601e+01
 5.34500  1.124214743434296e+01
 5.35000  1.124214743436936e+01
 5.35500  1.124214743439521e+01
 5.36000  1.124214743442053e+01
 5.36500  1.124214743444532e+01
 5.37000  1.124214743446961e+01
 5.37500  1.124214743449338e+01
 5.38000  1.124214743451667e+01
 5.38500  1.124214743453948e+01
 5.39000  1.124214743456182e+01
 5.39500  1.124214743458369e+01
 5.40000  1.124214743460511e+01
 5.40500  1.124214743462609e+01
 5.41000  1.124214743464664e+01
 5.41500  1.124214743466676e+01
 5.42000  1.124214743468646e+01
 5.42500  1.124214743470576e+01
 5.43000  1.124214743472466e+01
 5.43500  1.124214743474317e+01
 5.44000  1.124214743476130e+01
 5.44500  1.124214743477905e+01
 5.45000  1.124214743479643e+01
 5.45500  1.124214743481346e+01
 5.46000  1.124214743483013e+01
 5.46500  1.124214743484646e+01
 5.47000  1.124214743486245e+01
 5.47500  1.124214743487811e+01
 5.48000  1.124214743489345e+01
 5.48500  1.124214743490847e+01
 5.49000  1.124214743492318e+01
 5.49500  1.124214743493758e+01
 5.50000  1.124214743495169e+01
 5.50500  1.124214743496551e+01
 5.51000  1.124214743497904e+01
 5.51500  1.124214743499229e+01
 5.52000  1.124214743500526e+01
 5.52500  1.124214743501797e+01
 5.53000  1.124214743503042e+01
 5.53500  1.124214743504261e+01
 5.54000  1.124214743505454e+01
 5.54500  1.124214743506623e+01
 5.55000  1.124214743507769e+01
 5.55500  1.124214743508890e+01
 5.56000  1.124214743509988e+01
 5.56500  1.124214743511063e+01
 5.57000  1.124214743512116e+01
 5.57500  1.124214743513147e+01
 5.58000  1.124214743514157e+01
 5.58500  1.124214743515146e+01
 5.59000  1.124214743516115e+01
 5.59500  1.124214743517064e+01
 5.60000  1.124214743517993e+01
 5.60500  1.124214743518903e+01
 5.61000  1.124214743519794e+01
 5.61500  1.124214743520666e+01
 5.62000  1.124214743521521e+01
 5.62500  1.124214743522358e+01
 5.63000  1.124214743523178e+01
 5.63500  1.124214743523980e+01
 5.64000  1.124214743524766e+01
 5.64500  1.124214743525536e+01
 5.65000  1.124214743526290e+01
 5.65500  1.124214743527029e+01
 5.66000  1.124214743527752e+01
 5.66500  1.124214743528460e+01
 5.67000  1.124214743529153e+01
 5.67500  1.124214743529832e+01
 5.68000  1.124214743530498e+01
 5.68500  1.124214743531149e+01
 5.69000  1.124214743531787e+01
 5.69500  1.124214743532412e+01
 5.70000  1.124214743533024e+01
 5.70500  1.124214743533623e+01
 5.71000  1.124214743534210e+01
 5.71500  1.124214743534784e+01
 5.72000  1.124214743535347e+01
 5.72500  1.124214743535898e+01
 5.73000  1.124214743536438e+01
 5.73500  1.124214743536967e+01
 5.74000  1.124214743537484e+01
 5.74500  1.124214743537991e+01
 5.75000  1.124214743538488e+01
 5.75500  1.124214743538974e+01
 5.76000  1.124214743539450e+01
 5.76500  1.124214743539917e+01
 5.77000  1.124214743540373e+01
 5.77500  1.124214743540821e+01
 5.78000  1.124214743541259e+01
 5.78500  1.124214743541688e+01
 5.79000  1.124214743542108e+01
 5.79500  1.124214743542519e+01
 5.80000  1.124214743542922e+01
 5.80500  1.124214743543317e+01
 5.81000  1.124214743543703e+01
 5.81500  1.124214743544082e+01
 5.82000  1.124214743544452e+01
 5.82500  1.124214743544815e+01
 5.83000  1.124214743545171e+01
 5.83500  1.124214743545519e+01
 5.84000  1.124214743545860e+01
 5.84500  1.124214743546194e+01
 5.85000  1.124214743546521e+01
 5.85500  1.124214743546841e+01
 5.86000  1.124214743547154e+01
 5.86500  1.124214743547462e+01
 5.87000  1.124214743547762e+01
 5.87500  1.124214743548057e+01
 5.88000  1.124214743548345e+01
 5.88500  1.124214743548628e+01
 5.89000  1.124214743548904e+01
 5.89500  1.124214743549175e+01
 5.90000  1.124214743549441e+01
 5.90500  1.124214743549701e+01
 5.91000  1.124214743549955e+01
 5.91500  1.124214743550205e+01
 5.92000  1.124214743550449e+01
 5.92500  1.124214743550688e+01
 5.93000  1.124214743550922e+01
 5.93500  1.124214743551151e+01
 5.94000  1.124214743551375e+01
 5.94500  1.124214743551595e+01
 5.95000  1.124214743551811e+01
 5.95500  1.124214743552021e+01
 5.96000  1.124214743552228e+01
 5.96500  1.124214743552430e+01
 5.97000  1.124214743552628e+01
 5.97500  1.124214743552822e+01
 5.98000  1.124214743553012e+01
 5.98500  1.124214743553198e+01
 5.99000  1.124214743553381e+01
 5.99500  1.124214743553559e+01
 6.00000  1.124214743553734e+01
 6.00500  1.124214743553905e+01
 6.01000  1.124214743554072e+01
 6.01500  1.124214743554237e+01
 6.02000  1.124214743554397e+01
 6.02500  1.124214743554555e+01
 6.03000  1.124214743554709e+01
 6.03500  1.124214743554860e+01
 6.04000  1.124214743555008e+01
 6.04500  1.124214743555153e+01
 6.05000  1.124214743555294e+01
 6.05500  1.124214743555433e+01
 6.06000  1.124214743555569e+01
 6.06500  1.124214743555702e+01
 6.07000  1.124214743555833e+01
 6.07500  1.124214743555961e+01
 6.08000  1.124214743556086e+01
 6.08500  1.124214743556208e+01
 6.09000  1.124214743556328e+01
 6.09500  1.124214743556446e+01
 6.10000  1.124214743556561e+01
 6.10500  1.124214743556673e+01
 6.11000  1.124214743556784e+01
 6.11500  1.124214743556892e+01
 6.12000  1.124214743556998e+01
 6.12500  1.124214743557101e+01
 6.13000  1.124214743557203e+01
 6.13500  1.124214743557302e+01
 6.14000  1.124214743557400e+01
 6.14500  1.124214743557495e+01
 6.15000  1.124214743557588e+01
 6.15500  1.124214743557680e+01
 6.16000  1.124214743557770e+01
 6.16500  1.124214743557857e+01
 6.17000  1.124214743557943e+01
 6.17500  1.124214743558027e+01
 6.18000  1.124214743558110e+01
 6.18500  1.124214743558190e+01
 6.19000  1.124214743558269e+01
 6.19500  1.124214743558347e+01
 6.20000  1.124214743558423e+01
 6.20500  1.124214743558497e+01
 6.21000  1.124214743558570e+01
 6.21500  1.124214743558641e+01
 6.22000  1.124214743558710e+01
 6.22500  1.124214743558779e+01
 6.23000  1.124214743558846e+01
 6.23500  1.124214743558911e+01
 6.24000  1.124214743558975e+01
 6.24500  1.124214743559038e+01
 6.25000  1.124214743559099e+01
 6.25500  1.124214743559160e+01
 6.26000  1.124214743559219e+01
 6.26500  1.124214743559276e+01
 6.27000  1.124214743559333e+01
 6.27500  1.124214743559388e+01
 6.28000  1.124214743559443e+01
 6.28500  1.124214743559496e+01
 6.29000  1.124214743559548e+01
 6.29500  1.124214743559599e+01
 6.30000  1.124214743559649e+01
 6.30500  1.124214743559698e+01
 6.31000  1.124214743559746e+01
 6.31500  1.124214743559792e+01
 6.32000  1.124214743559838e+01
 6.32500  1.124214743559883e+01
 6.33000  1.124214743559927e+01
 6.33500  1.124214743559970e+01
 6.34000  1.124214743560013e+01
 6.34500  1.124214743560054e+01
 6.35000  1.124214743560094e+01
 6.35500  1.124214743560134e+01
 6.36000  1.124214743560173e+01
 6.36500  1.124214743560211e+01
 6.37000  1.124214743560248e+01
 6.37500  1.124214743560285e+01
 6.38000  1.124214743560320e+01
 6.38500  1.124214743560355e+01
 6.39000  1.124214743560390e+01
 6.39500  1.124214743560423e+01
 6.40000  1.124214743560456e+01
 6.40500  1.124214743560488e+01
 6.41000  1.124214743560520e+01
 6.41500  1.124214743560551e+01
 6.42000  1.124214743560581e+01
 6.42500  1.124214743560611e+01
 6.43000  1.124214743560639e+01
 6.43500  1.124214743560668e+01
 6.44000  1.124214743560696e+01
 6.44500  1.124214743560723e+01
 6.45000  1.124214743560750e+01
 6.45500  1.124214743560776e+01
 6.46000  1.124214743560801e+01
 6.46500  1.124214743560826e+01
 6.47000  1.124214743560851e+01
 6.47500  1.124214743560875e+01
 6.48000  1.124214743560898e+01
 6.48500  1.124214743560922e+01
 6.49000  1.124214743560944e+01
 6.49500  1.124214743560966e+01
 6.50000  1.124214743560988e+01
 6.50500  1.124214743561009e+01
 6.51000  1.124214743561030e+01
 6.51500  1.124214743561050e+01
 6.52000  1.124214743561070e+01
 6.52500  1.124214743561090e+01
 6.53000  1.124214743561109e+01
 6.53500  1.124214743561127e+01
 6.54000  1.124214743561146e+01
 6.54500  1.124214743561164e+01
 6.55000  1.124214743561181e+01
 6.55500  1.124214743561198e+01
 6.56000  1.124214743561215e+01
 6.56500  1.124214743561232e+01
 6.57000  1.124214743561248e+01
 6.57500  1.124214743561264e+01
 6.58000  1.124214743561279e+01
 6.58500  1.124214743561294e+01
 6.59000  1.124214743561309e+01
 6.59500  1.124214743561324e+01
 6.60000  1.124214743561338e+01
 6.60500  1.124214743561352e+01
 6.61000  1.124214743561366e+01
 6.61500  1.124214743561379e+01
 6.62000  1.124214743561392e+01
 6.62500  1.124214743561405e+01
 6.63000  1.124214743561418e+01
 6.63500  1.124214743561430e+01
 6.64000  1.124214743561442e+01
 6.64500  1.124214743561454e+01
 6.65000  1.124214743561465e+01
 6.65500  1.124214743561477e+01
 6.66000  1.124214743561488e+01
 6.66500  1.124214743561499e+01
 6.67000  1.124214743561509e+01
 6.67500  1.124214743561520e+01
 6.68000  1.124214743561530e+01
 6.68500  1.124214743561540e+01
 6.69000  1.124214743561550e+01
 6.69500  1.124214743561559e+01
 6.70000  1.124214743561569e+01
 6.70500  1.124214743561578e+01
 6.71000  1.124214743561587e+01
 6.71500  1.124214743561596e+01
 6.72000  1.124214743561604e+01
 6.72500  1.124214743561613e+01
 6.73000  1.124214743561621e+01
 6.73500  1.124214743561629e+01
 6.74000  1.124214743561637e+01
 6.74500  1.124214743561645e+01
 6.75000  1.124214743561653e+01
 6.75500  1.124214743561660e+01
 6.76000  1.124214743561667e+01
 6.76500  1.124214743561674e+01
 6.77000  1.124214743561681e+01
 6.77500  1.124214743561688e+01
 6.78000  1.124214743561695e+01
 6.78500  1.124214743561702e+01
 6.79000  1.124214743561708e+01
 6.79500  1.124214743561714e+01
 6.80000  1.124214743561720e+01
 6.80500  1.124214743561727e+01
 6.81000  1.124214743561732e+01
 6.81500  1.124214743561738e+01
 6.82000  1.124214743561744e+01
 6.82500  1.124214743561750e+01
 6.83000  1.124214743561755e+01
 6.83500  1.124214743561761e+01
 6.84000  1.124214743561765e+01
 6.84500  1.124214743561771e+01
 6.85000  1.124214743561776e+01
 6.85500  1.124214743561781e+01
 6.86000  1.124214743561785e+01
 6.86500  1.124214743561790e+01
 6.87000  1.124214743561795e+01
 6.87500  1.124214743561799e+01
 6.88000  1.124214743561804e+01
 6.88500  1.124214743561808e+01
 6.89000  1.124214743561812e+01
 6.89500  1.124214743561816e+01
 6.90000  1.124214743561821e+01
 6.90500  1.124214743561824e+01
 6.91000  1.124214743561828e+01
 6.91500  1.124214743561832e+01
 6.92000  1.124214743561836e+01
 6.92500  1.124214743561840e+01
 6.93000  1.124214743561843e+01
 6.93500  1.124214743561847e+01
 6.94000  1.124214743561850e+01
 6.94500  1.124214743561854e+01
 6.95000  1.124214743561857e+01
 6.95500  1.124214743561860e+01
 6.96000  1.124214743561863e+01
 6.96500  1.124214743561866e+01
 6.97000  1.124214743561869e+01
 6.97500  1.124214743561872e+01
 6.98000  1.124214743561875e+01
 6.98500  1.124214743561878e+01
 6.99000  1.124214743561881e+01
 6.99500  1.124214743561884e+01
 7.00000  1.124214743561886e+01
 7.00500  1.124214743561889e+01
 7.01000  1.124214743561891e+01
 7.01500  1.124214743561894e+01
 7.02000  1.124214743561897e+01
 7.02500  1.124214743561899e+01
 7.03000  1.124214743561901e+01
 7.03500  1.124214743561904e+01
 7.04000  1.124214743561906e+01
 7.04500  1.124214743561908e+01
 7.05000  1.124214743561910e+01
 7.05500  1.124214743561912e+01
 7.06000  1.124214743561915e+01
 7.06500  1.124214743561917e+01
 7.07000  1.124214743561919e+01
 7.07500  1.124214743561921e+01
 7.08000  1.124214743561923e+01
 7.08500  1.124214743561924e+01
 7.09000  1.124214743561926e+01
 7.09500  1.124214743561928e+01
 7.10000  1.124214743561930e+01
 7.10500  1.124214743561932e+01
 7.11000  1.124214743561933e+01
 7.11500  1.124214743561935e+01
 7.12000  1.124214743561937e+01
 7.12500  1.124214743561938e+01
 7.13000  1.124214743561940e+01
 7.13500  1.124214743561941e+01
 7.14000  1.124214743561943e+01
 7.14500  1.124214743561944e+01
 7.15000  1.124214743561946e+01
 7.15500  1.124214743561947e+01
 7.16000  1.124214743561948e+01
 7.16500  1.124214743561950e+01
 7.17000  1.124214743561951e+01
 7.17500  1.124214743561952e+01
 7.18000  1.124214743561954e+01
 7.18500  1.124214743561955e+01
 7.19000  1.124214743561956e+01
 7.19500  1.124214743561957e+01
 7.20000  1.124214743561958e+01
 7.20500  1.124214743561959e+01
 7.21000  1.124214743561961e+01
 7.21500  1.124214743561962e+01
 7.22000  1.124214743561963e+01
 7.22500  1.124214743561964e+01
 7.23000  1.124214743561965e+01
 7.23500  1.124214743561966e+01
 7.24000  1.124214743561967e+01
 7.24500  1.124214743561968e+01
 7.25000  1.124214743561969e+01
 7.25500  1.124214743561970e+01
 7.26000  1.124214743561970e+01
 7.26500  1.124214743561971e+01
 7.27000  1.124214743561972e+01
 7.27500  1.124214743561973e+01
 7.28000  1.124214743561974e+01
 7.28500  1.124214743561975e+01
 7.29000  1.124214743561976e+01
 7.29500  1.124214743561976e+01
 7.30000  1.124214743561977e+01
 7.30500  1.124214743561978e+01
 7.31000  1.124214743561979e+01
 7.31500  1.124214743561979e+01
 7.32000  1.124214743561980e+01
 7.32500  1.124214743561981e+01
 7.33000  1.124214743561981e+01
 7.33500  1.124214743561982e+01
 7.34000  1.124214743561983e+01
 7.34500  1.124214743561983e+01
 7.35000  1.124214743561984e+01
 7.35500  1.124214743561985e+01
 7.36000  1.124214743561985e+01
 7.36500  1.124214743561986e+01
 7.37000  1.124214743561986e+01
 7.37500  1.124214743561987e+01
 7.38000  1.124214743561988e+01
 7.38500  1.124214743561988e+01
 7.39000  1.124214743561989e+01
 7.39500  1.124214743561989e+01
 7.40000  1.124214743561990e+01
 7.40500  1.124214743561990e+01
 7.41000  1.124214743561991e+01
 7.41500  1.124214743561991e+01
 7.42000  1.124214743561991e+01
 7.42500  1.124214743561992e+01
 7.43000  1.124214743561992e+01
 7.43500  1.124214743561993e+01
 7.44000  1.124214743561993e+01
 7.44500  1.124214743561994e+01
 7.45000  1.124214743561994e+01
 7.45500  1.124214743561994e+01
 7.46000  1.124214743561995e+01
 7.46500  1.124214743561995e+01
 7.47000  1.124214743561996e+01
 7.47500  1.124214743561996e+01
 7.48000  1.124214743561996e+01
 7.48500  1.124214743561997e+01
 7.49000  1.124214743561997e+01
 7.49500  1.124214743561997e+01
 7.50000  1.124214743561998e+01
 7.50500  1.124214743561998e+01
 7.51000  1.124214743561998e+01
 7.51500  1.124214743561999e+01
 7.52000  1.124214743561999e+01
 7.52500  1.124214743561999e+01
 7.53000  1.124214743562000e+01
 7.53500  1.124214743562000e+01
 7.54000  1.124214743562000e+01
 7.54500  1.124214743562001e+01
 7.55000  1.124214743562001e+01
 7.55500  1.124214743562001e+01
 7.56000  1.124214743562001e+01
 7.56500  1.124214743562002e+01
 7.57000  1.124214743562002e+01
 7.57500  1.124214743562002e+01
 7.58000  1.124214743562002e+01
 7.58500  1.124214743562002e+01
 7.59000  1.124214743562003e+01
 7.59500  1.124214743562003e+01
 7.60000  1.124214743562003e+01
 7.60500  1.124214743562003e+01
 7.61000  1.124214743562004e+01
 7.61500  1.124214743562004e+01
 7.62000  1.124214743562004e+01
 7.62500  1.124214743562004e+01
 7.63000  1.124214743562004e+01
 7.63500  1.124214743562004e+01
 7.64000  1.124214743562005e+01
 7.64500  1.124214743562005e+01
 7.65000  1.124214743562005e+01
 7.65500  1.124214743562005e+01
 7.66000  1.124214743562005e+01
 7.66500  1.124214743562005e+01
 7.67000  1.124214743562006e+01
 7.67500  1.124214743562006e+01
 7.68000  1.124214743562006e+01
 7.68500  1.124214743562006e+01
 7.69000  1.124214743562006e+01
 7.69500  1.124214743562007e+01
 7.70000  1.124214743562007e+01
 7.70500  1.124214743562007e+01
 7.71000  1.124214743562007e+01
 7.71500  1.124214743562007e+01
 7.72000  1.124214743562007e+01
 7.72500  1.124214743562007e+01
 7.73000  1.124214743562007e+01
 7.73500  1.124214743562007e+01
 7.74000  1.124214743562008e+01
 7.74500  1.124214743562008e+01
 7.75000  1.124214743562008e+01
 7.75500  1.124214743562008e+01
 7.76000  1.124214743562008e+01
 7.76500  1.124214743562008e+01
 7.77000  1.124214743562008e+01
 7.77500  1.124214743562008e+01
 7.78000  1.124214743562009e+01
 7.78500  1.124214743562009e+01
 7.79000  1.124214743562009e+01
 7.79500  1.124214743562009e+01
 7.80000  1.124214743562009e+01
 7.80500  1.124214743562009e+01
 7.81000  1.124214743562009e+01
 7.81500  1.124214743562009e+01
 7.82000  1.124214743562009e+01
 7.82500  1.124214743562010e+01
 7.83000  1.124214743562010e+01
 7.83500  1.124214743562010e+01
 7.84000  1.124214743562010e+01
 7.84500  1.124214743562010e+01
 7.85000  1.124214743562010e+01
 7.85500  1.124214743562010e+01
 7.86000  1.124214743562010e+01
 7.86500  1.124214743562010e+01
 7.87000  1.124214743562010e+01
 7.87500  1.124214743562010e+01
 7.88000  1.124214743562010e+01
 7.88500  1.124214743562010e+01
 7.89000  1.124214743562010e+01
 7.89500  1.124214743562010e+01
 7.90000  1.124214743562011e+01
 7.90500  1.124214743562011e+01
 7.91000  1.124214743562011e+01
 7.91500  1.124214743562011e+01
 7.92000  1.124214743562011e+01
 7.92500  1.124214743562011e+01
 7.93000  1.124214743562011e+01
 7.93500  1.124214743562011e+01
 7.94000  1.124214743562011e+01
 7.94500  1.124214743562011e+01
 7.95000  1.124214743562011e+01
 7.95500  1.124214743562011e+01
 7.96000  1.124214743562011e+01
 7.96500  1.124214743562011e+01
 7.97000  1.124214743562011e+01
 7.97500  1.124214743562011e+01
 7.98000  1.124214743562011e+01
 7.98500  1.124214743562011e+01
 7.99000  1.124214743562011e+01
 7.99500  1.124214743562012e+01
 8.00000  1.124214743562012e+01
 8.00500  1.124214743562012e+01
 8.01000  1.124214743562012e+01
 8.01500  1.124214743562012e+01
 8.02000  1.124214743562012e+01
 8.02500  1.124214743562012e+01
 8.03000  1.124214743562012e+01
 8.03500  1.124214743562012e+01
 8.04000  1.124214743562012e+01
 8.04500  1.124214743562012e+01
 8.05000  1.124214743562012e+01
 8.05500  1.124214743562012e+01
 8.06000  1.124214743562012e+01
 8.06500  1.124214743562012e+01
 8.07000  1.124214743562012e+01
 8.07500  1.124214743562012e+01
 8.08000  1.124214743562012e+01
 8.08500  1.124214743562012e+01
 8.09000  1.124214743562012e+01
 8.09500  1.124214743562012e+01
 8.10000  1.124214743562012e+01
 8.10500  1.124214743562012e+01
 8.11000  1.124214743562012e+01
 8.11500  1.124214743562012e+01
 8.12000  1.124214743562012e+01
 8.12500  1.124214743562012e+01
 8.13000  1.124214743562012e+01
 8.13500  1.124214743562012e+01
 8.14000  1.124214743562012e+01
 8.14500  1.124214743562012e+01
 8.15000  1.124214743562012e+01
 8.15500  1.124214743562012e+01
 8.16000  1.124214743562012e+01
 8.16500  1.124214743562012e+01
 8.17000  1.124214743562012e+01
 8.17500  1.124214743562013e+01
 8.18000  1.124214743562013e+01
 8.18500  1.124214743562013e+01
 8.19000  1.124214743562013e+01
 8.19500  1.124214743562013e+01
 8.20000  1.124214743562013e+01
 8.20500  1.124214743562013e+01
 8.21000  1.124214743562013e+01
 8.21500  1.124214743562013e+01
 8.22000  1.124214743562013e+01
 8.22500  1.124214743562013e+01
 8.23000  1.124214743562013e+01
 8.23500  1.124214743562013e+01
 8.24000  1.124214743562013e+01
 8.24500  1.124214743562013e+01
 8.25000  1.124214743562013e+01
 8.25500  1.124214743562013e+01
 8.26000  1.124214743562013e+01
 8.26500  1.124214743562013e+01
 8.27000  1.124214743562013e+01
 8.27500  1.124214743562013e+01
 8.28000  1.124214743562013e+01
 8.28500  1.124214743562013e+01
 8.29000  1.124214743562013e+01
 8.29500  1.124214743562013e+01
 8.30000  1.124214743562013e+01
 8.30500  1.124214743562013e+01
 8.31000  1.124214743562013e+01
 8.31500  1.124214743562013e+01
 8.32000  1.124214743562013e+01
 8.32500  1.124214743562013e+01
 8.33000  1.124214743562013e+01
 8.33500  1.124214743562013e+01
 8.34000  1.124214743562013e+01
 8.34500  1.124214743562013e+01
 8.35000  1.124214743562013e+01
 8.35500  1.124214743562013e+01
 8.36000  1.124214743562013e+01
 8.36500  1.124214743562013e+01
 8.37000  1.124214743562013e+01
 8.37500  1.124214743562013e+01
 8.38000  1.124214743562013e+01
 8.38500  1.124214743562013e+01
 8.39000  1.124214743562013e+01
 8.39500  1.124214743562013e+01
 8.40000  1.124214743562013e+01
 8.40500  1.124214743562013e+01
 8.41000  1.124214743562013e+01
 8.41500  1.124214743562013e+01
 8.42000  1.124214743562013e+01
 8.42500  1.124214743562013e+01
 8.43000  1.124214743562013e+01
 8.43500  1.124214743562013e+01
 8.44000  1.124214743562013e+01
 8.44500  1.124214743562013e+01
 8.45000  1.124214743562013e+01
 8.45500  1.124214743562013e+01
 8.46000  1.124214743562013e+01
 8.46500  1.124214743562013e+01
 8.47000  1.124214743562013e+01
 8.47500  1.124214743562013e+01
 8.48000  1.124214743562013e+01
 8.48500  1.124214743562013e+01
 8.49000  1.124214743562013e+01
 8.49500  1.124214743562013e+01
 8.50000  1.124214743562013e+01
 8.50500  1.124214743562013e+01
 8.51000  1.124214743562013e+01
 8.51500  1.124214743562013e+01
 8.52000  1.124214743562013e+01
 8.52500  1.124214743562013e+01
 8.53000  1.124214743562013e+01
 8.53500  1.124214743562013e+01
 8.54000  1.124214743562013e+01
 8.54500  1.124214743562013e+01
 8.55000  1.124214743562013e+01
 8.55500  1.124214743562013e+01
 8.56000  1.124214743562013e+01
 8.56500  1.124214743562013e+01
 8.57000  1.124214743562013e+01
 8.57500  1.124214743562013e+01
 8.58000  1.124214743562013e+01
 8.58500  1.124214743562013e+01
 8.59000  1.124214743562013e+01
 8.59500  1.124214743562013e+01
 8.60000  1.124214743562013e+01
 8.60500  1.124214743562013e+01
 8.61000  1.124214743562013e+01
 8.61500  1.124214743562013e+01
 8.62000  1.124214743562013e+01
 8.62500  1.124214743562013e+01
 8.63000  1.124214743562013e+01
 8.63500  1.124214743562013e+01
 8.64000  1.124214743562013e+01
 8.64500  1.124214743562013e+01
 8.65000  1.124214743562013e+01
 8.65500  1.124214743562013e+01
 8.66000  1.124214743562013e+01
 8.66500  1.124214743562013e+01
 8.67000  1.124214743562013e+01
 8.67500  1.124214743562013e+01
 8.68000  1.124214743562013e+01
 8.68500  1.124214743562013e+01
 8.69000  1.124214743562013e+01
 8.69500  1.124214743562013e+01
 8.70000  1.124214743562013e+01
 8.70500  1.124214743562013e+01
 8.71000  1.124214743562013e+01
 8.71500  1.124214743562013e+01
 8.72000  1.124214743562013e+01
 8.72500  1.124214743562013e+01
 8.73000  1.124214743562013e+01
 8.73500  1.124214743562013e+01
 8.74000  1.124214743562013e+01
 8.74500  1.124214743562013e+01
 8.75000  1.124214743562013e+01
 8.75500  1.124214743562013e+01
 8.76000  1.124214743562013e+01
 8.76500  1.124214743562013e+01
 8.77000  1.124214743562013e+01
 8.77500  1.124214743562013e+01
 8.78000  1.124214743562013e+01
 8.78500  1.124214743562013e+01
 8.79000  1.124214743562013e+01
 8.79500  1.124214743562013e+01
 8.80000  1.124214743562013e+01
 8.80500  1.124214743562013e+01
 8.81000  1.124214743562013e+01
 8.81500  1.124214743562013e+01
 8.82000  1.124214743562013e+01
 8.82500  1.124214743562013e+01
 8.83000  1.124214743562013e+01
 8.83500  1.124214743562013e+01
 8.84000  1.124214743562013e+01
 8.84500  1.124214743562013e+01
 8.85000  1.124214743562013e+01
 8.85500  1.124214743562013e+01
 8.86000  1.124214743562013e+01
 8.86500  1.124214743562013e+01
 8.87000  1.124214743562013e+01
 8.87500  1.124214743562013e+01
 8.88000  1.124214743562013e+01
 8.88500  1.124214743562013e+01
 8.89000  1.124214743562013e+01
 8.89500  1.124214743562013e+01
 8.90000  1.124214743562013e+01
 8.90500  1.124214743562013e+01
 8.91000  1.124214743562013e+01
 8.91500  1.124214743562013e+01
 8.92000  1.124214743562013e+01
 8.92500  1.124214743562013e+01
 8.93000  1.124214743562013e+01
 8.93500  1.124214743562013e+01
 8.94000  1.124214743562013e+01
 8.94500  1.124214743562013e+01
 8.95000  1.124214743562013e+01
 8.95500  1.124214743562013e+01
 8.96000  1.124214743562013e+01
 8.96500  1.124214743562013e+01
 8.97000  1.124214743562013e+01
 8.97500  1.124214743562013e+01
 8.98000  1.124214743562013e+01
 8.98500  1.124214743562013e+01
 8.99000  1.124214743562013e+01
 8.99500  1.124214743562013e+01
 9.00000  1.124214743562013e+01
 9.00500  1.124214743562013e+01
 9.01000  1.124214743562013e+01
 9.01500  1.124214743562013e+01
 9.02000  1.124214743562013e+01
 9.02500  1.124214743562013e+01
 9.03000  1.124214743562013e+01
 9.03500  1.124214743562013e+01
 9.04000  1.124214743562013e+01
 9.04500  1.124214743562013e+01
 9.05000  1.124214743562013e+01
 9.05500  1.124214743562013e+01
 9.06000  1.124214743562013e+01
 9.06500  1.124214743562013e+01
 9.07000  1.124214743562013e+01
 9.07500  1.124214743562013e+01
 9.08000  1.124214743562013e+01
 9.08500  1.124214743562013e+01
 9.09000  1.124214743562013e+01
 9.09500  1.124214743562013e+01
 9.10000  1.124214743562013e+01
 9.10500  1.124214743562013e+01
 9.11000  1.124214743562013e+01
 9.11500  1.124214743562013e+01
 9.12000  1.124214743562013e+01
 9.12500  1.124214743562013e+01
 9.13000  1.124214743562013e+01
 9.13500  1.124214743562013e+01
 9.14000  1.124214743562013e+01
 9.14500  1.124214743562013e+01
 9.15000  1.124214743562013e+01
 9.15500  1.124214743562013e+01
 9.16000  1.124214743562013e+01
 9.16500  1.124214743562013e+01
 9.17000  1.124214743562013e+01
 9.17500  1.124214743562013e+01
 9.18000  1.124214743562013e+01
 9.18500  1.124214743562013e+01
 9.19000  1.124214743562013e+01
 9.19500  1.124214743562013e+01
 9.20000  1.124214743562013e+01
 9.20500  1.124214743562013e+01
 9.21000  1.124214743562013e+01
 9.21500  1.124214743562013e+01
 9.22000  1.124214743562013e+01
 9.22500  1.124214743562013e+01
 9.23000  1.124214743562013e+01
 9.23500  1.124214743562013e+01
 9.24000  1.124214743562013e+01
 9.24500  1.124214743562013e+01
 9.25000  1.124214743562013e+01
 9.25500  1.124214743562013e+01
 9.26000  1.124214743562013e+01
 9.26500  1.124214743562013e+01
 9.27000  1.124214743562013e+01
 9.27500  1.124214743562013e+01
 9.28000  1.124214743562013e+01
 9.28500  1.124214743562013e+01
 9.29000  1.124214743562013e+01
 9.29500  1.124214743562013e+01
 9.30000  1.124214743562013e+01
 9.30500  1.124214743562013e+01
 9.31000  1.124214743562013e+01
 9.31500  1.124214743562013e+01
 9.32000  1.124214743562013e+01
 9.32500  1.124214743562013e+01
 9.33000  1.124214743562013e+01
 9.33500  1.124214743562013e+01
 9.34000  1.124214743562013e+01
 9.34500  1.124214743562013e+01
 9.35000  1.124214743562013e+01
 9.35500  1.124214743562013e+01
 9.36000  1.124214743562013e+01
 9.36500  1.124214743562013e+01
 9.37000  1.124214743562013e+01
 9.37500  1.124214743562013e+01
 9.38000  1.124214743562013e+01
 9.38500  1.124214743562013e+01
 9.39000  1.124214743562013e+01
 9.39500  1.124214743562013e+01
 9.40000  1.124214743562013e+01
 9.40500  1.124214743562013e+01
 9.41000  1.124214743562013e+01
 9.41500  1.124214743562013e+01
 9.42000  1.124214743562013e+01
 9.42500  1.124214743562013e+01
 9.43000  1.124214743562013e+01
 9.43500  1.124214743562013e+01
 9.44000  1.124214743562013e+01
 9.44500  1.124214743562013e+01
 9.45000  1.124214743562013e+01
 9.45500  1.124214743562013e+01
 9.46000  1.124214743562013e+01
 9.46500  1.124214743562013e+01
 9.47000  1.124214743562013e+01
 9.47500  1.124214743562013e+01
 9.48000  1.124214743562013e+01
 9.48500  1.124214743562013e+01
 9.49000  1.124214743562013e+01
 9.49500  1.124214743562013e+01
 9.50000  1.124214743562013e+01
 9.50500  1.124214743562013e+01
 9.51000  1.124214743562013e+01
 9.51500  1.124214743562013e+01
 9.52000  1.124214743562013e+01
 9.52500  1.124214743562013e+01
 9.53000  1.124214743562013e+01
 9.53500  1.124214743562013e+01
 9.54000  1.124214743562013e+01
 9.54500  1.124214743562013e+01
 9.55000  1.124214743562013e+01
 9.55500  1.124214743562013e+01
 9.56000  1.124214743562013e+01
 9.56500  1.124214743562013e+01
 9.57000  1.124214743562013e+01
 9.57500  1.124214743562013e+01
 9.58000  1.124214743562013e+01
 9.58500  1.124214743562013e+01
 9.59000  1.124214743562013e+01
 9.59500  1.124214743562013e+01
 9.60000  1.124214743562013e+01
 9.60500  1.124214743562013e+01
 9.61000  1.124214743562013e+01
 9.61500  1.124214743562013e+01
 9.62000  1.124214743562013e+01
 9.62500  1.124214743562013e+01
 9.63000  1.124214743562013e+01
 9.63500  1.124214743562013e+01
 9.64000  1.124214743562013e+01
 9.64500  1.124214743562013e+01
 9.65000  1.124214743562013e+01
 9.65500  1.124214743562013e+01
 9.66000  1.124214743562013e+01
 9.66500  1.124214743562013e+01
 9.67000  1.124214743562013e+01
 9.67500  1.124214743562013e+01
 9.68000  1.124214743562013e+01
 9.68500  1.124214743562013e+01
 9.69000  1.124214743562013e+01
 9.69500  1.124214743562013e+01
 9.70000  1.124214743562013e+01
 9.70500  1.124214743562013e+01
 9.71000  1.124214743562013e+01
 9.71500  1.124214743562013e+01
 9.72000  1.124214743562013e+01
 9.72500  1.124214743562013e+01
 9.73000  1.124214743562013e+01
 9.73500  1.124214743562013e+01
 9.74000  1.124214743562013e+01
 9.74500  1.124214743562013e+01
 9.75000  1.124214743562013e+01
 9.75500  1.124214743562013e+01
 9.76000  1.124214743562013e+01
 9.76500  1.124214743562013e+01
 9.77000  1.124214743562013e+01
 9.77500  1.124214743562013e+01
 9.78000  1.124214743562013e+01
 9.78500  1.124214743562013e+01
 9.79000  1.124214743562013e+01
 9.79500  1.124214743562013e+01
 9.80000  1.124214743562013e+01
 9.80500  1.124214743562013e+01
 9.81000  1.124214743562013e+01
 9.81500  1.124214743562013e+01
 9.82000  1.124214743562013e+01
 9.82500  1.124214743562013e+01
 9.83000  1.124214743562013e+01
 9.83500  1.124214743562013e+01
 9.84000  1.124214743562013e+01
 9.84500  1.124214743562013e+01
 9.85000  1.124214743562013e+01
 9.85500  1.124214743562013e+01
 9.86000  1.124214743562013e+01
 9.86500  1.124214743562013e+01
 9.87000  1.124214743562013e+01
 9.87500  1.124214743562013e+01
 9.88000  1.124214743562013e+01
 9.88500  1.124214743562013e+01
 9.89000  1.124214743562013e+01
 9.89500  1.124214743562013e+01
 9.90000  1.124214743562013e+01
 9.90500  1.124214743562013e+01
 9.91000  1.124214743562013e+01
 9.91500  1.124214743562013e+01
 9.92000  1.124214743562013e+01
 9.92500  1.124214743562013e+01
 9.93000  1.124214743562013e+01
 9.93500  1.124214743562013e+01
 9.94000  1.124214743562013e+01
 9.94500  1.124214743562013e+01
 9.95000  1.124214743562013e+01
 9.95500  1.124214743562013e+01
 9.96000  1.124214743562013e+01
 9.96500  1.124214743562013e+01
 9.97000  1.124214743562013e+01
 9.97500  1.124214743562013e+01
 9.98000  1.124214743562013e+01
 9.98500  1.124214743562013e+01
 9.99000  1.124214743562013e+01
 9.99500  1.124214743562013e+01
10.00000  1.124214743562013e+01
