0 172832.51
0.005 165116.61
0.01 157745.19
0.015 150702.88
0.02 143974.99
0.025 137547.48
0.03 131406.93
0.035 125540.54
0.04 119936.06
0.045 114581.8
0.05 109466.59
0.055 104579.76
0.06 99911.115
0.065 95450.904
0.07 91189.828
0.075 87118.993
0.08 83229.908
0.085 79514.458
0.09 75964.89
0.095 72573.798
0.1 69334.107
0.105 66239.058
0.11 63282.192
0.115 60457.34
0.12 57758.608
0.125 55180.366
0.13 52717.234
0.135 50364.072
0.14 48115.971
0.145 45968.24
0.15 43916.398
0.155 41956.164
0.16 40083.447
0.165 38294.342
0.17 36585.113
0.175 34952.196
0.18 33392.184
0.185 31901.821
0.19 30477.997
0.195 29117.742
0.2 27818.219
0.205 26576.714
0.21 25390.639
0.215 24257.517
0.22 23174.986
0.225 22140.787
0.23 21152.76
0.235 20208.846
0.24 19307.075
0.245 18445.564
0.25 17622.517
0.255 16836.217
0.26 16085.022
0.265 15367.365
0.27 14681.75
0.275 14026.744
0.28 13400.983
0.285 12803.16
0.29 12232.027
0.295 11686.394
0.3 11165.121
0.305 10667.122
0.31 10191.356
0.315 9736.832
0.32 9302.6007
0.325 8887.7564
0.33 8491.4336
0.335 8112.8052
0.34 7751.0813
0.345 7405.5072
0.35 7075.3618
0.355 6759.9562
0.36 6458.6325
0.365 6170.7619
0.37 5895.7437
0.375 5633.0042
0.38 5381.9951
0.385 5142.1927
0.39 4913.0967
0.395 4694.229
0.4 4485.1331
0.405 4285.3726
0.41 4094.5307
0.415 3912.2093
0.42 3738.0279
0.425 3571.6231
0.43 3412.6478
0.435 3260.7701
0.44 3115.6733
0.445 2977.0546
0.45 2844.6247
0.455 2718.1074
0.46 2597.2387
0.465 2481.7663
0.47 2371.4494
0.475 2266.0578
0.48 2165.3715
0.485 2069.1806
0.49 1977.2842
0.495 1889.4908
0.5 1805.617
0.505 1725.4879
0.51 1648.9363
0.515 1575.8024
0.52 1505.9338
0.525 1439.1845
0.53 1375.4154
0.535 1314.4933
0.54 1256.2912
0.545 1200.6877
0.55 1147.5666
0.555 1096.8173
0.56 1048.3337
0.565 1002.0147
0.57 957.76377
0.575 915.48846
0.58 875.1006
0.585 836.51592
0.59 799.65392
0.595 764.43769
0.6 730.79374
0.605 698.65188
0.61 667.94505
0.615 638.60917
0.62 610.58305
0.625 583.80819
0.63 558.22874
0.635 533.79133
0.64 510.44497
0.645 488.14095
0.65 466.83272
0.655 446.47583
0.66 427.02782
0.665 408.44809
0.67 390.69788
0.675 373.74016
0.68 357.53954
0.685 342.06223
0.69 327.27593
0.695 313.14979
0.7 299.65433
0.705 286.7614
0.71 274.44409
0.715 262.67671
0.72 251.43471
0.725 240.69462
0.73 230.43404
0.735 220.63157
0.74 211.26674
0.745 202.32001
0.75 193.77273
0.755 185.60706
0.76 177.80596
0.765 170.35315
0.77 163.23308
0.775 156.4309
0.78 149.93241
0.785 143.72406
0.79 137.79289
0.795 132.12653
0.8 126.71316
0.805 121.54147
0.81 116.60068
0.815 111.88048
0.82 107.37102
0.825 103.06289
0.83 98.947109
0.835 95.015081
0.84 91.258606
0.845 87.669844
0.85 84.241309
0.855 80.965846
0.86 77.836621
0.865 74.847106
0.87 71.991063
0.875 69.262532
0.88 66.655822
0.885 64.165492
0.89 61.786347
0.895 59.513422
0.9 57.341977
0.905 55.267479
0.91 53.2856
0.915 51.392206
0.92 49.583345
0.925 47.855244
0.93 46.204297
0.935 44.627059
0.94 43.120239
0.945 41.680694
0.95 40.30542
0.955 38.991547
0.96 37.736334
0.965 36.537162
0.97 35.391529
0.975 34.297045
0.98 33.251426
0.985 32.25249
0.99 31.298153
0.995 30.386425
1 29.515402
1.005 28.683267
1.01 27.888284
1.015 27.128795
1.02 26.403214
1.025 25.710028
1.03 25.04779
1.035 24.415119
1.04 23.810695
1.045 23.233256
1.05 22.681598
1.055 22.154569
1.06 21.651071
1.065 21.170052
1.07 20.710509
1.075 20.271483
1.08 19.852058
1.085 19.451359
1.09 19.06855
1.095 18.702832
1.1 18.353442
1.105 18.019652
1.11 17.700764
1.115 17.396113
1.12 17.105063
1.125 16.827009
1.13 16.561368
1.135 16.307587
1.14 16.065137
1.145 15.833511
1.15 15.612227
1.155 15.400822
1.16 15.198856
1.165 15.005907
1.17 14.821572
1.175 14.645468
1.18 14.477225
1.185 14.316495
1.19 14.16294
1.195 14.016241
1.2 13.876092
1.205 13.7422
1.21 13.614285
1.215 13.492082
1.22 13.375335
1.225 13.2638
1.23 13.157244
1.235 13.055446
1.24 12.958193
1.245 12.865282
1.25 12.776519
1.255 12.691719
1.26 12.610706
1.265 12.533309
1.27 12.459367
1.275 12.388727
1.28 12.321241
1.285 12.256768
1.29 12.195173
1.295 12.136328
1.3 12.080111
1.305 12.026403
1.31 11.975093
1.315 11.926074
1.32 11.879244
1.325 11.834504
1.33 11.791762
1.335 11.750929
1.34 11.711918
1.345 11.674649
1.35 11.639044
1.355 11.605028
1.36 11.572531
1.365 11.541486
1.37 11.511826
1.375 11.48349
1.38 11.45642
1.385 11.430558
1.39 11.405851
1.395 11.382246
1.4 11.359696
1.405 11.338153
1.41 11.317571
1.415 11.297908
1.42 11.279123
1.425 11.261177
1.43 11.244032
1.435 11.227653
1.44 11.212004
1.445 11.197055
1.45 11.182773
1.455 11.169128
1.46 11.156093
1.465 11.14364
1.47 11.131742
1.475 11.120376
1.48 11.109518
1.485 11.099144
1.49 11.089233
1.495 11.079765
1.5 11.070719
1.505 11.062078
1.51 11.053822
1.515 11.045934
1.52 11.038399
1.525 11.031201
1.53 11.024323
1.535 11.017753
1.54 11.011476
1.545 11.00548
1.55 10.999751
1.555 10.994278
1.56 10.989049
1.565 10.984053
1.57 10.979281
1.575 10.974722
1.58 10.970366
1.585 10.966205
1.59 10.962229
1.595 10.958431
1.6 10.954803
1.605 10.951337
1.61 10.948025
1.615 10.944861
1.62 10.941839
1.625 10.938951
1.63 10.936193
1.635 10.933557
1.64 10.931039
1.645 10.928634
1.65 10.926336
1.655 10.92414
1.66 10.922043
1.665 10.920039
1.67 10.918125
1.675 10.916296
1.68 10.914549
1.685 10.91288
1.69 10.911285
1.695 10.909762
1.7 10.908306
1.705 10.906916
1.71 10.905587
1.715 10.904318
1.72 10.903106
1.725 10.901948
1.73 10.900841
1.735 10.899784
1.74 10.898774
1.745 10.897809
1.75 10.896887
1.755 10.896007
1.76 10.895165
1.765 10.894361
1.77 10.893594
1.775 10.89286
1.78 10.892159
1.785 10.89149
1.79 10.89085
1.795 10.890239
1.8 10.889655
1.805 10.889097
1.81 10.888564
1.815 10.888055
1.82 10.887569
1.825 10.887104
1.83 10.886661
1.835 10.886236
1.84 10.885831
1.845 10.885444
1.85 10.885075
1.855 10.884721
1.86 10.884384
1.865 10.884061
1.87 10.883753
1.875 10.883459
1.88 10.883178
1.885 10.882909
1.89 10.882653
1.895 10.882408
1.9 10.882174
1.905 10.88195
1.91 10.881736
1.915 10.881532
1.92 10.881337
1.925 10.88115
1.93 10.880972
1.935 10.880802
1.94 10.88064
1.945 10.880485
1.95 10.880336
1.955 10.880195
1.96 10.880059
1.965 10.87993
1.97 10.879806
1.975 10.879688
1.98 10.879575
1.985 10.879468
1.99 10.879365
1.995 10.879266
2 10.879173
2.005 10.879083
2.01 10.878997
2.015 10.878915
2.02 10.878837
2.025 10.878762
2.03 10.878691
2.035 10.878623
2.04 10.878557
2.045 10.878495
2.05 10.878436
2.055 10.878379
2.06 10.878324
2.065 10.878273
2.07 10.878223
2.075 10.878176
2.08 10.87813
2.085 10.878087
2.09 10.878046
2.095 10.878006
2.1 10.877969
2.105 10.877933
2.11 10.877898
2.115 10.877866
2.12 10.877834
2.125 10.877804
2.13 10.877776
2.135 10.877748
2.14 10.877722
2.145 10.877697
2.15 10.877673
2.155 10.87765
2.16 10.877629
2.165 10.877608
2.17 10.877588
2.175 10.877569
2.18 10.877551
2.185 10.877533
2.19 10.877517
2.195 10.877501
2.2 10.877486
2.205 10.877471
2.21 10.877458
2.215 10.877444
2.22 10.877432
2.225 10.87742
2.23 10.877408
2.235 10.877397
2.24 10.877387
2.245 10.877377
2.25 10.877367
2.255 10.877358
2.26 10.877349
2.265 10.877341
2.27 10.877333
2.275 10.877326
2.28 10.877318
2.285 10.877311
2.29 10.877305
2.295 10.877298
2.3 10.877292
2.305 10.877286
2.31 10.877281
2.315 10.877276
2.32 10.877271
2.325 10.877266
2.33 10.877261
2.335 10.877257
2.34 10.877253
2.345 10.877248
2.35 10.877245
2.355 10.877241
2.36 10.877237
2.365 10.877234
2.37 10.877231
2.375 10.877228
2.38 10.877225
2.385 10.877222
2.39 10.87722
2.395 10.877217
2.4 10.877215
2.405 10.877212
2.41 10.87721
2.415 10.877208
2.42 10.877206
2.425 10.877204
2.43 10.877202
2.435 10.8772
2.44 10.877199
2.445 10.877197
2.45 10.877195
2.455 10.877194
2.46 10.877193
2.465 10.877191
2.47 10.87719
2.475 10.877189
2.48 10.877188
2.485 10.877186
2.49 10.877185
2.495 10.877184
2.5 10.877183
2.505 10.877182
2.51 10.877182
2.515 10.877181
2.52 10.87718
2.525 10.877179
2.53 10.877178
2.535 10.877178
2.54 10.877177
2.545 10.877176
2.55 10.877176
2.555 10.877175
2.56 10.877175
2.565 10.877174
2.57 10.877173
2.575 10.877173
2.58 10.877173
2.585 10.877172
2.59 10.877172
2.595 10.877171
2.6 10.877171
2.605 10.87717
2.61 10.87717
2.615 10.87717
2.62 10.877169
2.625 10.877169
2.63 10.877169
2.635 10.877169
2.64 10.877168
2.645 10.877168
2.65 10.877168
2.655 10.877168
2.66 10.877167
2.665 10.877167
2.67 10.877167
2.675 10.877167
2.68 10.877167
2.685 10.877166
2.69 10.877166
2.695 10.877166
2.7 10.877166
2.705 10.877166
2.71 10.877166
2.715 10.877165
2.72 10.877165
2.725 10.877165
2.73 10.877165
2.735 10.877165
2.74 10.877165
2.745 10.877165
2.75 10.877165
2.755 10.877165
2.76 10.877164
2.765 10.877164
2.77 10.877164
2.775 10.877164
2.78 10.877164
2.785 10.877164
2.79 10.877164
2.795 10.877164
2.8 10.877164
2.805 10.877164
2.81 10.877164
2.815 10.877164
2.82 10.877164
2.825 10.877164
2.83 10.877164
2.835 10.877163
2.84 10.877163
2.845 10.877163
2.85 10.877163
2.855 10.877163
2.86 10.877163
2.865 10.877163
2.87 10.877163
2.875 10.877163
2.88 10.877163
2.885 10.877163
2.89 10.877163
2.895 10.877163
2.9 10.877163
2.905 10.877163
2.91 10.877163
2.915 10.877163
2.92 10.877163
2.925 10.877163
2.93 10.877163
2.935 10.877163
2.94 10.877163
2.945 10.877163
2.95 10.877163
2.955 10.877163
2.96 10.877163
2.965 10.877163
2.97 10.877163
2.975 10.877163
2.98 10.877163
2.985 10.877163
2.99 10.877163
2.995 10.877163
3 10.877163
3.005 10.877163
3.01 10.877163
3.015 10.877163
3.02 10.877163
3.025 10.877163
3.03 10.877163
3.035 10.877163
3.04 10.877163
3.045 10.877163
3.05 10.877163
3.055 10.877163
3.06 10.877163
3.065 10.877163
3.07 10.877163
3.075 10.877163
3.08 10.877163
3.085 10.877163
3.09 10.877163
3.095 10.877163
3.1 10.877163
3.105 10.877163
3.11 10.877163
3.115 10.877163
3.12 10.877163
3.125 10.877163
3.13 10.877163
3.135 10.877163
3.14 10.877163
3.145 10.877163
3.15 10.877163
3.155 10.877163
3.16 10.877163
3.165 10.877163
3.17 10.877163
3.175 10.877163
3.18 10.877163
3.185 10.877163
3.19 10.877163
3.195 10.877163
3.2 10.877163
3.205 10.877163
3.21 10.877163
3.215 10.877163
3.22 10.877163
3.225 10.877163
3.23 10.877163
3.235 10.877163
3.24 10.877163
3.245 10.877163
3.25 10.877163
3.255 10.877163
3.26 10.877163
3.265 10.877163
3.27 10.877163
3.275 10.877163
3.28 10.877163
3.285 10.877163
3.29 10.877163
3.295 10.877163
3.3 10.877163
3.305 10.877163
3.31 10.877162
3.315 10.877162
3.32 10.877162
3.325 10.877162
3.33 10.877162
3.335 10.877162
3.34 10.877162
3.345 10.877162
3.35 10.877162
3.355 10.877162
3.36 10.877162
3.365 10.877162
3.37 10.877162
3.375 10.877162
3.38 10.877162
3.385 10.877162
3.39 10.877162
3.395 10.877162
3.4 10.877162
3.405 10.877162
3.41 10.877162
3.415 10.877162
3.42 10.877162
3.425 10.877162
3.43 10.877162
3.435 10.877162
3.44 10.877162
3.445 10.877162
3.45 10.877162
3.455 10.877162
3.46 10.877162
3.465 10.877162
3.47 10.877162
3.475 10.877162
3.48 10.877162
3.485 10.877162
3.49 10.877162
3.495 10.877162
3.5 10.877162
3.505 10.877162
3.51 10.877162
3.515 10.877162
3.52 10.877162
3.525 10.877162
3.53 10.877162
3.535 10.877162
3.54 10.877162
3.545 10.877162
3.55 10.877162
3.555 10.877162
3.56 10.877162
3.565 10.877162
3.57 10.877162
3.575 10.877162
3.58 10.877162
3.585 10.877162
3.59 10.877162
3.595 10.877162
3.6 10.877162
3.605 10.877162
3.61 10.877162
3.615 10.877162
3.62 10.877162
3.625 10.877162
3.63 10.877162
3.635 10.877162
3.64 10.877162
3.645 10.877162
3.65 10.877162
3.655 10.877162
3.66 10.877162
3.665 10.877162
3.67 10.877162
3.675 10.877162
3.68 10.877162
3.685 10.877162
3.69 10.877162
3.695 10.877162
3.7 10.877162
3.705 10.877162
3.71 10.877162
3.715 10.877162
3.72 10.877162
3.725 10.877162
3.73 10.877162
3.735 10.877162
3.74 10.877162
3.745 10.877162
3.75 10.877162
3.755 10.877162
3.76 10.877162
3.765 10.877162
3.77 10.877162
3.775 10.877162
3.78 10.877162
3.785 10.877162
3.79 10.877162
3.795 10.877162
3.8 10.877162
3.805 10.877162
3.81 10.877162
3.815 10.877162
3.82 10.877162
3.825 10.877162
3.83 10.877162
3.835 10.877162
3.84 10.877162
3.845 10.877162
3.85 10.877162
3.855 10.877162
3.86 10.877162
3.865 10.877162
3.87 10.877162
3.875 10.877162
3.88 10.877162
3.885 10.877162
3.89 10.877162
3.895 10.877162
3.9 10.877162
3.905 10.877162
3.91 10.877162
3.915 10.877162
3.92 10.877162
3.925 10.877162
3.93 10.877162
3.935 10.877162
3.94 10.877162
3.945 10.877162
3.95 10.877162
3.955 10.877162
3.96 10.877162
3.965 10.877162
3.97 10.877162
3.975 10.877162
3.98 10.877162
3.985 10.877162
3.99 10.877162
3.995 10.877162
4 10.877162
4.005 10.877162
4.01 10.877162
4.015 10.877162
4.02 10.877162
4.025 10.877162
4.03 10.877162
4.035 10.877162
4.04 10.877162
4.045 10.877162
4.05 10.877162
4.055 10.877162
4.06 10.877162
4.065 10.877162
4.07 10.877162
4.075 10.877162
4.08 10.877162
4.085 10.877162
4.09 10.877162
4.095 10.877162
4.1 10.877162
4.105 10.877162
4.11 10.877162
4.115 10.877162
4.12 10.877162
4.125 10.877162
4.13 10.877162
4.135 10.877162
4.14 10.877162
4.145 10.877162
4.15 10.877162
4.155 10.877162
4.16 10.877162
4.165 10.877162
4.17 10.877162
4.175 10.877162
4.18 10.877162
4.185 10.877162
4.19 10.877162
4.195 10.877162
4.2 10.877162
4.205 10.877162
4.21 10.877162
4.215 10.877162
4.22 10.877162
4.225 10.877162
4.23 10.877162
4.235 10.877162
4.24 10.877162
4.245 10.877162
4.25 10.877162
4.255 10.877162
4.26 10.877162
4.265 10.877162
4.27 10.877162
4.275 10.877162
4.28 10.877162
4.285 10.877162
4.29 10.877162
4.295 10.877162
4.3 10.877162
4.305 10.877162
4.31 10.877162
4.315 10.877162
4.32 10.877162
4.325 10.877162
4.33 10.877162
4.335 10.877162
4.34 10.877162
4.345 10.877162
4.35 10.877162
4.355 10.877162
4.36 10.877162
4.365 10.877162
4.37 10.877162
4.375 10.877162
4.38 10.877162
4.385 10.877162
4.39 10.877162
4.395 10.877162
4.4 10.877162
4.405 10.877162
4.41 10.877162
4.415 10.877162
4.42 10.877162
4.425 10.877162
4.43 10.877162
4.435 10.877162
4.44 10.877162
4.445 10.877162
4.45 10.877162
4.455 10.877162
4.46 10.877162
4.465 10.877162
4.47 10.877162
4.475 10.877162
4.48 10.877162
4.485 10.877162
4.49 10.877162
4.495 10.877162
4.5 10.877162
4.505 10.877162
4.51 10.877162
4.515 10.877162
4.52 10.877162
4.525 10.877162
4.53 10.877162
4.535 10.877162
4.54 10.877162
4.545 10.877162
4.55 10.877162
4.555 10.877162
4.56 10.877162
4.565 10.877162
4.57 10.877162
4.575 10.877162
4.58 10.877162
4.585 10.877162
4.59 10.877162
4.595 10.877162
4.6 10.877162
4.605 10.877162
4.61 10.877162
4.615 10.877162
4.62 10.877162
4.625 10.877162
4.63 10.877162
4.635 10.877162
4.64 10.877162
4.645 10.877162
4.65 10.877162
4.655 10.877162
4.66 10.877162
4.665 10.877162
4.67 10.877162
4.675 10.877162
4.68 10.877162
4.685 10.877162
4.69 10.877162
4.695 10.877162
4.7 10.877162
4.705 10.877162
4.71 10.877162
4.715 10.877162
4.72 10.877162
4.725 10.877162
4.73 10.877162
4.735 10.877162
4.74 10.877162
4.745 10.877162
4.75 10.877162
4.755 10.877162
4.76 10.877162
4.765 10.877162
4.77 10.877162
4.775 10.877162
4.78 10.877162
4.785 10.877162
4.79 10.877162
4.795 10.877162
4.8 10.877162
4.805 10.877162
4.81 10.877162
4.815 10.877162
4.82 10.877162
4.825 10.877162
4.83 10.877162
4.835 10.877162
4.84 10.877162
4.845 10.877162
4.85 10.877162
4.855 10.877162
4.86 10.877162
4.865 10.877162
4.87 10.877162
4.875 10.877162
4.88 10.877162
4.885 10.877162
4.89 10.877162
4.895 10.877162
4.9 10.877162
4.905 10.877162
4.91 10.877162
4.915 10.877162
4.92 10.877162
4.925 10.877162
4.93 10.877162
4.935 10.877162
4.94 10.877162
4.945 10.877162
4.95 10.877162
4.955 10.877162
4.96 10.877162
4.965 10.877162
4.97 10.877162
4.975 10.877162
4.98 10.877162
4.985 10.877162
4.99 10.877162
4.995 10.877162
5 10.877162
5.005 10.877162
5.01 10.877162
5.015 10.877162
5.02 10.877162
5.025 10.877162
5.03 10.877162
5.035 10.877162
5.04 10.877162
5.045 10.877162
5.05 10.877162
5.055 10.877162
5.06 10.877162
5.065 10.877162
5.07 10.877162
5.075 10.877162
5.08 10.877162
5.085 10.877162
5.09 10.877162
5.095 10.877162
5.1 10.877162
5.105 10.877162
5.11 10.877162
5.115 10.877162
5.12 10.877162
5.125 10.877162
5.13 10.877162
5.135 10.877162
5.14 10.877162
5.145 10.877162
5.15 10.877162
5.155 10.877162
5.16 10.877162
5.165 10.877162
5.17 10.877162
5.175 10.877162
5.18 10.877162
5.185 10.877162
5.19 10.877162
5.195 10.877162
5.2 10.877162
5.205 10.877162
5.21 10.877162
5.215 10.877162
5.22 10.877162
5.225 10.877162
5.23 10.877162
5.235 10.877162
5.24 10.877162
5.245 10.877162
5.25 10.877162
5.255 10.877162
5.26 10.877162
5.265 10.877162
5.27 10.877162
5.275 10.877162
5.28 10.877162
5.285 10.877162
5.29 10.877162
5.295 10.877162
5.3 10.877162
5.305 10.877162
5.31 10.877162
5.315 10.877162
5.32 10.877162
5.325 10.877162
5.33 10.877162
5.335 10.877162
5.34 10.877162
5.345 10.877162
5.35 10.877162
5.355 10.877162
5.36 10.877162
5.365 10.877162
5.37 10.877162
5.375 10.877162
5.38 10.877162
5.385 10.877162
5.39 10.877162
5.395 10.877162
5.4 10.877162
5.405 10.877162
5.41 10.877162
5.415 10.877162
5.42 10.877162
5.425 10.877162
5.43 10.877162
5.435 10.877162
5.44 10.877162
5.445 10.877162
5.45 10.877162
5.455 10.877162
5.46 10.877162
5.465 10.877162
5.47 10.877162
5.475 10.877162
5.48 10.877162
5.485 10.877162
5.49 10.877162
5.495 10.877162
5.5 10.877162
5.505 10.877162
5.51 10.877162
5.515 10.877162
5.52 10.877162
5.525 10.877162
5.53 10.877162
5.535 10.877162
5.54 10.877162
5.545 10.877162
5.55 10.877162
5.555 10.877162
5.56 10.877162
5.565 10.877162
5.57 10.877162
5.575 10.877162
5.58 10.877162
5.585 10.877162
5.59 10.877162
5.595 10.877162
5.6 10.877162
5.605 10.877162
5.61 10.877162
5.615 10.877162
5.62 10.877162
5.625 10.877162
5.63 10.877162
5.635 10.877162
5.64 10.877162
5.645 10.877162
5.65 10.877162
5.655 10.877162
5.66 10.877162
5.665 10.877162
5.67 10.877162
5.675 10.877162
5.68 10.877162
5.685 10.877162
5.69 10.877162
5.695 10.877162
5.7 10.877162
5.705 10.877162
5.71 10.877162
5.715 10.877162
5.72 10.877162
5.725 10.877162
5.73 10.877162
5.735 10.877162
5.74 10.877162
5.745 10.877162
5.75 10.877162
5.755 10.877162
5.76 10.877162
5.765 10.877162
5.77 10.877162
5.775 10.877162
5.78 10.877162
5.785 10.877162
5.79 10.877162
5.795 10.877162
5.8 10.877162
5.805 10.877162
5.81 10.877162
5.815 10.877162
5.82 10.877162
5.825 10.877162
5.83 10.877162
5.835 10.877162
5.84 10.877162
5.845 10.877162
5.85 10.877162
5.855 10.877162
5.86 10.877162
5.865 10.877162
5.87 10.877162
5.875 10.877162
5.88 10.877162
5.885 10.877162
5.89 10.877162
5.895 10.877162
5.9 10.877162
5.905 10.877162
5.91 10.877162
5.915 10.877162
5.92 10.877162
5.925 10.877162
5.93 10.877162
5.935 10.877162
5.94 10.877162
5.945 10.877162
5.95 10.877162
5.955 10.877162
5.96 10.877162
5.965 10.877162
5.97 10.877162
5.975 10.877162
5.98 10.877162
5.985 10.877162
5.99 10.877162
5.995 10.877162
6 10.877162
6.005 10.877162
6.01 10.877162
6.015 10.877162
6.02 10.877162
6.025 10.877162
6.03 10.877162
6.035 10.877162
6.04 10.877162
6.045 10.877162
6.05 10.877162
6.055 10.877162
6.06 10.877162
6.065 10.877162
6.07 10.877162
6.075 10.877162
6.08 10.877162
6.085 10.877162
6.09 10.877162
6.095 10.877162
6.1 10.877162
6.105 10.877162
6.11 10.877162
6.115 10.877162
6.12 10.877162
6.125 10.877162
6.13 10.877162
6.135 10.877162
6.14 10.877162
6.145 10.877162
6.15 10.877162
6.155 10.877162
6.16 10.877162
6.165 10.877162
6.17 10.877162
6.175 10.877162
6.18 10.877162
6.185 10.877162
6.19 10.877162
6.195 10.877162
6.2 10.877162
6.205 10.877162
6.21 10.877162
6.215 10.877162
6.22 10.877162
6.225 10.877162
6.23 10.877162
6.235 10.877162
6.24 10.877162
6.245 10.877162
6.25 10.877162
6.255 10.877162
6.26 10.877162
6.265 10.877162
6.27 10.877162
6.275 10.877162
6.28 10.877162
6.285 10.877162
6.29 10.877162
6.295 10.877162
6.3 10.877162
6.305 10.877162
6.31 10.877162
6.315 10.877162
6.32 10.877162
6.325 10.877162
6.33 10.877162
6.335 10.877162
6.34 10.877162
6.345 10.877162
6.35 10.877162
6.355 10.877162
6.36 10.877162
6.365 10.877162
6.37 10.877162
6.375 10.877162
6.38 10.877162
6.385 10.877162
6.39 10.877162
6.395 10.877162
6.4 10.877162
6.405 10.877162
6.41 10.877162
6.415 10.877162
6.42 10.877162
6.425 10.877162
6.43 10.877162
6.435 10.877162
6.44 10.877162
6.445 10.877162
6.45 10.877162
6.455 10.877162
6.46 10.877162
6.465 10.877162
6.47 10.877162
6.475 10.877162
6.48 10.877162
6.485 10.877162
6.49 10.877162
6.495 10.877162
6.5 10.877162
6.505 10.877162
6.51 10.877162
6.515 10.877162
6.52 10.877162
6.525 10.877162
6.53 10.877162
6.535 10.877162
6.54 10.877162
6.545 10.877162
6.55 10.877162
6.555 10.877162
6.56 10.877162
6.565 10.877162
6.57 10.877162
6.575 10.877162
6.58 10.877162
6.585 10.877162
6.59 10.877162
6.595 10.877162
6.6 10.877162
6.605 10.877162
6.61 10.877162
6.615 10.877162
6.62 10.877162
6.625 10.877162
6.63 10.877162
6.635 10.877162
6.64 10.877162
6.645 10.877162
6.65 10.877162
6.655 10.877162
6.66 10.877162
6.665 10.877162
6.67 10.877162
6.675 10.877162
6.68 10.877162
6.685 10.877162
6.69 10.877162
6.695 10.877162
6.7 10.877162
6.705 10.877162
6.71 10.877162
6.715 10.877162
6.72 10.877162
6.725 10.877162
6.73 10.877162
6.735 10.877162
6.74 10.877162
6.745 10.877162
6.75 10.877162
6.755 10.877162
6.76 10.877162
6.765 10.877162
6.77 10.877162
6.775 10.877162
6.78 10.877162
6.785 10.877162
6.79 10.877162
6.795 10.877162
6.8 10.877162
6.805 10.877162
6.81 10.877162
6.815 10.877162
6.82 10.877162
6.825 10.877162
6.83 10.877162
6.835 10.877162
6.84 10.877162
6.845 10.877162
6.85 10.877162
6.855 10.877162
6.86 10.877162
6.865 10.877162
6.87 10.877162
6.875 10.877162
6.88 10.877162
6.885 10.877162
6.89 10.877162
6.895 10.877162
6.9 10.877162
6.905 10.877162
6.91 10.877162
6.915 10.877162
6.92 10.877162
6.925 10.877162
6.93 10.877162
6.935 10.877162
6.94 10.877162
6.945 10.877162
6.95 10.877162
6.955 10.877162
6.96 10.877162
6.965 10.877162
6.97 10.877162
6.975 10.877162
6.98 10.877162
6.985 10.877162
6.99 10.877162
6.995 10.877162
7 10.877162
7.005 10.877162
7.01 10.877162
7.015 10.877162
7.02 10.877162
7.025 10.877162
7.03 10.877162
7.035 10.877162
7.04 10.877162
7.045 10.877162
7.05 10.877162
7.055 10.877162
7.06 10.877162
7.065 10.877162
7.07 10.877162
7.075 10.877162
7.08 10.877162
7.085 10.877162
7.09 10.877162
7.095 10.877162
7.1 10.877162
7.105 10.877162
7.11 10.877162
7.115 10.877162
7.12 10.877162
7.125 10.877162
7.13 10.877162
7.135 10.877162
7.14 10.877162
7.145 10.877162
7.15 10.877162
7.155 10.877162
7.16 10.877162
7.165 10.877162
7.17 10.877162
7.175 10.877162
7.18 10.877162
7.185 10.877162
7.19 10.877162
7.195 10.877162
7.2 10.877162
7.205 10.877162
7.21 10.877162
7.215 10.877162
7.22 10.877162
7.225 10.877162
7.23 10.877162
7.235 10.877162
7.24 10.877162
7.245 10.877162
7.25 10.877162
7.255 10.877162
7.26 10.877162
7.265 10.877162
7.27 10.877162
7.275 10.877162
7.28 10.877162
7.285 10.877162
7.29 10.877162
7.295 10.877162
7.3 10.877162
7.305 10.877162
7.31 10.877162
7.315 10.877162
7.32 10.877162
7.325 10.877162
7.33 10.877162
7.335 10.877162
7.34 10.877162
7.345 10.877162
7.35 10.877162
7.355 10.877162
7.36 10.877162
7.365 10.877162
7.37 10.877162
7.375 10.877162
7.38 10.877162
7.385 10.877162
7.39 10.877162
7.395 10.877162
7.4 10.877162
7.405 10.877162
7.41 10.877162
7.415 10.877162
7.42 10.877162
7.425 10.877162
7.43 10.877162
7.435 10.877162
7.44 10.877162
7.445 10.877162
7.45 10.877162
7.455 10.877162
7.46 10.877162
7.465 10.877162
7.47 10.877162
7.475 10.877162
7.48 10.877162
7.485 10.877162
7.49 10.877162
7.495 10.877162
7.5 10.877162
7.505 10.877162
7.51 10.877162
7.515 10.877162
7.52 10.877162
7.525 10.877162
7.53 10.877162
7.535 10.877162
7.54 10.877162
7.545 10.877162
7.55 10.877162
7.555 10.877162
7.56 10.877162
7.565 10.877162
7.57 10.877162
7.575 10.877162
7.58 10.877162
7.585 10.877162
7.59 10.877162
7.595 10.877162
7.6 10.877162
7.605 10.877162
7.61 10.877162
7.615 10.877162
7.62 10.877162
7.625 10.877162
7.63 10.877162
7.635 10.877162
7.64 10.877162
7.645 10.877162
7.65 10.877162
7.655 10.877162
7.66 10.877162
7.665 10.877162
7.67 10.877162
7.675 10.877162
7.68 10.877162
7.685 10.877162
7.69 10.877162
7.695 10.877162
7.7 10.877162
7.705 10.877162
7.71 10.877162
7.715 10.877162
7.72 10.877162
7.725 10.877162
7.73 10.877162
7.735 10.877162
7.74 10.877162
7.745 10.877162
7.75 10.877162
7.755 10.877162
7.76 10.877162
7.765 10.877162
7.77 10.877162
7.775 10.877162
7.78 10.877162
7.785 10.877162
7.79 10.877162
7.795 10.877162
7.8 10.877162
7.805 10.877162
7.81 10.877162
7.815 10.877162
7.82 10.877162
7.825 10.877162
7.83 10.877162
7.835 10.877162
7.84 10.877162
7.845 10.877162
7.85 10.877162
7.855 10.877162
7.86 10.877162
7.865 10.877162
7.87 10.877162
7.875 10.877162
7.88 10.877162
7.885 10.877162
7.89 10.877162
7.895 10.877162
7.9 10.877162
7.905 10.877162
7.91 10.877162
7.915 10.877162
7.92 10.877162
7.925 10.877162
7.93 10.877162
7.935 10.877162
7.94 10.877162
7.945 10.877162
7.95 10.877162
7.955 10.877162
7.96 10.877162
7.965 10.877162
7.97 10.877162
7.975 10.877162
7.98 10.877162
7.985 10.877162
7.99 10.877162
7.995 10.877162
8 10.877162
8.005 10.877162
8.01 10.877162
8.015 10.877162
8.02 10.877162
8.025 10.877162
8.03 10.877162
8.035 10.877162
8.04 10.877162
8.045 10.877162
8.05 10.877162
8.055 10.877162
8.06 10.877162
8.065 10.877162
8.07 10.877162
8.075 10.877162
8.08 10.877162
8.085 10.877162
8.09 10.877162
8.095 10.877162
8.1 10.877162
8.105 10.877162
8.11 10.877162
8.115 10.877162
8.12 10.877162
8.125 10.877162
8.13 10.877162
8.135 10.877162
8.14 10.877162
8.145 10.877162
8.15 10.877162
8.155 10.877162
8.16 10.877162
8.165 10.877162
8.17 10.877162
8.175 10.877162
8.18 10.877162
8.185 10.877162
8.19 10.877162
8.195 10.877162
8.2 10.877162
8.205 10.877162
8.21 10.877162
8.215 10.877162
8.22 10.877162
8.225 10.877162
8.23 10.877162
8.235 10.877162
8.24 10.877162
8.245 10.877162
8.25 10.877162
8.255 10.877162
8.26 10.877162
8.265 10.877162
8.27 10.877162
8.275 10.877162
8.28 10.877162
8.285 10.877162
8.29 10.877162
8.295 10.877162
8.3 10.877162
8.305 10.877162
8.31 10.877162
8.315 10.877162
8.32 10.877162
8.325 10.877162
8.33 10.877162
8.335 10.877162
8.34 10.877162
8.345 10.877162
8.35 10.877162
8.355 10.877162
8.36 10.877162
8.365 10.877162
8.37 10.877162
8.375 10.877162
8.38 10.877162
8.385 10.877162
8.39 10.877162
8.395 10.877162
8.4 10.877162
8.405 10.877162
8.41 10.877162
8.415 10.877162
8.42 10.877162
8.425 10.877162
8.43 10.877162
8.435 10.877162
8.44 10.877162
8.445 10.877162
8.45 10.877162
8.455 10.877162
8.46 10.877162
8.465 10.877162
8.47 10.877162
8.475 10.877162
8.48 10.877162
8.485 10.877162
8.49 10.877162
8.495 10.877162
8.5 10.877162
8.505 10.877162
8.51 10.877162
8.515 10.877162
8.52 10.877162
8.525 10.877162
8.53 10.877162
8.535 10.877162
8.54 10.877162
8.545 10.877162
8.55 10.877162
8.555 10.877162
8.56 10.877162
8.565 10.877162
8.57 10.877162
8.575 10.877162
8.58 10.877162
8.585 10.877162
8.59 10.877162
8.595 10.877162
8.6 10.877162
8.605 10.877162
8.61 10.877162
8.615 10.877162
8.62 10.877162
8.625 10.877162
8.63 10.877162
8.635 10.877162
8.64 10.877162
8.645 10.877162
8.65 10.877162
8.655 10.877162
8.66 10.877162
8.665 10.877162
8.67 10.877162
8.675 10.877162
8.68 10.877162
8.685 10.877162
8.69 10.877162
8.695 10.877162
8.7 10.877162
8.705 10.877162
8.71 10.877162
8.715 10.877162
8.72 10.877162
8.725 10.877162
8.73 10.877162
8.735 10.877162
8.74 10.877162
8.745 10.877162
8.75 10.877162
8.755 10.877162
8.76 10.877162
8.765 10.877162
8.77 10.877162
8.775 10.877162
8.78 10.877162
8.785 10.877162
8.79 10.877162
8.795 10.877162
8.8 10.877162
8.805 10.877162
8.81 10.877162
8.815 10.877162
8.82 10.877162
8.825 10.877162
8.83 10.877162
8.835 10.877162
8.84 10.877162
8.845 10.877162
8.85 10.877162
8.855 10.877162
8.86 10.877162
8.865 10.877162
8.87 10.877162
8.875 10.877162
8.88 10.877162
8.885 10.877162
8.89 10.877162
8.895 10.877162
8.9 10.877162
8.905 10.877162
8.91 10.877162
8.915 10.877162
8.92 10.877162
8.925 10.877162
8.93 10.877162
8.935 10.877162
8.94 10.877162
8.945 10.877162
8.95 10.877162
8.955 10.877162
8.96 10.877162
8.965 10.877162
8.97 10.877162
8.975 10.877162
8.98 10.877162
8.985 10.877162
8.99 10.877162
8.995 10.877162
9 10.877162
9.005 10.877162
9.01 10.877162
9.015 10.877162
9.02 10.877162
9.025 10.877162
9.03 10.877162
9.035 10.877162
9.04 10.877162
9.045 10.877162
9.05 10.877162
9.055 10.877162
9.06 10.877162
9.065 10.877162
9.07 10.877162
9.075 10.877162
9.08 10.877162
9.085 10.877162
9.09 10.877162
9.095 10.877162
9.1 10.877162
9.105 10.877162
9.11 10.877162
9.115 10.877162
9.12 10.877162
9.125 10.877162
9.13 10.877162
9.135 10.877162
9.14 10.877162
9.145 10.877162
9.15 10.877162
9.155 10.877162
9.16 10.877162
9.165 10.877162
9.17 10.877162
9.175 10.877162
9.18 10.877162
9.185 10.877162
9.19 10.877162
9.195 10.877162
9.2 10.877162
9.205 10.877162
9.21 10.877162
9.215 10.877162
9.22 10.877162
9.225 10.877162
9.23 10.877162
9.235 10.877162
9.24 10.877162
9.245 10.877162
9.25 10.877162
9.255 10.877162
9.26 10.877162
9.265 10.877162
9.27 10.877162
9.275 10.877162
9.28 10.877162
9.285 10.877162
9.29 10.877162
9.295 10.877162
9.3 10.877162
9.305 10.877162
9.31 10.877162
9.315 10.877162
9.32 10.877162
9.325 10.877162
9.33 10.877162
9.335 10.877162
9.34 10.877162
9.345 10.877162
9.35 10.877162
9.355 10.877162
9.36 10.877162
9.365 10.877162
9.37 10.877162
9.375 10.877162
9.38 10.877162
9.385 10.877162
9.39 10.877162
9.395 10.877162
9.4 10.877162
9.405 10.877162
9.41 10.877162
9.415 10.877162
9.42 10.877162
9.425 10.877162
9.43 10.877162
9.435 10.877162
9.44 10.877162
9.445 10.877162
9.45 10.877162
9.455 10.877162
9.46 10.877162
9.465 10.877162
9.47 10.877162
9.475 10.877162
9.48 10.877162
9.485 10.877162
9.49 10.877162
9.495 10.877162
9.5 10.877162
9.505 10.877162
9.51 10.877162
9.515 10.877162
9.52 10.877162
9.525 10.877162
9.53 10.877162
9.535 10.877162
9.54 10.877162
9.545 10.877162
9.55 10.877162
9.555 10.877162
9.56 10.877162
9.565 10.877162
9.57 10.877162
9.575 10.877162
9.58 10.877162
9.585 10.877162
9.59 10.877162
9.595 10.877162
9.6 10.877162
9.605 10.877162
9.61 10.877162
9.615 10.877162
9.62 10.877162
9.625 10.877162
9.63 10.877162
9.635 10.877162
9.64 10.877162
9.645 10.877162
9.65 10.877162
9.655 10.877162
9.66 10.877162
9.665 10.877162
9.67 10.877162
9.675 10.877162
9.68 10.877162
9.685 10.877162
9.69 10.877162
9.695 10.877162
9.7 10.877162
9.705 10.877162
9.71 10.877162
9.715 10.877162
9.72 10.877162
9.725 10.877162
9.73 10.877162
9.735 10.877162
9.74 10.877162
9.745 10.877162
9.75 10.877162
9.755 10.877162
9.76 10.877162
9.765 10.877162
9.77 10.877162
9.775 10.877162
9.78 10.877162
9.785 10.877162
9.79 10.877162
9.795 10.877162
9.8 10.877162
9.805 10.877162
9.81 10.877162
9.815 10.877162
9.82 10.877162
9.825 10.877162
9.83 10.877162
9.835 10.877162
9.84 10.877162
9.845 10.877162
9.85 10.877162
9.855 10.877162
9.86 10.877162
9.865 10.877162
9.87 10.877162
9.875 10.877162
9.88 10.877162
9.885 10.877162
9.89 10.877162
9.895 10.877162
9.9 10.877162
9.905 10.877162
9.91 10.877162
9.915 10.877162
9.92 10.877162
9.925 10.877162
9.93 10.877162
9.935 10.877162
9.94 10.877162
9.945 10.877162
9.95 10.877162
9.955 10.877162
9.96 10.877162
9.965 10.877162
9.97 10.877162
9.975 10.877162
9.98 10.877162
9.985 10.877162
9.99 10.877162
9.995 10.877162
10 10.877162

