 0.00500  2.01524348e+07
 0.01000  1.96005313e+07
 0.01500  1.90635215e+07
 0.02000  1.85410072e+07
 0.02500  1.80326008e+07
 0.03000  1.75379249e+07
 0.03500  1.70566124e+07
 0.04000  1.65883059e+07
 0.04500  1.61326572e+07
 0.05000  1.56893278e+07
 0.05500  1.52579880e+07
 0.06000  1.48383169e+07
 0.06500  1.44300021e+07
 0.07000  1.40327397e+07
 0.07500  1.36462336e+07
 0.08000  1.32701959e+07
 0.08500  1.29043462e+07
 0.09000  1.25484115e+07
 0.09500  1.22021262e+07
 0.10000  1.18652317e+07
 0.10500  1.15374764e+07
 0.11000  1.12186154e+07
 0.11500  1.09084100e+07
 0.12000  1.06066284e+07
 0.12500  1.03130445e+07
 0.13000  1.00274385e+07
 0.13500  9.74959644e+06
 0.14000  9.47930990e+06
 0.14500  9.21637615e+06
 0.15000  8.96059785e+06
 0.15500  8.71178291e+06
 0.16000  8.46974435e+06
 0.16500  8.23430020e+06
 0.17000  8.00527332e+06
 0.17500  7.78249132e+06
 0.18000  7.56578638e+06
 0.18500  7.35499518e+06
 0.19000  7.14995875e+06
 0.19500  6.95052236e+06
 0.20000  6.75653541e+06
 0.20500  6.56785133e+06
 0.21000  6.38432746e+06
 0.21500  6.20582492e+06
 0.22000  6.03220857e+06
 0.22500  5.86334688e+06
 0.23000  5.69911181e+06
 0.23500  5.53937875e+06
 0.24000  5.38402642e+06
 0.24500  5.23293678e+06
 0.25000  5.08599495e+06
 0.25500  4.94308909e+06
 0.26000  4.80411040e+06
 0.26500  4.66895293e+06
 0.27000  4.53751361e+06
 0.27500  4.40969210e+06
 0.28000  4.28539074e+06
 0.28500  4.16451450e+06
 0.29000  4.04697088e+06
 0.29500  3.93266985e+06
 0.30000  3.82152379e+06
 0.30500  3.71344743e+06
 0.31000  3.60835778e+06
 0.31500  3.50617407e+06
 0.32000  3.40681770e+06
 0.32500  3.31021214e+06
 0.33000  3.21628296e+06
 0.33500  3.12495768e+06
 0.34000  3.03616578e+06
 0.34500  2.94983863e+06
 0.35000  2.86590943e+06
 0.35500  2.78431318e+06
 0.36000  2.70498662e+06
 0.36500  2.62786817e+06
 0.37000  2.55289791e+06
 0.37500  2.48001755e+06
 0.38000  2.40917031e+06
 0.38500  2.34030099e+06
 0.39000  2.27335583e+06
 0.39500  2.20828253e+06
 0.40000  2.14503019e+06
 0.40500  2.08354928e+06
 0.41000  2.02379159e+06
 0.41500  1.96571020e+06
 0.42000  1.90925948e+06
 0.42500  1.85439499e+06
 0.43000  1.80107350e+06
 0.43500  1.74925294e+06
 0.44000  1.69889237e+06
 0.44500  1.64995195e+06
 0.45000  1.60239291e+06
 0.45500  1.55617753e+06
 0.46000  1.51126909e+06
 0.46500  1.46763186e+06
 0.47000  1.42523109e+06
 0.47500  1.38403295e+06
 0.48000  1.34400451e+06
 0.48500  1.30511375e+06
 0.49000  1.26732950e+06
 0.49500  1.23062143e+06
 0.50000  1.19496002e+06
 0.50500  1.16031656e+06
 0.51000  1.12666310e+06
 0.51500  1.09397246e+06
 0.52000  1.06221818e+06
 0.52500  1.03137451e+06
 0.53000  1.00141640e+06
 0.53500  9.72319486e+05
 0.54000  9.44060050e+05
 0.54500  9.16615016e+05
 0.55000  8.89961931e+05
 0.55500  8.64078952e+05
 0.56000  8.38944823e+05
 0.56500  8.14538864e+05
 0.57000  7.90840953e+05
 0.57500  7.67831512e+05
 0.58000  7.45491494e+05
 0.58500  7.23802367e+05
 0.59000  7.02746100e+05
 0.59500  6.82305150e+05
 0.60000  6.62462450e+05
 0.60500  6.43201394e+05
 0.61000  6.24505828e+05
 0.61500  6.06360034e+05
 0.62000  5.88748721e+05
 0.62500  5.71657013e+05
 0.63000  5.55070438e+05
 0.63500  5.38974915e+05
 0.64000  5.23356747e+05
 0.64500  5.08202609e+05
 0.65000  4.93499537e+05
 0.65500  4.79234921e+05
 0.66000  4.65396492e+05
 0.66500  4.51972316e+05
 0.67000  4.38950784e+05
 0.67500  4.26320601e+05
 0.68000  4.14070782e+05
 0.68500  4.02190640e+05
 0.69000  3.90669779e+05
 0.69500  3.79498088e+05
 0.70000  3.68665729e+05
 0.70500  3.58163136e+05
 0.71000  3.47981001e+05
 0.71500  3.38110273e+05
 0.72000  3.28542145e+05
 0.72500  3.19268053e+05
 0.73000  3.10279667e+05
 0.73500  3.01568884e+05
 0.74000  2.93127824e+05
 0.74500  2.84948822e+05
 0.75000  2.77024423e+05
 0.75500  2.69347375e+05
 0.76000  2.61910629e+05
 0.76500  2.54707325e+05
 0.77000  2.47730792e+05
 0.77500  2.40974545e+05
 0.78000  2.34432275e+05
 0.78500  2.28097846e+05
 0.79000  2.21965293e+05
 0.79500  2.16028812e+05
 0.80000  2.10282761e+05
 0.80500  2.04721654e+05
 0.81000  1.99340154e+05
 0.81500  1.94133073e+05
 0.82000  1.89095366e+05
 0.82500  1.84222126e+05
 0.83000  1.79508583e+05
 0.83500  1.74950098e+05
 0.84000  1.70542161e+05
 0.84500  1.66280387e+05
 0.85000  1.62160512e+05
 0.85500  1.58178389e+05
 0.86000  1.54329989e+05
 0.86500  1.50611391e+05
 0.87000  1.47018786e+05
 0.87500  1.43548471e+05
 0.88000  1.40196842e+05
 0.88500  1.36960401e+05
 0.89000  1.33835742e+05
 0.89500  1.30819558e+05
 0.90000  1.27908632e+05
 0.90500  1.25099838e+05
 0.91000  1.22390137e+05
 0.91500  1.19776573e+05
 0.92000  1.17256277e+05
 0.92500  1.14826455e+05
 0.93000  1.12484396e+05
 0.93500  1.10227463e+05
 0.94000  1.08053092e+05
 0.94500  1.05958793e+05
 0.95000  1.03942144e+05
 0.95500  1.02000794e+05
 0.96000  1.00132456e+05
 0.96500  9.83349074e+04
 0.97000  9.66059893e+04
 0.97500  9.49436034e+04
 0.98000  9.33457107e+04
 0.98500  9.18103298e+04
 0.99000  9.03355358e+04
 0.99500  8.88937750e+04
 1.00000  8.75232958e+04
 1.00500  8.62303609e+04
 1.01000  8.49900792e+04
 1.01500  8.38120204e+04
 1.02000  8.26691465e+04
 1.02500  8.15732738e+04
 1.03000  8.05229616e+04
 1.03500  7.95178477e+04
 1.04000  7.85564340e+04
 1.04500  7.76343749e+04
 1.05000  7.67532277e+04
 1.05500  7.59076938e+04
 1.06000  7.51021795e+04
 1.06500  7.43361373e+04
 1.07000  7.36059951e+04
 1.07500  7.29103808e+04
 1.08000  7.22490890e+04
 1.08500  7.16203839e+04
 1.09000  7.10225951e+04
 1.09500  7.04554064e+04
 1.10000  6.99186391e+04
 1.10500  6.94114907e+04
 1.11000  6.89329392e+04
 1.11500  6.84819103e+04
 1.12000  6.80574644e+04
 1.12500  6.76587837e+04
 1.13000  6.72851425e+04
 1.13500  6.69358555e+04
 1.14000  6.66102009e+04
 1.14500  6.63074314e+04
 1.15000  6.60267907e+04
 1.15500  6.57675262e+04
 1.16000  6.55289031e+04
 1.16500  6.53102087e+04
 1.17000  6.51107528e+04
 1.17500  6.49298687e+04
 1.18000  6.47669113e+04
 1.18500  6.46212574e+04
 1.19000  6.44923045e+04
 1.19500  6.43794686e+04
 1.20000  6.42821869e+04
 1.20500  6.41999119e+04
 1.21000  6.41321057e+04
 1.21500  6.40782481e+04
 1.22000  6.40378549e+04
 1.22500  6.40104470e+04
 1.23000  6.39955453e+04
 1.23500  6.39926712e+04
 1.24000  6.40013670e+04
 1.24500  6.40212131e+04
 1.25000  6.40517946e+04
 1.25500  6.40926965e+04
 1.26000  6.41435038e+04
 1.26500  6.42038091e+04
 1.27000  6.42732348e+04
 1.27500  6.43514119e+04
 1.28000  6.44379771e+04
 1.28500  6.45325732e+04
 1.29000  6.46348556e+04
 1.29500  6.47444891e+04
 1.30000  6.48611471e+04
 1.30500  6.49845131e+04
 1.31000  6.51142794e+04
 1.31500  6.52501476e+04
 1.32000  6.53918284e+04
 1.32500  6.55390412e+04
 1.33000  6.56915146e+04
 1.33500  6.58489858e+04
 1.34000  6.60112006e+04
 1.34500  6.61779134e+04
 1.35000  6.63488869e+04
 1.35500  6.65238927e+04
 1.36000  6.67027113e+04
 1.36500  6.68851318e+04
 1.37000  6.70709522e+04
 1.37500  6.72599783e+04
 1.38000  6.74520242e+04
 1.38500  6.76469119e+04
 1.39000  6.78444707e+04
 1.39500  6.80445338e+04
 1.40000  6.82469367e+04
 1.40500  6.84515172e+04
 1.41000  6.86581182e+04
 1.41500  6.88665865e+04
 1.42000  6.90767713e+04
 1.42500  6.92885288e+04
 1.43000  6.95017288e+04
 1.43500  6.97162465e+04
 1.44000  6.99319633e+04
 1.44500  7.01487653e+04
 1.45000  7.03665421e+04
 1.45500  7.05851856e+04
 1.46000  7.08045658e+04
 1.46500  7.10245582e+04
 1.47000  7.12450475e+04
 1.47500  7.14659266e+04
 1.48000  7.16870929e+04
 1.48500  7.19084505e+04
 1.49000  7.21299544e+04
 1.49500  7.23515648e+04
 1.50000  7.25732344e+04
 1.50500  7.27949105e+04
 1.51000  7.30165370e+04
 1.51500  7.32380559e+04
 1.52000  7.34593579e+04
 1.52500  7.36803416e+04
 1.53000  7.39009172e+04
 1.53500  7.41209979e+04
 1.54000  7.43405043e+04
 1.54500  7.45593675e+04
 1.55000  7.47775568e+04
 1.55500  7.49950310e+04
 1.56000  7.52117482e+04
 1.56500  7.54276675e+04
 1.57000  7.56427480e+04
 1.57500  7.58569373e+04
 1.58000  7.60701782e+04
 1.58500  7.62824422e+04
 1.59000  7.64937027e+04
 1.59500  7.67039379e+04
 1.60000  7.69131461e+04
 1.60500  7.71213937e+04
 1.61000  7.73287250e+04
 1.61500  7.75351404e+04
 1.62000  7.77406412e+04
 1.62500  7.79452264e+04
 1.63000  7.81488392e+04
 1.63500  7.83512451e+04
 1.64000  7.85523039e+04
 1.64500  7.87519231e+04
 1.65000  7.89500146e+04
 1.65500  7.91464952e+04
 1.66000  7.93413759e+04
 1.66500  7.95348316e+04
 1.67000  7.97269318e+04
 1.67500  7.99177292e+04
 1.68000  8.01072602e+04
 1.68500  8.02955567e+04
 1.69000  8.04825505e+04
 1.69500  8.06680908e+04
 1.70000  8.08521074e+04
 1.70500  8.10345360e+04
 1.71000  8.12153161e+04
 1.71500  8.13944014e+04
 1.72000  8.15718065e+04
 1.72500  8.17475628e+04
 1.73000  8.19216743e+04
 1.73500  8.20941456e+04
 1.74000  8.22649819e+04
 1.74500  8.24341872e+04
 1.75000  8.26017242e+04
 1.75500  8.27675535e+04
 1.76000  8.29316621e+04
 1.76500  8.30940384e+04
 1.77000  8.32546721e+04
 1.77500  8.34135519e+04
 1.78000  8.35706556e+04
 1.78500  8.37259536e+04
 1.79000  8.38794250e+04
 1.79500  8.40310541e+04
 1.80000  8.41808270e+04
 1.80500  8.43287318e+04
 1.81000  8.44747542e+04
 1.81500  8.46188743e+04
 1.82000  8.47610804e+04
 1.82500  8.49013601e+04
 1.83000  8.50397036e+04
 1.83500  8.51761033e+04
 1.84000  8.53105520e+04
 1.84500  8.54430115e+04
 1.85000  8.55734452e+04
 1.85500  8.57018490e+04
 1.86000  8.58282228e+04
 1.86500  8.59525693e+04
 1.87000  8.60748932e+04
 1.87500  8.61951984e+04
 1.88000  8.63134401e+04
 1.88500  8.64295670e+04
 1.89000  8.65435629e+04
 1.89500  8.66554187e+04
 1.90000  8.67651341e+04
 1.90500  8.68727131e+04
 1.91000  8.69781631e+04
 1.91500  8.70814944e+04
 1.92000  8.71827192e+04
 1.92500  8.72818511e+04
 1.93000  8.73789066e+04
 1.93500  8.74739041e+04
 1.94000  8.75668629e+04
 1.94500  8.76578027e+04
 1.95000  8.77467452e+04
 1.95500  8.78336728e+04
 1.96000  8.79184476e+04
 1.96500  8.80009860e+04
 1.97000  8.80812906e+04
 1.97500  8.81593736e+04
 1.98000  8.82352546e+04
 1.98500  8.83089586e+04
 1.99000  8.83805153e+04
 1.99500  8.84499591e+04
 2.00000  8.85173277e+04
 2.00500  8.85826617e+04
 2.01000  8.86460042e+04
 2.01500  8.87074004e+04
 2.02000  8.87668965e+04
 2.02500  8.88245403e+04
 2.03000  8.88803799e+04
 2.03500  8.89344640e+04
 2.04000  8.89868414e+04
 2.04500  8.90375615e+04
 2.05000  8.90866735e+04
 2.05500  8.91342264e+04
 2.06000  8.91802680e+04
 2.06500  8.92248457e+04
 2.07000  8.92680056e+04
 2.07500  8.93097928e+04
 2.08000  8.93502514e+04
 2.08500  8.93894244e+04
 2.09000  8.94273536e+04
 2.09500  8.94640795e+04
 2.10000  8.94996417e+04
 2.10500  8.95340785e+04
 2.11000  8.95674269e+04
 2.11500  8.95997228e+04
 2.12000  8.96308557e+04
 2.12500  8.96606787e+04
 2.13000  8.96900145e+04
 2.13500  8.97188722e+04
 2.14000  8.97472606e+04
 2.14500  8.97751885e+04
 2.15000  8.98026645e+04
 2.15500  8.98296967e+04
 2.16000  8.98562935e+04
 2.16500  8.98824628e+04
 2.17000  8.99082124e+04
 2.17500  8.99335500e+04
 2.18000  8.99584832e+04
 2.18500  8.99830192e+04
 2.19000  9.00071654e+04
 2.19500  9.00309287e+04
 2.20000  9.00543161e+04
 2.20500  9.00773344e+04
 2.21000  9.00999902e+04
 2.21500  9.01222900e+04
 2.22000  9.01442402e+04
 2.22500  9.01658471e+04
 2.23000  9.01871167e+04
 2.23500  9.02080551e+04
 2.24000  9.02286682e+04
 2.24500  9.02489617e+04
 2.25000  9.02689413e+04
 2.25500  9.02886125e+04
 2.26000  9.03079807e+04
 2.26500  9.03270513e+04
 2.27000  9.03458294e+04
 2.27500  9.03643203e+04
 2.28000  9.03825288e+04
 2.28500  9.04004600e+04
 2.29000  9.04181186e+04
 2.29500  9.04355093e+04
 2.30000  9.04526369e+04
 2.30500  9.04695057e+04
 2.31000  9.04861204e+04
 2.31500  9.05024853e+04
 2.32000  9.05186045e+04
 2.32500  9.05344825e+04
 2.33000  9.05501231e+04
 2.33500  9.05655306e+04
 2.34000  9.05807089e+04
 2.34500  9.05956619e+04
 2.35000  9.06103933e+04
 2.35500  9.06249069e+04
 2.36000  9.06392064e+04
 2.36500  9.06532955e+04
 2.37000  9.06671775e+04
 2.37500  9.06808561e+04
 2.38000  9.06943345e+04
 2.38500  9.07076162e+04
 2.39000  9.07207044e+04
 2.39500  9.07336023e+04
 2.40000  9.07463131e+04
 2.40500  9.07588399e+04
 2.41000  9.07711857e+04
 2.41500  9.07833535e+04
 2.42000  9.07953462e+04
 2.42500  9.08071668e+04
 2.43000  9.08188179e+04
 2.43500  9.08303025e+04
 2.44000  9.08416231e+04
 2.44500  9.08527825e+04
 2.45000  9.08637833e+04
 2.45500  9.08746281e+04
 2.46000  9.08853193e+04
 2.46500  9.08958595e+04
 2.47000  9.09062512e+04
 2.47500  9.09164966e+04
 2.48000  9.09265981e+04
 2.48500  9.09365581e+04
 2.49000  9.09463788e+04
 2.49500  9.09560624e+04
 2.50000  9.09656111e+04
 2.50500  9.09750270e+04
 2.51000  9.09843123e+04
 2.51500  9.09934691e+04
 2.52000  9.10024993e+04
 2.52500  9.10114049e+04
 2.53000  9.10201879e+04
 2.53500  9.10288503e+04
 2.54000  9.10373939e+04
 2.54500  9.10458206e+04
 2.55000  9.10541322e+04
 2.55500  9.10623304e+04
 2.56000  9.10704172e+04
 2.56500  9.10783941e+04
 2.57000  9.10862629e+04
 2.57500  9.10940253e+04
 2.58000  9.11016829e+04
 2.58500  9.11092373e+04
 2.59000  9.11166901e+04
 2.59500  9.11240429e+04
 2.60000  9.11312972e+04
 2.60500  9.11384545e+04
 2.61000  9.11455162e+04
 2.61500  9.11524839e+04
 2.62000  9.11593589e+04
 2.62500  9.11661428e+04
 2.63000  9.11728367e+04
 2.63500  9.11794422e+04
 2.64000  9.11859605e+04
 2.64500  9.11923930e+04
 2.65000  9.11987409e+04
 2.65500  9.12050055e+04
 2.66000  9.12111881e+04
 2.66500  9.12172899e+04
 2.67000  9.12233120e+04
 2.67500  9.12292557e+04
 2.68000  9.12351222e+04
 2.68500  9.12409125e+04
 2.69000  9.12466279e+04
 2.69500  9.12522694e+04
 2.70000  9.12578381e+04
 2.70500  9.12633350e+04
 2.71000  9.12687613e+04
 2.71500  9.12741180e+04
 2.72000  9.12794060e+04
 2.72500  9.12846265e+04
 2.73000  9.12897803e+04
 2.73500  9.12948685e+04
 2.74000  9.12998919e+04
 2.74500  9.13048516e+04
 2.75000  9.13097485e+04
 2.75500  9.13145834e+04
 2.76000  9.13193573e+04
 2.76500  9.13240711e+04
 2.77000  9.13287255e+04
 2.77500  9.13333216e+04
 2.78000  9.13378600e+04
 2.78500  9.13423416e+04
 2.79000  9.13467673e+04
 2.79500  9.13511378e+04
 2.80000  9.13554539e+04
 2.80500  9.13597163e+04
 2.81000  9.13639260e+04
 2.81500  9.13680835e+04
 2.82000  9.13721896e+04
 2.82500  9.13762451e+04
 2.83000  9.13802507e+04
 2.83500  9.13842070e+04
 2.84000  9.13881148e+04
 2.84500  9.13919748e+04
 2.85000  9.13957875e+04
 2.85500  9.13995537e+04
 2.86000  9.14032740e+04
 2.86500  9.14069490e+04
 2.87000  9.14105795e+04
 2.87500  9.14141659e+04
 2.88000  9.14177089e+04
 2.88500  9.14212092e+04
 2.89000  9.14246672e+04
 2.89500  9.14280836e+04
 2.90000  9.14314589e+04
 2.90500  9.14347938e+04
 2.91000  9.14380887e+04
 2.91500  9.14413442e+04
 2.92000  9.14445609e+04
 2.92500  9.14477392e+04
 2.93000  9.14508798e+04
 2.93500  9.14539830e+04
 2.94000  9.14570495e+04
 2.94500  9.14600796e+04
 2.95000  9.14630740e+04
 2.95500  9.14660330e+04
 2.96000  9.14689573e+04
 2.96500  9.14718471e+04
 2.97000  9.14747030e+04
 2.97500  9.14775255e+04
 2.98000  9.14803149e+04
 2.98500  9.14830718e+04
 2.99000  9.14857966e+04
 2.99500  9.14884896e+04
 3.00000  9.14911514e+04
 3.00500  9.14937822e+04
 3.01000  9.14963827e+04
 3.01500  9.14989530e+04
 3.02000  9.15014937e+04
 3.02500  9.15040051e+04
 3.03000  9.15064876e+04
 3.03500  9.15089416e+04
 3.04000  9.15113675e+04
 3.04500  9.15137656e+04
 3.05000  9.15161363e+04
 3.05500  9.15184799e+04
 3.06000  9.15207969e+04
 3.06500  9.15230875e+04
 3.07000  9.15253521e+04
 3.07500  9.15275910e+04
 3.08000  9.15298046e+04
 3.08500  9.15319932e+04
 3.09000  9.15341570e+04
 3.09500  9.15362965e+04
 3.10000  9.15384120e+04
 3.10500  9.15405037e+04
 3.11000  9.15425719e+04
 3.11500  9.15446170e+04
 3.12000  9.15466393e+04
 3.12500  9.15486390e+04
 3.13000  9.15506164e+04
 3.13500  9.15525719e+04
 3.14000  9.15545056e+04
 3.14500  9.15564179e+04
 3.15000  9.15583090e+04
 3.15500  9.15601793e+04
 3.16000  9.15620289e+04
 3.16500  9.15638581e+04
 3.17000  9.15656672e+04
 3.17500  9.15674564e+04
 3.18000  9.15692261e+04
 3.18500  9.15709763e+04
 3.19000  9.15727075e+04
 3.19500  9.15744197e+04
 3.20000  9.15761133e+04
 3.20500  9.15777885e+04
 3.21000  9.15794454e+04
 3.21500  9.15810844e+04
 3.22000  9.15827057e+04
 3.22500  9.15843094e+04
 3.23000  9.15858958e+04
 3.23500  9.15874652e+04
 3.24000  9.15890176e+04
 3.24500  9.15905533e+04
 3.25000  9.15920726e+04
 3.25500  9.15935756e+04
 3.26000  9.15950626e+04
 3.26500  9.15965336e+04
 3.27000  9.15979890e+04
 3.27500  9.15994288e+04
 3.28000  9.16008534e+04
 3.28500  9.16022629e+04
 3.29000  9.16036574e+04
 3.29500  9.16050371e+04
 3.30000  9.16064023e+04
 3.30500  9.16077531e+04
 3.31000  9.16090896e+04
 3.31500  9.16104121e+04
 3.32000  9.16117207e+04
 3.32500  9.16130156e+04
 3.33000  9.16142969e+04
 3.33500  9.16155648e+04
 3.34000  9.16168195e+04
 3.34500  9.16180611e+04
 3.35000  9.16192897e+04
 3.35500  9.16205056e+04
 3.36000  9.16217089e+04
 3.36500  9.16228997e+04
 3.37000  9.16240782e+04
 3.37500  9.16252446e+04
 3.38000  9.16263988e+04
 3.38500  9.16275412e+04
 3.39000  9.16286719e+04
 3.39500  9.16297909e+04
 3.40000  9.16308985e+04
 3.40500  9.16319947e+04
 3.41000  9.16330797e+04
 3.41500  9.16341536e+04
 3.42000  9.16352166e+04
 3.42500  9.16362687e+04
 3.43000  9.16373102e+04
 3.43500  9.16383411e+04
 3.44000  9.16393615e+04
 3.44500  9.16403716e+04
 3.45000  9.16413715e+04
 3.45500  9.16423613e+04
 3.46000  9.16433411e+04
 3.46500  9.16443110e+04
 3.47000  9.16452712e+04
 3.47500  9.16462218e+04
 3.48000  9.16471629e+04
 3.48500  9.16480945e+04
 3.49000  9.16490168e+04
 3.49500  9.16499299e+04
 3.50000  9.16508340e+04
 3.50500  9.16517290e+04
 3.51000  9.16526151e+04
 3.51500  9.16534924e+04
 3.52000  9.16543611e+04
 3.52500  9.16552211e+04
 3.53000  9.16560727e+04
 3.53500  9.16569158e+04
 3.54000  9.16577507e+04
 3.54500  9.16585773e+04
 3.55000  9.16593958e+04
 3.55500  9.16602063e+04
 3.56000  9.16610089e+04
 3.56500  9.16618035e+04
 3.57000  9.16625905e+04
 3.57500  9.16633697e+04
 3.58000  9.16641414e+04
 3.58500  9.16649055e+04
 3.59000  9.16656622e+04
 3.59500  9.16664116e+04
 3.60000  9.16671537e+04
 3.60500  9.16678887e+04
 3.61000  9.16686165e+04
 3.61500  9.16693373e+04
 3.62000  9.16700512e+04
 3.62500  9.16707582e+04
 3.63000  9.16714584e+04
 3.63500  9.16721519e+04
 3.64000  9.16728388e+04
 3.64500  9.16735190e+04
 3.65000  9.16741928e+04
 3.65500  9.16748602e+04
 3.66000  9.16755211e+04
 3.66500  9.16761758e+04
 3.67000  9.16768243e+04
 3.67500  9.16774666e+04
 3.68000  9.16781029e+04
 3.68500  9.16787331e+04
 3.69000  9.16793573e+04
 3.69500  9.16799757e+04
 3.70000  9.16805882e+04
 3.70500  9.16811949e+04
 3.71000  9.16817960e+04
 3.71500  9.16823914e+04
 3.72000  9.16829812e+04
 3.72500  9.16835655e+04
 3.73000  9.16841444e+04
 3.73500  9.16847178e+04
 3.74000  9.16852859e+04
 3.74500  9.16858487e+04
 3.75000  9.16864062e+04
 3.75500  9.16869586e+04
 3.76000  9.16875059e+04
 3.76500  9.16880481e+04
 3.77000  9.16885852e+04
 3.77500  9.16891174e+04
 3.78000  9.16896447e+04
 3.78500  9.16901671e+04
 3.79000  9.16906848e+04
 3.79500  9.16911976e+04
 3.80000  9.16917058e+04
 3.80500  9.16922093e+04
 3.81000  9.16927082e+04
 3.81500  9.16932025e+04
 3.82000  9.16936923e+04
 3.82500  9.16941776e+04
 3.83000  9.16946586e+04
 3.83500  9.16951351e+04
 3.84000  9.16956073e+04
 3.84500  9.16960753e+04
 3.85000  9.16965389e+04
 3.85500  9.16969984e+04
 3.86000  9.16974538e+04
 3.86500  9.16979050e+04
 3.87000  9.16983522e+04
 3.87500  9.16987953e+04
 3.88000  9.16992345e+04
 3.88500  9.16996697e+04
 3.89000  9.17001010e+04
 3.89500  9.17005284e+04
 3.90000  9.17009521e+04
 3.90500  9.17013719e+04
 3.91000  9.17017880e+04
 3.91500  9.17022004e+04
 3.92000  9.17026091e+04
 3.92500  9.17030142e+04
 3.93000  9.17034157e+04
 3.93500  9.17038136e+04
 3.94000  9.17042080e+04
 3.94500  9.17045989e+04
 3.95000  9.17049863e+04
 3.95500  9.17053704e+04
 3.96000  9.17057510e+04
 3.96500  9.17061284e+04
 3.97000  9.17065023e+04
 3.97500  9.17068731e+04
 3.98000  9.17072405e+04
 3.98500  9.17076048e+04
 3.99000  9.17079658e+04
 3.99500  9.17083237e+04
 4.00000  9.17086785e+04
 4.00500  9.17090302e+04
 4.01000  9.17093788e+04
 4.01500  9.17097244e+04
 4.02000  9.17100670e+04
 4.02500  9.17104067e+04
 4.03000  9.17107433e+04
 4.03500  9.17110771e+04
 4.04000  9.17114080e+04
 4.04500  9.17117361e+04
 4.05000  9.17120613e+04
 4.05500  9.17123837e+04
 4.06000  9.17127033e+04
 4.06500  9.17130203e+04
 4.07000  9.17133344e+04
 4.07500  9.17136459e+04
 4.08000  9.17139548e+04
 4.08500  9.17142610e+04
 4.09000  9.17145645e+04
 4.09500  9.17148655e+04
 4.10000  9.17151640e+04
 4.10500  9.17154599e+04
 4.11000  9.17157533e+04
 4.11500  9.17160442e+04
 4.12000  9.17163326e+04
 4.12500  9.17166186e+04
 4.13000  9.17169022e+04
 4.13500  9.17171833e+04
 4.14000  9.17174622e+04
 4.14500  9.17177386e+04
 4.15000  9.17180128e+04
 4.15500  9.17182846e+04
 4.16000  9.17185542e+04
 4.16500  9.17188215e+04
 4.17000  9.17190865e+04
 4.17500  9.17193494e+04
 4.18000  9.17196100e+04
 4.18500  9.17198685e+04
 4.19000  9.17201248e+04
 4.19500  9.17203790e+04
 4.20000  9.17206311e+04
 4.20500  9.17208811e+04
 4.21000  9.17211290e+04
 4.21500  9.17213749e+04
 4.22000  9.17216187e+04
 4.22500  9.17218606e+04
 4.23000  9.17221004e+04
 4.23500  9.17223382e+04
 4.24000  9.17225741e+04
 4.24500  9.17228081e+04
 4.25000  9.17230401e+04
 4.25500  9.17232702e+04
 4.26000  9.17234985e+04
 4.26500  9.17237249e+04
 4.27000  9.17239494e+04
 4.27500  9.17241721e+04
 4.28000  9.17243929e+04
 4.28500  9.17246120e+04
 4.29000  9.17248293e+04
 4.29500  9.17250449e+04
 4.30000  9.17252586e+04
 4.30500  9.17254707e+04
 4.31000  9.17256810e+04
 4.31500  9.17258896e+04
 4.32000  9.17260966e+04
 4.32500  9.17263019e+04
 4.33000  9.17265055e+04
 4.33500  9.17267075e+04
 4.34000  9.17269078e+04
 4.34500  9.17271066e+04
 4.35000  9.17273037e+04
 4.35500  9.17274993e+04
 4.36000  9.17276933e+04
 4.36500  9.17278858e+04
 4.37000  9.17280767e+04
 4.37500  9.17282661e+04
 4.38000  9.17284540e+04
 4.38500  9.17286404e+04
 4.39000  9.17288253e+04
 4.39500  9.17290087e+04
 4.40000  9.17291907e+04
 4.40500  9.17293712e+04
 4.41000  9.17295503e+04
 4.41500  9.17297280e+04
 4.42000  9.17299043e+04
 4.42500  9.17300793e+04
 4.43000  9.17302528e+04
 4.43500  9.17304249e+04
 4.44000  9.17305958e+04
 4.44500  9.17307652e+04
 4.45000  9.17309334e+04
 4.45500  9.17311002e+04
 4.46000  9.17312657e+04
 4.46500  9.17314299e+04
 4.47000  9.17315929e+04
 4.47500  9.17317545e+04
 4.48000  9.17319149e+04
 4.48500  9.17320741e+04
 4.49000  9.17322320e+04
 4.49500  9.17323887e+04
 4.50000  9.17325442e+04
 4.50500  9.17326985e+04
 4.51000  9.17328516e+04
 4.51500  9.17330035e+04
 4.52000  9.17331542e+04
 4.52500  9.17333038e+04
 4.53000  9.17334522e+04
 4.53500  9.17335994e+04
 4.54000  9.17337456e+04
 4.54500  9.17338906e+04
 4.55000  9.17340345e+04
 4.55500  9.17341773e+04
 4.56000  9.17343190e+04
 4.56500  9.17344596e+04
 4.57000  9.17345992e+04
 4.57500  9.17347377e+04
 4.58000  9.17348751e+04
 4.58500  9.17350115e+04
 4.59000  9.17351468e+04
 4.59500  9.17352812e+04
 4.60000  9.17354145e+04
 4.60500  9.17355467e+04
 4.61000  9.17356780e+04
 4.61500  9.17358083e+04
 4.62000  9.17359376e+04
 4.62500  9.17360660e+04
 4.63000  9.17361933e+04
 4.63500  9.17363197e+04
 4.64000  9.17364452e+04
 4.64500  9.17365697e+04
 4.65000  9.17366933e+04
 4.65500  9.17368159e+04
 4.66000  9.17369377e+04
 4.66500  9.17370585e+04
 4.67000  9.17371784e+04
 4.67500  9.17372974e+04
 4.68000  9.17374156e+04
 4.68500  9.17375328e+04
 4.69000  9.17376492e+04
 4.69500  9.17377647e+04
 4.70000  9.17378794e+04
 4.70500  9.17379932e+04
 4.71000  9.17381062e+04
 4.71500  9.17382183e+04
 4.72000  9.17383296e+04
 4.72500  9.17384401e+04
 4.73000  9.17385497e+04
 4.73500  9.17386586e+04
 4.74000  9.17387666e+04
 4.74500  9.17388739e+04
 4.75000  9.17389804e+04
 4.75500  9.17390861e+04
 4.76000  9.17391910e+04
 4.76500  9.17392951e+04
 4.77000  9.17393985e+04
 4.77500  9.17395011e+04
 4.78000  9.17396030e+04
 4.78500  9.17397041e+04
 4.79000  9.17398045e+04
 4.79500  9.17399042e+04
 4.80000  9.17400031e+04
 4.80500  9.17401014e+04
 4.81000  9.17401989e+04
 4.81500  9.17402957e+04
 4.82000  9.17403918e+04
 4.82500  9.17404872e+04
 4.83000  9.17405819e+04
 4.83500  9.17406759e+04
 4.84000  9.17407693e+04
 4.84500  9.17408620e+04
 4.85000  9.17409540e+04
 4.85500  9.17410453e+04
 4.86000  9.17411360e+04
 4.86500  9.17412261e+04
 4.87000  9.17413155e+04
 4.87500  9.17414042e+04
 4.88000  9.17414924e+04
 4.88500  9.17415799e+04
 4.89000  9.17416667e+04
 4.89500  9.17417530e+04
 4.90000  9.17418386e+04
 4.90500  9.17419236e+04
 4.91000  9.17420081e+04
 4.91500  9.17420919e+04
 4.92000  9.17421751e+04
 4.92500  9.17422578e+04
 4.93000  9.17423398e+04
 4.93500  9.17424213e+04
 4.94000  9.17425022e+04
 4.94500  9.17425825e+04
 4.95000  9.17426623e+04
 4.95500  9.17427415e+04
 4.96000  9.17428201e+04
 4.96500  9.17428982e+04
 4.97000  9.17429757e+04
 4.97500  9.17430527e+04
 4.98000  9.17431292e+04
 4.98500  9.17432051e+04
 4.99000  9.17432805e+04
 4.99500  9.17433553e+04
 5.00000  9.17434297e+04
 5.00500  9.17435035e+04
 5.01000  9.17435768e+04
 5.01500  9.17436496e+04
 5.02000  9.17437219e+04
 5.02500  9.17437937e+04
 5.03000  9.17438650e+04
 5.03500  9.17439357e+04
 5.04000  9.17440061e+04
 5.04500  9.17440759e+04
 5.05000  9.17441452e+04
 5.05500  9.17442141e+04
 5.06000  9.17442824e+04
 5.06500  9.17443503e+04
 5.07000  9.17444178e+04
 5.07500  9.17444848e+04
 5.08000  9.17445513e+04
 5.08500  9.17446173e+04
 5.09000  9.17446829e+04
 5.09500  9.17447481e+04
 5.10000  9.17448128e+04
 5.10500  9.17448771e+04
 5.11000  9.17449409e+04
 5.11500  9.17450043e+04
 5.12000  9.17450673e+04
 5.12500  9.17451298e+04
 5.13000  9.17451919e+04
 5.13500  9.17452536e+04
 5.14000  9.17453149e+04
 5.14500  9.17453757e+04
 5.15000  9.17454361e+04
 5.15500  9.17454962e+04
 5.16000  9.17455558e+04
 5.16500  9.17456150e+04
 5.17000  9.17456738e+04
 5.17500  9.17457323e+04
 5.18000  9.17457903e+04
 5.18500  9.17458479e+04
 5.19000  9.17459052e+04
 5.19500  9.17459620e+04
 5.20000  9.17460185e+04
 5.20500  9.17460746e+04
 5.21000  9.17461304e+04
 5.21500  9.17461857e+04
 5.22000  9.17462407e+04
 5.22500  9.17462953e+04
 5.23000  9.17463496e+04
 5.23500  9.17464035e+04
 5.24000  9.17464570e+04
 5.24500  9.17465102e+04
 5.25000  9.17465630e+04
 5.25500  9.17466155e+04
 5.26000  9.17466676e+04
 5.26500  9.17467194e+04
 5.27000  9.17467708e+04
 5.27500  9.17468219e+04
 5.28000  9.17468726e+04
 5.28500  9.17469231e+04
 5.29000  9.17469731e+04
 5.29500  9.17470229e+04
 5.30000  9.17470723e+04
 5.30500  9.17471214e+04
 5.31000  9.17471702e+04
 5.31500  9.17472187e+04
 5.32000  9.17472668e+04
 5.32500  9.17473146e+04
 5.33000  9.17473622e+04
 5.33500  9.17474094e+04
 5.34000  9.17474563e+04
 5.34500  9.17475028e+04
 5.35000  9.17475491e+04
 5.35500  9.17475951e+04
 5.36000  9.17476408e+04
 5.36500  9.17476862e+04
 5.37000  9.17477313e+04
 5.37500  9.17477761e+04
 5.38000  9.17478206e+04
 5.38500  9.17478648e+04
 5.39000  9.17479087e+04
 5.39500  9.17479524e+04
 5.40000  9.17479957e+04
 5.40500  9.17480388e+04
 5.41000  9.17480816e+04
 5.41500  9.17481241e+04
 5.42000  9.17481664e+04
 5.42500  9.17482084e+04
 5.43000  9.17482501e+04
 5.43500  9.17482915e+04
 5.44000  9.17483327e+04
 5.44500  9.17483736e+04
 5.45000  9.17484143e+04
 5.45500  9.17484547e+04
 5.46000  9.17484948e+04
 5.46500  9.17485347e+04
 5.47000  9.17485743e+04
 5.47500  9.17486137e+04
 5.48000  9.17486528e+04
 5.48500  9.17486917e+04
 5.49000  9.17487303e+04
 5.49500  9.17487687e+04
 5.50000  9.17488068e+04
 5.50500  9.17488447e+04
 5.51000  9.17488824e+04
 5.51500  9.17489198e+04
 5.52000  9.17489570e+04
 5.52500  9.17489939e+04
 5.53000  9.17490306e+04
 5.53500  9.17490671e+04
 5.54000  9.17491033e+04
 5.54500  9.17491394e+04
 5.55000  9.17491751e+04
 5.55500  9.17492107e+04
 5.56000  9.17492461e+04
 5.56500  9.17492812e+04
 5.57000  9.17493161e+04
 5.57500  9.17493508e+04
 5.58000  9.17493852e+04
 5.58500  9.17494195e+04
 5.59000  9.17494535e+04
 5.59500  9.17494874e+04
 5.60000  9.17495210e+04
 5.60500  9.17495544e+04
 5.61000  9.17495876e+04
 5.61500  9.17496206e+04
 5.62000  9.17496533e+04
 5.62500  9.17496859e+04
 5.63000  9.17497183e+04
 5.63500  9.17497505e+04
 5.64000  9.17497825e+04
 5.64500  9.17498142e+04
 5.65000  9.17498458e+04
 5.65500  9.17498772e+04
 5.66000  9.17499084e+04
 5.66500  9.17499394e+04
 5.67000  9.17499702e+04
 5.67500  9.17500009e+04
 5.68000  9.17500313e+04
 5.68500  9.17500615e+04
 5.69000  9.17500916e+04
 5.69500  9.17501215e+04
 5.70000  9.17501512e+04
 5.70500  9.17501807e+04
 5.71000  9.17502100e+04
 5.71500  9.17502392e+04
 5.72000  9.17502682e+04
 5.72500  9.17502970e+04
 5.73000  9.17503256e+04
 5.73500  9.17503540e+04
 5.74000  9.17503823e+04
 5.74500  9.17504104e+04
 5.75000  9.17504383e+04
 5.75500  9.17504661e+04
 5.76000  9.17504937e+04
 5.76500  9.17505211e+04
 5.77000  9.17505484e+04
 5.77500  9.17505755e+04
 5.78000  9.17506024e+04
 5.78500  9.17506292e+04
 5.79000  9.17506558e+04
 5.79500  9.17506823e+04
 5.80000  9.17507085e+04
 5.80500  9.17507347e+04
 5.81000  9.17507607e+04
 5.81500  9.17507865e+04
 5.82000  9.17508121e+04
 5.82500  9.17508376e+04
 5.83000  9.17508630e+04
 5.83500  9.17508882e+04
 5.84000  9.17509133e+04
 5.84500  9.17509382e+04
 5.85000  9.17509629e+04
 5.85500  9.17509875e+04
 5.86000  9.17510120e+04
 5.86500  9.17510363e+04
 5.87000  9.17510605e+04
 5.87500  9.17510845e+04
 5.88000  9.17511084e+04
 5.88500  9.17511321e+04
 5.89000  9.17511557e+04
 5.89500  9.17511792e+04
 5.90000  9.17512025e+04
 5.90500  9.17512257e+04
 5.91000  9.17512488e+04
 5.91500  9.17512717e+04
 5.92000  9.17512945e+04
 5.92500  9.17513171e+04
 5.93000  9.17513396e+04
 5.93500  9.17513620e+04
 5.94000  9.17513842e+04
 5.94500  9.17514064e+04
 5.95000  9.17514283e+04
 5.95500  9.17514502e+04
 5.96000  9.17514719e+04
 5.96500  9.17514935e+04
 5.97000  9.17515150e+04
 5.97500  9.17515363e+04
 5.98000  9.17515576e+04
 5.98500  9.17515787e+04
 5.99000  9.17515997e+04
 5.99500  9.17516205e+04
 6.00000  9.17516412e+04
 6.00500  9.17516619e+04
 6.01000  9.17516823e+04
 6.01500  9.17517027e+04
 6.02000  9.17517230e+04
 6.02500  9.17517431e+04
 6.03000  9.17517631e+04
 6.03500  9.17517830e+04
 6.04000  9.17518028e+04
 6.04500  9.17518225e+04
 6.05000  9.17518421e+04
 6.05500  9.17518615e+04
 6.06000  9.17518809e+04
 6.06500  9.17519001e+04
 6.07000  9.17519192e+04
 6.07500  9.17519382e+04
 6.08000  9.17519571e+04
 6.08500  9.17519759e+04
 6.09000  9.17519946e+04
 6.09500  9.17520132e+04
 6.10000  9.17520316e+04
 6.10500  9.17520500e+04
 6.11000  9.17520682e+04
 6.11500  9.17520864e+04
 6.12000  9.17521045e+04
 6.12500  9.17521224e+04
 6.13000  9.17521402e+04
 6.13500  9.17521580e+04
 6.14000  9.17521756e+04
 6.14500  9.17521932e+04
 6.15000  9.17522106e+04
 6.15500  9.17522280e+04
 6.16000  9.17522452e+04
 6.16500  9.17522623e+04
 6.17000  9.17522794e+04
 6.17500  9.17522963e+04
 6.18000  9.17523132e+04
 6.18500  9.17523300e+04
 6.19000  9.17523466e+04
 6.19500  9.17523632e+04
 6.20000  9.17523797e+04
 6.20500  9.17523961e+04
 6.21000  9.17524124e+04
 6.21500  9.17524286e+04
 6.22000  9.17524447e+04
 6.22500  9.17524607e+04
 6.23000  9.17524766e+04
 6.23500  9.17524925e+04
 6.24000  9.17525082e+04
 6.24500  9.17525239e+04
 6.25000  9.17525395e+04
 6.25500  9.17525550e+04
 6.26000  9.17525704e+04
 6.26500  9.17525857e+04
 6.27000  9.17526009e+04
 6.27500  9.17526161e+04
 6.28000  9.17526311e+04
 6.28500  9.17526461e+04
 6.29000  9.17526610e+04
 6.29500  9.17526758e+04
 6.30000  9.17526906e+04
 6.30500  9.17527052e+04
 6.31000  9.17527198e+04
 6.31500  9.17527343e+04
 6.32000  9.17527487e+04
 6.32500  9.17527630e+04
 6.33000  9.17527773e+04
 6.33500  9.17527915e+04
 6.34000  9.17528055e+04
 6.34500  9.17528196e+04
 6.35000  9.17528335e+04
 6.35500  9.17528474e+04
 6.36000  9.17528612e+04
 6.36500  9.17528749e+04
 6.37000  9.17528885e+04
 6.37500  9.17529021e+04
 6.38000  9.17529156e+04
 6.38500  9.17529290e+04
 6.39000  9.17529423e+04
 6.39500  9.17529556e+04
 6.40000  9.17529688e+04
 6.40500  9.17529819e+04
 6.41000  9.17529949e+04
 6.41500  9.17530079e+04
 6.42000  9.17530208e+04
 6.42500  9.17530337e+04
 6.43000  9.17530464e+04
 6.43500  9.17530591e+04
 6.44000  9.17530718e+04
 6.44500  9.17530843e+04
 6.45000  9.17530968e+04
 6.45500  9.17531093e+04
 6.46000  9.17531216e+04
 6.46500  9.17531339e+04
 6.47000  9.17531461e+04
 6.47500  9.17531583e+04
 6.48000  9.17531704e+04
 6.48500  9.17531824e+04
 6.49000  9.17531944e+04
 6.49500  9.17532063e+04
 6.50000  9.17532181e+04
 6.50500  9.17532299e+04
 6.51000  9.17532416e+04
 6.51500  9.17532533e+04
 6.52000  9.17532649e+04
 6.52500  9.17532764e+04
 6.53000  9.17532878e+04
 6.53500  9.17532992e+04
 6.54000  9.17533106e+04
 6.54500  9.17533219e+04
 6.55000  9.17533331e+04
 6.55500  9.17533442e+04
 6.56000  9.17533553e+04
 6.56500  9.17533664e+04
 6.57000  9.17533774e+04
 6.57500  9.17533883e+04
 6.58000  9.17533991e+04
 6.58500  9.17534100e+04
 6.59000  9.17534207e+04
 6.59500  9.17534314e+04
 6.60000  9.17534420e+04
 6.60500  9.17534526e+04
 6.61000  9.17534631e+04
 6.61500  9.17534736e+04
 6.62000  9.17534840e+04
 6.62500  9.17534944e+04
 6.63000  9.17535047e+04
 6.63500  9.17535149e+04
 6.64000  9.17535251e+04
 6.64500  9.17535353e+04
 6.65000  9.17535454e+04
 6.65500  9.17535554e+04
 6.66000  9.17535654e+04
 6.66500  9.17535753e+04
 6.67000  9.17535852e+04
 6.67500  9.17535950e+04
 6.68000  9.17536048e+04
 6.68500  9.17536145e+04
 6.69000  9.17536242e+04
 6.69500  9.17536338e+04
 6.70000  9.17536434e+04
 6.70500  9.17536529e+04
 6.71000  9.17536624e+04
 6.71500  9.17536718e+04
 6.72000  9.17536812e+04
 6.72500  9.17536905e+04
 6.73000  9.17536998e+04
 6.73500  9.17537090e+04
 6.74000  9.17537182e+04
 6.74500  9.17537274e+04
 6.75000  9.17537364e+04
 6.75500  9.17537455e+04
 6.76000  9.17537545e+04
 6.76500  9.17537634e+04
 6.77000  9.17537723e+04
 6.77500  9.17537812e+04
 6.78000  9.17537900e+04
 6.78500  9.17537988e+04
 6.79000  9.17538075e+04
 6.79500  9.17538162e+04
 6.80000  9.17538248e+04
 6.80500  9.17538334e+04
 6.81000  9.17538419e+04
 6.81500  9.17538504e+04
 6.82000  9.17538589e+04
 6.82500  9.17538673e+04
 6.83000  9.17538757e+04
 6.83500  9.17538840e+04
 6.84000  9.17538923e+04
 6.84500  9.17539005e+04
 6.85000  9.17539087e+04
 6.85500  9.17539169e+04
 6.86000  9.17539250e+04
 6.86500  9.17539330e+04
 6.87000  9.17539411e+04
 6.87500  9.17539491e+04
 6.88000  9.17539570e+04
 6.88500  9.17539649e+04
 6.89000  9.17539728e+04
 6.89500  9.17539806e+04
 6.90000  9.17539884e+04
 6.90500  9.17539962e+04
 6.91000  9.17540039e+04
 6.91500  9.17540116e+04
 6.92000  9.17540192e+04
 6.92500  9.17540268e+04
 6.93000  9.17540344e+04
 6.93500  9.17540419e+04
 6.94000  9.17540494e+04
 6.94500  9.17540568e+04
 6.95000  9.17540642e+04
 6.95500  9.17540716e+04
 6.96000  9.17540789e+04
 6.96500  9.17540862e+04
 6.97000  9.17540935e+04
 6.97500  9.17541007e+04
 6.98000  9.17541079e+04
 6.98500  9.17541150e+04
 6.99000  9.17541222e+04
 6.99500  9.17541292e+04
 7.00000  9.17541363e+04
 7.00500  9.17541433e+04
 7.01000  9.17541503e+04
 7.01500  9.17541572e+04
 7.02000  9.17541641e+04
 7.02500  9.17541710e+04
 7.03000  9.17541778e+04
 7.03500  9.17541846e+04
 7.04000  9.17541914e+04
 7.04500  9.17541981e+04
 7.05000  9.17542048e+04
 7.05500  9.17542115e+04
 7.06000  9.17542181e+04
 7.06500  9.17542247e+04
 7.07000  9.17542313e+04
 7.07500  9.17542378e+04
 7.08000  9.17542444e+04
 7.08500  9.17542508e+04
 7.09000  9.17542573e+04
 7.09500  9.17542637e+04
 7.10000  9.17542701e+04
 7.10500  9.17542764e+04
 7.11000  9.17542827e+04
 7.11500  9.17542890e+04
 7.12000  9.17542953e+04
 7.12500  9.17543015e+04
 7.13000  9.17543077e+04
 7.13500  9.17543138e+04
 7.14000  9.17543200e+04
 7.14500  9.17543261e+04
 7.15000  9.17543322e+04
 7.15500  9.17543382e+04
 7.16000  9.17543442e+04
 7.16500  9.17543502e+04
 7.17000  9.17543561e+04
 7.17500  9.17543621e+04
 7.18000  9.17543680e+04
 7.18500  9.17543738e+04
 7.19000  9.17543797e+04
 7.19500  9.17543855e+04
 7.20000  9.17543913e+04
 7.20500  9.17543970e+04
 7.21000  9.17544028e+04
 7.21500  9.17544085e+04
 7.22000  9.17544141e+04
 7.22500  9.17544198e+04
 7.23000  9.17544254e+04
 7.23500  9.17544310e+04
 7.24000  9.17544366e+04
 7.24500  9.17544421e+04
 7.25000  9.17544476e+04
 7.25500  9.17544531e+04
 7.26000  9.17544585e+04
 7.26500  9.17544640e+04
 7.27000  9.17544694e+04
 7.27500  9.17544748e+04
 7.28000  9.17544801e+04
 7.28500  9.17544854e+04
 7.29000  9.17544907e+04
 7.29500  9.17544960e+04
 7.30000  9.17545013e+04
 7.30500  9.17545065e+04
 7.31000  9.17545117e+04
 7.31500  9.17545169e+04
 7.32000  9.17545220e+04
 7.32500  9.17545271e+04
 7.33000  9.17545322e+04
 7.33500  9.17545373e+04
 7.34000  9.17545424e+04
 7.34500  9.17545474e+04
 7.35000  9.17545524e+04
 7.35500  9.17545574e+04
 7.36000  9.17545624e+04
 7.36500  9.17545673e+04
 7.37000  9.17545722e+04
 7.37500  9.17545771e+04
 7.38000  9.17545820e+04
 7.38500  9.17545868e+04
 7.39000  9.17545916e+04
 7.39500  9.17545964e+04
 7.40000  9.17546012e+04
 7.40500  9.17546059e+04
 7.41000  9.17546107e+04
 7.41500  9.17546154e+04
 7.42000  9.17546201e+04
 7.42500  9.17546247e+04
 7.43000  9.17546294e+04
 7.43500  9.17546340e+04
 7.44000  9.17546386e+04
 7.44500  9.17546432e+04
 7.45000  9.17546477e+04
 7.45500  9.17546522e+04
 7.46000  9.17546568e+04
 7.46500  9.17546612e+04
 7.47000  9.17546657e+04
 7.47500  9.17546702e+04
 7.48000  9.17546746e+04
 7.48500  9.17546790e+04
 7.49000  9.17546834e+04
 7.49500  9.17546878e+04
 7.50000  9.17546921e+04
 7.50500  9.17546964e+04
 7.51000  9.17547007e+04
 7.51500  9.17547050e+04
 7.52000  9.17547093e+04
 7.52500  9.17547135e+04
 7.53000  9.17547178e+04
 7.53500  9.17547220e+04
 7.54000  9.17547261e+04
 7.54500  9.17547303e+04
 7.55000  9.17547345e+04
 7.55500  9.17547386e+04
 7.56000  9.17547427e+04
 7.56500  9.17547468e+04
 7.57000  9.17547509e+04
 7.57500  9.17547549e+04
 7.58000  9.17547589e+04
 7.58500  9.17547630e+04
 7.59000  9.17547670e+04
 7.59500  9.17547709e+04
 7.60000  9.17547749e+04
 7.60500  9.17547788e+04
 7.61000  9.17547828e+04
 7.61500  9.17547867e+04
 7.62000  9.17547906e+04
 7.62500  9.17547944e+04
 7.63000  9.17547983e+04
 7.63500  9.17548021e+04
 7.64000  9.17548059e+04
 7.64500  9.17548097e+04
 7.65000  9.17548135e+04
 7.65500  9.17548173e+04
 7.66000  9.17548210e+04
 7.66500  9.17548248e+04
 7.67000  9.17548285e+04
 7.67500  9.17548322e+04
 7.68000  9.17548359e+04
 7.68500  9.17548395e+04
 7.69000  9.17548432e+04
 7.69500  9.17548468e+04
 7.70000  9.17548504e+04
 7.70500  9.17548540e+04
 7.71000  9.17548576e+04
 7.71500  9.17548612e+04
 7.72000  9.17548647e+04
 7.72500  9.17548682e+04
 7.73000  9.17548718e+04
 7.73500  9.17548753e+04
 7.74000  9.17548788e+04
 7.74500  9.17548822e+04
 7.75000  9.17548857e+04
 7.75500  9.17548891e+04
 7.76000  9.17548925e+04
 7.76500  9.17548959e+04
 7.77000  9.17548993e+04
 7.77500  9.17549027e+04
 7.78000  9.17549061e+04
 7.78500  9.17549094e+04
 7.79000  9.17549128e+04
 7.79500  9.17549161e+04
 7.80000  9.17549194e+04
 7.80500  9.17549227e+04
 7.81000  9.17549259e+04
 7.81500  9.17549292e+04
 7.82000  9.17549324e+04
 7.82500  9.17549357e+04
 7.83000  9.17549389e+04
 7.83500  9.17549421e+04
 7.84000  9.17549453e+04
 7.84500  9.17549484e+04
 7.85000  9.17549516e+04
 7.85500  9.17549547e+04
 7.86000  9.17549579e+04
 7.86500  9.17549610e+04
 7.87000  9.17549641e+04
 7.87500  9.17549672e+04
 7.88000  9.17549702e+04
 7.88500  9.17549733e+04
 7.89000  9.17549764e+04
 7.89500  9.17549794e+04
 7.90000  9.17549824e+04
 7.90500  9.17549854e+04
 7.91000  9.17549884e+04
 7.91500  9.17549914e+04
 7.92000  9.17549944e+04
 7.92500  9.17549973e+04
 7.93000  9.17550003e+04
 7.93500  9.17550032e+04
 7.94000  9.17550061e+04
 7.94500  9.17550090e+04
 7.95000  9.17550119e+04
 7.95500  9.17550148e+04
 7.96000  9.17550176e+04
 7.96500  9.17550205e+04
 7.97000  9.17550233e+04
 7.97500  9.17550262e+04
 7.98000  9.17550290e+04
 7.98500  9.17550318e+04
 7.99000  9.17550346e+04
 7.99500  9.17550373e+04
 8.00000  9.17550401e+04
 8.00500  9.17550429e+04
 8.01000  9.17550456e+04
 8.01500  9.17550483e+04
 8.02000  9.17550510e+04
 8.02500  9.17550537e+04
 8.03000  9.17550564e+04
 8.03500  9.17550591e+04
 8.04000  9.17550618e+04
 8.04500  9.17550645e+04
 8.05000  9.17550671e+04
 8.05500  9.17550697e+04
 8.06000  9.17550724e+04
 8.06500  9.17550750e+04
 8.07000  9.17550776e+04
 8.07500  9.17550802e+04
 8.08000  9.17550828e+04
 8.08500  9.17550853e+04
 8.09000  9.17550879e+04
 8.09500  9.17550904e+04
 8.10000  9.17550930e+04
 8.10500  9.17550955e+04
 8.11000  9.17550980e+04
 8.11500  9.17551005e+04
 8.12000  9.17551030e+04
 8.12500  9.17551055e+04
 8.13000  9.17551079e+04
 8.13500  9.17551104e+04
 8.14000  9.17551129e+04
 8.14500  9.17551153e+04
 8.15000  9.17551177e+04
 8.15500  9.17551201e+04
 8.16000  9.17551225e+04
 8.16500  9.17551249e+04
 8.17000  9.17551273e+04
 8.17500  9.17551297e+04
 8.18000  9.17551321e+04
 8.18500  9.17551344e+04
 8.19000  9.17551368e+04
 8.19500  9.17551391e+04
 8.20000  9.17551414e+04
 8.20500  9.17551438e+04
 8.21000  9.17551461e+04
 8.21500  9.17551484e+04
 8.22000  9.17551506e+04
 8.22500  9.17551529e+04
 8.23000  9.17551552e+04
 8.23500  9.17551574e+04
 8.24000  9.17551597e+04
 8.24500  9.17551619e+04
 8.25000  9.17551642e+04
 8.25500  9.17551664e+04
 8.26000  9.17551686e+04
 8.26500  9.17551708e+04
 8.27000  9.17551730e+04
 8.27500  9.17551752e+04
 8.28000  9.17551773e+04
 8.28500  9.17551795e+04
 8.29000  9.17551817e+04
 8.29500  9.17551838e+04
 8.30000  9.17551859e+04
 8.30500  9.17551881e+04
 8.31000  9.17551902e+04
 8.31500  9.17551923e+04
 8.32000  9.17551944e+04
 8.32500  9.17551965e+04
 8.33000  9.17551986e+04
 8.33500  9.17552007e+04
 8.34000  9.17552027e+04
 8.34500  9.17552048e+04
 8.35000  9.17552068e+04
 8.35500  9.17552089e+04
 8.36000  9.17552109e+04
 8.36500  9.17552129e+04
 8.37000  9.17552149e+04
 8.37500  9.17552170e+04
 8.38000  9.17552190e+04
 8.38500  9.17552209e+04
 8.39000  9.17552229e+04
 8.39500  9.17552249e+04
 8.40000  9.17552269e+04
 8.40500  9.17552288e+04
 8.41000  9.17552308e+04
 8.41500  9.17552327e+04
 8.42000  9.17552346e+04
 8.42500  9.17552366e+04
 8.43000  9.17552385e+04
 8.43500  9.17552404e+04
 8.44000  9.17552423e+04
 8.44500  9.17552442e+04
 8.45000  9.17552461e+04
 8.45500  9.17552479e+04
 8.46000  9.17552498e+04
 8.46500  9.17552517e+04
 8.47000  9.17552535e+04
 8.47500  9.17552554e+04
 8.48000  9.17552572e+04
 8.48500  9.17552591e+04
 8.49000  9.17552609e+04
 8.49500  9.17552627e+04
 8.50000  9.17552645e+04
 8.50500  9.17552663e+04
 8.51000  9.17552681e+04
 8.51500  9.17552699e+04
 8.52000  9.17552717e+04
 8.52500  9.17552734e+04
 8.53000  9.17552752e+04
 8.53500  9.17552770e+04
 8.54000  9.17552787e+04
 8.54500  9.17552805e+04
 8.55000  9.17552822e+04
 8.55500  9.17552839e+04
 8.56000  9.17552856e+04
 8.56500  9.17552874e+04
 8.57000  9.17552891e+04
 8.57500  9.17552908e+04
 8.58000  9.17552925e+04
 8.58500  9.17552941e+04
 8.59000  9.17552958e+04
 8.59500  9.17552975e+04
 8.60000  9.17552992e+04
 8.60500  9.17553008e+04
 8.61000  9.17553025e+04
 8.61500  9.17553041e+04
 8.62000  9.17553058e+04
 8.62500  9.17553074e+04
 8.63000  9.17553090e+04
 8.63500  9.17553106e+04
 8.64000  9.17553123e+04
 8.64500  9.17553139e+04
 8.65000  9.17553155e+04
 8.65500  9.17553171e+04
 8.66000  9.17553186e+04
 8.66500  9.17553202e+04
 8.67000  9.17553218e+04
 8.67500  9.17553234e+04
 8.68000  9.17553249e+04
 8.68500  9.17553265e+04
 8.69000  9.17553280e+04
 8.69500  9.17553296e+04
 8.70000  9.17553311e+04
 8.70500  9.17553327e+04
 8.71000  9.17553342e+04
 8.71500  9.17553357e+04
 8.72000  9.17553372e+04
 8.72500  9.17553387e+04
 8.73000  9.17553402e+04
 8.73500  9.17553417e+04
 8.74000  9.17553432e+04
 8.74500  9.17553447e+04
 8.75000  9.17553462e+04
 8.75500  9.17553476e+04
 8.76000  9.17553491e+04
 8.76500  9.17553506e+04
 8.77000  9.17553520e+04
 8.77500  9.17553535e+04
 8.78000  9.17553549e+04
 8.78500  9.17553563e+04
 8.79000  9.17553578e+04
 8.79500  9.17553592e+04
 8.80000  9.17553606e+04
 8.80500  9.17553620e+04
 8.81000  9.17553634e+04
 8.81500  9.17553648e+04
 8.82000  9.17553662e+04
 8.82500  9.17553676e+04
 8.83000  9.17553690e+04
 8.83500  9.17553704e+04
 8.84000  9.17553718e+04
 8.84500  9.17553731e+04
 8.85000  9.17553745e+04
 8.85500  9.17553758e+04
 8.86000  9.17553772e+04
 8.86500  9.17553785e+04
 8.87000  9.17553799e+04
 8.87500  9.17553812e+04
 8.88000  9.17553826e+04
 8.88500  9.17553839e+04
 8.89000  9.17553852e+04
 8.89500  9.17553865e+04
 8.90000  9.17553878e+04
 8.90500  9.17553891e+04
 8.91000  9.17553904e+04
 8.91500  9.17553917e+04
 8.92000  9.17553930e+04
 8.92500  9.17553943e+04
 8.93000  9.17553956e+04
 8.93500  9.17553969e+04
 8.94000  9.17553981e+04
 8.94500  9.17553994e+04
 8.95000  9.17554007e+04
 8.95500  9.17554019e+04
 8.96000  9.17554032e+04
 8.96500  9.17554044e+04
 8.97000  9.17554057e+04
 8.97500  9.17554069e+04
 8.98000  9.17554081e+04
 8.98500  9.17554094e+04
 8.99000  9.17554106e+04
 8.99500  9.17554118e+04
 9.00000  9.17554130e+04
 9.00500  9.17554142e+04
 9.01000  9.17554154e+04
 9.01500  9.17554166e+04
 9.02000  9.17554178e+04
 9.02500  9.17554190e+04
 9.03000  9.17554202e+04
 9.03500  9.17554214e+04
 9.04000  9.17554225e+04
 9.04500  9.17554237e+04
 9.05000  9.17554249e+04
 9.05500  9.17554260e+04
 9.06000  9.17554272e+04
 9.06500  9.17554283e+04
 9.07000  9.17554295e+04
 9.07500  9.17554306e+04
 9.08000  9.17554318e+04
 9.08500  9.17554329e+04
 9.09000  9.17554340e+04
 9.09500  9.17554352e+04
 9.10000  9.17554363e+04
 9.10500  9.17554374e+04
 9.11000  9.17554385e+04
 9.11500  9.17554396e+04
 9.12000  9.17554407e+04
 9.12500  9.17554418e+04
 9.13000  9.17554429e+04
 9.13500  9.17554440e+04
 9.14000  9.17554451e+04
 9.14500  9.17554462e+04
 9.15000  9.17554473e+04
 9.15500  9.17554484e+04
 9.16000  9.17554494e+04
 9.16500  9.17554505e+04
 9.17000  9.17554516e+04
 9.17500  9.17554526e+04
 9.18000  9.17554537e+04
 9.18500  9.17554547e+04
 9.19000  9.17554558e+04
 9.19500  9.17554568e+04
 9.20000  9.17554579e+04
 9.20500  9.17554589e+04
 9.21000  9.17554599e+04
 9.21500  9.17554609e+04
 9.22000  9.17554620e+04
 9.22500  9.17554630e+04
 9.23000  9.17554640e+04
 9.23500  9.17554650e+04
 9.24000  9.17554660e+04
 9.24500  9.17554670e+04
 9.25000  9.17554680e+04
 9.25500  9.17554690e+04
 9.26000  9.17554700e+04
 9.26500  9.17554710e+04
 9.27000  9.17554720e+04
 9.27500  9.17554730e+04
 9.28000  9.17554740e+04
 9.28500  9.17554749e+04
 9.29000  9.17554759e+04
 9.29500  9.17554769e+04
 9.30000  9.17554778e+04
 9.30500  9.17554788e+04
 9.31000  9.17554797e+04
 9.31500  9.17554807e+04
 9.32000  9.17554817e+04
 9.32500  9.17554826e+04
 9.33000  9.17554835e+04
 9.33500  9.17554845e+04
 9.34000  9.17554854e+04
 9.34500  9.17554863e+04
 9.35000  9.17554873e+04
 9.35500  9.17554882e+04
 9.36000  9.17554891e+04
 9.36500  9.17554900e+04
 9.37000  9.17554910e+04
 9.37500  9.17554919e+04
 9.38000  9.17554928e+04
 9.38500  9.17554937e+04
 9.39000  9.17554946e+04
 9.39500  9.17554955e+04
 9.40000  9.17554964e+04
 9.40500  9.17554973e+04
 9.41000  9.17554981e+04
 9.41500  9.17554990e+04
 9.42000  9.17554999e+04
 9.42500  9.17555008e+04
 9.43000  9.17555017e+04
 9.43500  9.17555025e+04
 9.44000  9.17555034e+04
 9.44500  9.17555043e+04
 9.45000  9.17555051e+04
 9.45500  9.17555060e+04
 9.46000  9.17555068e+04
 9.46500  9.17555077e+04
 9.47000  9.17555085e+04
 9.47500  9.17555094e+04
 9.48000  9.17555102e+04
 9.48500  9.17555111e+04
 9.49000  9.17555119e+04
 9.49500  9.17555127e+04
 9.50000  9.17555136e+04
 9.50500  9.17555144e+04
 9.51000  9.17555152e+04
 9.51500  9.17555160e+04
 9.52000  9.17555169e+04
 9.52500  9.17555177e+04
 9.53000  9.17555185e+04
 9.53500  9.17555193e+04
 9.54000  9.17555201e+04
 9.54500  9.17555209e+04
 9.55000  9.17555217e+04
 9.55500  9.17555225e+04
 9.56000  9.17555233e+04
 9.56500  9.17555241e+04
 9.57000  9.17555249e+04
 9.57500  9.17555257e+04
 9.58000  9.17555264e+04
 9.58500  9.17555272e+04
 9.59000  9.17555280e+04
 9.59500  9.17555288e+04
 9.60000  9.17555295e+04
 9.60500  9.17555303e+04
 9.61000  9.17555311e+04
 9.61500  9.17555318e+04
 9.62000  9.17555326e+04
 9.62500  9.17555334e+04
 9.63000  9.17555341e+04
 9.63500  9.17555349e+04
 9.64000  9.17555356e+04
 9.64500  9.17555364e+04
 9.65000  9.17555371e+04
 9.65500  9.17555379e+04
 9.66000  9.17555386e+04
 9.66500  9.17555393e+04
 9.67000  9.17555401e+04
 9.67500  9.17555408e+04
 9.68000  9.17555415e+04
 9.68500  9.17555422e+04
 9.69000  9.17555430e+04
 9.69500  9.17555437e+04
 9.70000  9.17555444e+04
 9.70500  9.17555451e+04
 9.71000  9.17555458e+04
 9.71500  9.17555465e+04
 9.72000  9.17555473e+04
 9.72500  9.17555480e+04
 9.73000  9.17555487e+04
 9.73500  9.17555494e+04
 9.74000  9.17555501e+04
 9.74500  9.17555507e+04
 9.75000  9.17555514e+04
 9.75500  9.17555521e+04
 9.76000  9.17555528e+04
 9.76500  9.17555535e+04
 9.77000  9.17555542e+04
 9.77500  9.17555549e+04
 9.78000  9.17555555e+04
 9.78500  9.17555562e+04
 9.79000  9.17555569e+04
 9.79500  9.17555576e+04
 9.80000  9.17555582e+04
 9.80500  9.17555589e+04
 9.81000  9.17555596e+04
 9.81500  9.17555602e+04
 9.82000  9.17555609e+04
 9.82500  9.17555615e+04
 9.83000  9.17555622e+04
 9.83500  9.17555628e+04
 9.84000  9.17555635e+04
 9.84500  9.17555641e+04
 9.85000  9.17555648e+04
 9.85500  9.17555654e+04
 9.86000  9.17555661e+04
 9.86500  9.17555667e+04
 9.87000  9.17555673e+04
 9.87500  9.17555680e+04
 9.88000  9.17555686e+04
 9.88500  9.17555692e+04
 9.89000  9.17555699e+04
 9.89500  9.17555705e+04
 9.90000  9.17555711e+04
 9.90500  9.17555717e+04
 9.91000  9.17555723e+04
 9.91500  9.17555730e+04
 9.92000  9.17555736e+04
 9.92500  9.17555742e+04
 9.93000  9.17555748e+04
 9.93500  9.17555754e+04
 9.94000  9.17555760e+04
 9.94500  9.17555766e+04
 9.95000  9.17555772e+04
 9.95500  9.17555778e+04
 9.96000  9.17555784e+04
 9.96500  9.17555790e+04
 9.97000  9.17555796e+04
 9.97500  9.17555802e+04
 9.98000  9.17555808e+04
 9.98500  9.17555813e+04
 9.99000  9.17555819e+04
 9.99500  9.17555825e+04
10.00000  9.17555831e+04
