 0.00500  1.69535785e+07
 0.01000  1.65205594e+07
 0.01500  1.60982296e+07
 0.02000  1.56863302e+07
 0.02500  1.52846080e+07
 0.03000  1.48928165e+07
 0.03500  1.45107148e+07
 0.04000  1.41380676e+07
 0.04500  1.37746458e+07
 0.05000  1.34202252e+07
 0.05500  1.30745874e+07
 0.06000  1.27375192e+07
 0.06500  1.24088123e+07
 0.07000  1.20882637e+07
 0.07500  1.17756751e+07
 0.08000  1.14708530e+07
 0.08500  1.11736085e+07
 0.09000  1.08837575e+07
 0.09500  1.06011200e+07
 0.10000  1.03255205e+07
 0.10500  1.00567878e+07
 0.11000  9.79475458e+06
 0.11500  9.53925781e+06
 0.12000  9.29013823e+06
 0.12500  9.04724045e+06
 0.13000  8.81041284e+06
 0.13500  8.57950740e+06
 0.14000  8.35437972e+06
 0.14500  8.13488884e+06
 0.15000  7.92089724e+06
 0.15500  7.71227066e+06
 0.16000  7.50887813e+06
 0.16500  7.31059180e+06
 0.17000  7.11728691e+06
 0.17500  6.92884174e+06
 0.18000  6.74513746e+06
 0.18500  6.56605813e+06
 0.19000  6.39149062e+06
 0.19500  6.22132451e+06
 0.20000  6.05545205e+06
 0.20500  5.89376809e+06
 0.21000  5.73617002e+06
 0.21500  5.58255772e+06
 0.22000  5.43283348e+06
 0.22500  5.28690194e+06
 0.23000  5.14467005e+06
 0.23500  5.00604702e+06
 0.24000  4.87094425e+06
 0.24500  4.73927526e+06
 0.25000  4.61095570e+06
 0.25500  4.48590323e+06
 0.26000  4.36403751e+06
 0.26500  4.24528014e+06
 0.27000  4.12955463e+06
 0.27500  4.01678634e+06
 0.28000  3.90690241e+06
 0.28500  3.79983178e+06
 0.29000  3.69550509e+06
 0.29500  3.59385466e+06
 0.30000  3.49481446e+06
 0.30500  3.39832006e+06
 0.31000  3.30430859e+06
 0.31500  3.21271868e+06
 0.32000  3.12349049e+06
 0.32500  3.03656560e+06
 0.33000  2.95188702e+06
 0.33500  2.86939915e+06
 0.34000  2.78904772e+06
 0.34500  2.71077978e+06
 0.35000  2.63454369e+06
 0.35500  2.56028904e+06
 0.36000  2.48796666e+06
 0.36500  2.41752855e+06
 0.37000  2.34892792e+06
 0.37500  2.28211906e+06
 0.38000  2.21705743e+06
 0.38500  2.15369954e+06
 0.39000  2.09200296e+06
 0.39500  2.03192630e+06
 0.40000  1.97342917e+06
 0.40500  1.91647218e+06
 0.41000  1.86101688e+06
 0.41500  1.80702577e+06
 0.42000  1.75446226e+06
 0.42500  1.70329064e+06
 0.43000  1.65347610e+06
 0.43500  1.60498465e+06
 0.44000  1.55778314e+06
 0.44500  1.51183923e+06
 0.45000  1.46712138e+06
 0.45500  1.42359880e+06
 0.46000  1.38124146e+06
 0.46500  1.34002007e+06
 0.47000  1.29990605e+06
 0.47500  1.26087153e+06
 0.48000  1.22288930e+06
 0.48500  1.18593284e+06
 0.49000  1.14997626e+06
 0.49500  1.11499431e+06
 0.50000  1.08096237e+06
 0.50500  1.04785641e+06
 0.51000  1.01565299e+06
 0.51500  9.84329247e+05
 0.52000  9.53862882e+05
 0.52500  9.24232142e+05
 0.53000  8.95415805e+05
 0.53500  8.67393173e+05
 0.54000  8.40144055e+05
 0.54500  8.13648759e+05
 0.55000  7.87888074e+05
 0.55500  7.62843262e+05
 0.56000  7.38496049e+05
 0.56500  7.14828608e+05
 0.57000  6.91823552e+05
 0.57500  6.69463923e+05
 0.58000  6.47733180e+05
 0.58500  6.26615190e+05
 0.59000  6.06094221e+05
 0.59500  5.86154924e+05
 0.60000  5.66782334e+05
 0.60500  5.47961853e+05
 0.61000  5.29679245e+05
 0.61500  5.11920626e+05
 0.62000  4.94672454e+05
 0.62500  4.77921525e+05
 0.63000  4.61654960e+05
 0.63500  4.45860199e+05
 0.64000  4.30524994e+05
 0.64500  4.15637403e+05
 0.65000  4.01185776e+05
 0.65500  3.87158755e+05
 0.66000  3.73545265e+05
 0.66500  3.60334504e+05
 0.67000  3.47515940e+05
 0.67500  3.35079303e+05
 0.68000  3.23014579e+05
 0.68500  3.11312002e+05
 0.69000  2.99962051e+05
 0.69500  2.88955443e+05
 0.70000  2.78283125e+05
 0.70500  2.67936271e+05
 0.71000  2.57906276e+05
 0.71500  2.48184749e+05
 0.72000  2.38763509e+05
 0.72500  2.29634581e+05
 0.73000  2.20790190e+05
 0.73500  2.12222753e+05
 0.74000  2.03924882e+05
 0.74500  1.95889371e+05
 0.75000  1.88109194e+05
 0.75500  1.80577506e+05
 0.76000  1.73287631e+05
 0.76500  1.66233061e+05
 0.77000  1.59407454e+05
 0.77500  1.52804626e+05
 0.78000  1.46418549e+05
 0.78500  1.40243349e+05
 0.79000  1.34273299e+05
 0.79500  1.28502816e+05
 0.80000  1.22926462e+05
 0.80500  1.17538932e+05
 0.81000  1.12335059e+05
 0.81500  1.07309805e+05
 0.82000  1.02458261e+05
 0.82500  9.77756429e+04
 0.83000  9.32572876e+04
 0.83500  8.88986511e+04
 0.84000  8.46953052e+04
 0.84500  8.06429345e+04
 0.85000  7.67373338e+04
 0.85500  7.29744055e+04
 0.86000  6.93501567e+04
 0.86500  6.59273953e+04
 0.87000  6.25260725e+04
 0.87500  5.92650725e+04
 0.88000  5.61378973e+04
 0.88500  5.31383980e+04
 0.89000  5.02613225e+04
 0.89500  4.75020074e+04
 0.90000  4.48563299e+04
 0.90500  4.23203489e+04
 0.91000  3.98903364e+04
 0.91500  3.75628765e+04
 0.92000  3.53344917e+04
 0.92500  3.32019539e+04
 0.93000  3.11622394e+04
 0.93500  2.92122621e+04
 0.94000  2.73491359e+04
 0.94500  2.55701249e+04
 0.95000  2.38725009e+04
 0.95500  2.22536514e+04
 0.96000  2.07110882e+04
 0.96500  1.92423764e+04
 0.97000  1.78451513e+04
 0.97500  1.65171466e+04
 0.98000  1.52561666e+04
 0.98500  1.40600721e+04
 0.99000  1.29267950e+04
 0.99500  1.18543374e+04
 1.00000  1.08407609e+04
 1.00500  9.88418199e+03
 1.01000  8.98277650e+03
 1.01500  8.13477979e+03
 1.02000  7.33848154e+03
 1.02500  6.59221994e+03
 1.03000  5.89437851e+03
 1.03500  5.24338983e+03
 1.04000  4.63773464e+03
 1.04500  4.07594233e+03
 1.05000  3.55658560e+03
 1.05500  3.07827847e+03
 1.06000  2.63967519e+03
 1.06500  2.23946921e+03
 1.07000  1.87639215e+03
 1.07500  1.54921265e+03
 1.08000  1.25673540e+03
 1.08500  9.97800025e+02
 1.09000  7.71280289e+02
 1.09500  5.76082228e+02
 1.10000  4.11145996e+02
 1.10500  2.75441396e+02
 1.11000  1.67955141e+02
 1.11500  8.77214535e+01
 1.12000  3.38214467e+01
 1.12500  5.33839684e+00
 1.13000  1.35665876e+00
 1.13500  2.10035739e+01
 1.14000  6.34717233e+01
 1.14500  1.27960045e+02
 1.15000  2.13667478e+02
 1.15500  3.19805424e+02
 1.16000  4.45640367e+02
 1.16500  5.90457630e+02
 1.17000  7.53554994e+02
 1.17500  9.34251077e+02
 1.18000  1.13188622e+03
 1.18500  1.34581929e+03
 1.19000  1.57542823e+03
 1.19500  1.82010921e+03
 1.20000  2.07927616e+03
 1.20500  2.35236026e+03
 1.21000  2.63880943e+03
 1.21500  2.93808796e+03
 1.22000  3.24967595e+03
 1.22500  3.57306889e+03
 1.23000  3.90777725e+03
 1.23500  4.25332605e+03
 1.24000  4.60925445e+03
 1.24500  4.97511535e+03
 1.25000  5.35047503e+03
 1.25500  5.73491302e+03
 1.26000  6.12802197e+03
 1.26500  6.52940649e+03
 1.27000  6.93868301e+03
 1.27500  7.35547948e+03
 1.28000  7.77943490e+03
 1.28500  8.21019881e+03
 1.29000  8.64743174e+03
 1.29500  9.09080479e+03
 1.30000  9.53999911e+03
 1.30500  9.99470589e+03
 1.31000  1.04546260e+04
 1.31500  1.09194692e+04
 1.32000  1.13889543e+04
 1.32500  1.18628083e+04
 1.33000  1.23407674e+04
 1.33500  1.28225758e+04
 1.34000  1.33079858e+04
 1.34500  1.37967578e+04
 1.35000  1.42886594e+04
 1.35500  1.47834658e+04
 1.36000  1.52809590e+04
 1.36500  1.57809281e+04
 1.37000  1.62831692e+04
 1.37500  1.67874851e+04
 1.38000  1.72936850e+04
 1.38500  1.78015844e+04
 1.39000  1.83110040e+04
 1.39500  1.88217709e+04
 1.40000  1.93337176e+04
 1.40500  1.98466825e+04
 1.41000  2.03605099e+04
 1.41500  2.08750494e+04
 1.42000  2.13901550e+04
 1.42500  2.19056860e+04
 1.43000  2.24215059e+04
 1.43500  2.29374835e+04
 1.44000  2.34534919e+04
 1.44500  2.39694086e+04
 1.45000  2.44851151e+04
 1.45500  2.50004973e+04
 1.46000  2.55154450e+04
 1.46500  2.60298526e+04
 1.47000  2.65436180e+04
 1.47500  2.70566423e+04
 1.48000  2.75688307e+04
 1.48500  2.80800918e+04
 1.49000  2.85903378e+04
 1.49500  2.90994840e+04
 1.50000  2.96074484e+04
 1.50500  3.01141525e+04
 1.51000  3.06195205e+04
 1.51500  3.11234801e+04
 1.52000  3.16259620e+04
 1.52500  3.21268987e+04
 1.53000  3.26262255e+04
 1.53500  3.31238806e+04
 1.54000  3.36198047e+04
 1.54500  3.41139412e+04
 1.55000  3.46062354e+04
 1.55500  3.50966347e+04
 1.56000  3.55850893e+04
 1.56500  3.60715516e+04
 1.57000  3.65559761e+04
 1.57500  3.70383189e+04
 1.58000  3.75185379e+04
 1.58500  3.79965934e+04
 1.59000  3.84724476e+04
 1.59500  3.89460640e+04
 1.60000  3.94174078e+04
 1.60500  3.98864453e+04
 1.61000  4.03531452e+04
 1.61500  4.08174777e+04
 1.62000  4.12794145e+04
 1.62500  4.17389284e+04
 1.63000  4.21959940e+04
 1.63500  4.26505876e+04
 1.64000  4.31026866e+04
 1.64500  4.35522697e+04
 1.65000  4.39993171e+04
 1.65500  4.44438096e+04
 1.66000  4.48857293e+04
 1.66500  4.53250595e+04
 1.67000  4.57617848e+04
 1.67500  4.61958897e+04
 1.68000  4.66273607e+04
 1.68500  4.70561854e+04
 1.69000  4.74823516e+04
 1.69500  4.79058484e+04
 1.70000  4.83266659e+04
 1.70500  4.87447952e+04
 1.71000  4.91602280e+04
 1.71500  4.95729570e+04
 1.72000  4.99829760e+04
 1.72500  5.03902791e+04
 1.73000  5.07948608e+04
 1.73500  5.11967169e+04
 1.74000  5.15958440e+04
 1.74500  5.19922383e+04
 1.75000  5.23858970e+04
 1.75500  5.27768184e+04
 1.76000  5.31650012e+04
 1.76500  5.35504438e+04
 1.77000  5.39331458e+04
 1.77500  5.43131079e+04
 1.78000  5.46903305e+04
 1.78500  5.50648141e+04
 1.79000  5.54365607e+04
 1.79500  5.58055729e+04
 1.80000  5.61718526e+04
 1.80500  5.65354028e+04
 1.81000  5.68962271e+04
 1.81500  5.72543297e+04
 1.82000  5.76097138e+04
 1.82500  5.79623839e+04
 1.83000  5.83123453e+04
 1.83500  5.86596033e+04
 1.84000  5.90041625e+04
 1.84500  5.93460286e+04
 1.85000  5.96852084e+04
 1.85500  6.00217079e+04
 1.86000  6.03555324e+04
 1.86500  6.06866891e+04
 1.87000  6.10151855e+04
 1.87500  6.13410293e+04
 1.88000  6.16642283e+04
 1.88500  6.19847915e+04
 1.89000  6.23027276e+04
 1.89500  6.26180440e+04
 1.90000  6.29307473e+04
 1.90500  6.32408469e+04
 1.91000  6.35483536e+04
 1.91500  6.38532935e+04
 1.92000  6.41556983e+04
 1.92500  6.44555911e+04
 1.93000  6.47529939e+04
 1.93500  6.50479376e+04
 1.94000  6.53404583e+04
 1.94500  6.56305909e+04
 1.95000  6.59183818e+04
 1.95500  6.62041044e+04
 1.96000  6.64881717e+04
 1.96500  6.67708209e+04
 1.97000  6.70522511e+04
 1.97500  6.73326613e+04
 1.98000  6.76122524e+04
 1.98500  6.78912287e+04
 1.99000  6.81667578e+04
 1.99500  6.83919006e+04
 2.00000  6.86142396e+04
 2.00500  6.88338166e+04
 2.01000  6.90506728e+04
 2.01500  6.92648485e+04
 2.02000  6.94763833e+04
 2.02500  6.96853162e+04
 2.03000  6.98916855e+04
 2.03500  7.00955289e+04
 2.04000  7.02968835e+04
 2.04500  7.04957855e+04
 2.05000  7.06922707e+04
 2.05500  7.08863743e+04
 2.06000  7.10781308e+04
 2.06500  7.12675743e+04
 2.07000  7.14547380e+04
 2.07500  7.16396550e+04
 2.08000  7.18223573e+04
 2.08500  7.20028769e+04
 2.09000  7.21812449e+04
 2.09500  7.23574920e+04
 2.10000  7.25316484e+04
 2.10500  7.27037438e+04
 2.11000  7.28738073e+04
 2.11500  7.30418678e+04
 2.12000  7.32079535e+04
 2.12500  7.33720921e+04
 2.13000  7.35343110e+04
 2.13500  7.36946370e+04
 2.14000  7.38530966e+04
 2.14500  7.40097158e+04
 2.15000  7.41645202e+04
 2.15500  7.43175349e+04
 2.16000  7.44687848e+04
 2.16500  7.46182942e+04
 2.17000  7.47660871e+04
 2.17500  7.49121871e+04
 2.18000  7.50566174e+04
 2.18500  7.51994008e+04
 2.19000  7.53405598e+04
 2.19500  7.54801166e+04
 2.20000  7.56180930e+04
 2.20500  7.57545103e+04
 2.21000  7.58893896e+04
 2.21500  7.60227517e+04
 2.22000  7.61546171e+04
 2.22500  7.62850059e+04
 2.23000  7.64139378e+04
 2.23500  7.65414323e+04
 2.24000  7.66675087e+04
 2.24500  7.67921858e+04
 2.25000  7.69154822e+04
 2.25500  7.70374162e+04
 2.26000  7.71580058e+04
 2.26500  7.72772689e+04
 2.27000  7.73952228e+04
 2.27500  7.75118848e+04
 2.28000  7.76272718e+04
 2.28500  7.77414005e+04
 2.29000  7.78542873e+04
 2.29500  7.79659485e+04
 2.30000  7.80763998e+04
 2.30500  7.81856572e+04
 2.31000  7.82937359e+04
 2.31500  7.84006512e+04
 2.32000  7.85064182e+04
 2.32500  7.86110515e+04
 2.33000  7.87145658e+04
 2.33500  7.88169753e+04
 2.34000  7.89182943e+04
 2.34500  7.90185365e+04
 2.35000  7.91177157e+04
 2.35500  7.92158454e+04
 2.36000  7.93129389e+04
 2.36500  7.94090093e+04
 2.37000  7.95040695e+04
 2.37500  7.95981322e+04
 2.38000  7.96912100e+04
 2.38500  7.97833151e+04
 2.39000  7.98744599e+04
 2.39500  7.99646562e+04
 2.40000  8.00539159e+04
 2.40500  8.01422507e+04
 2.41000  8.02296719e+04
 2.41500  8.03161910e+04
 2.42000  8.04018191e+04
 2.42500  8.04865671e+04
 2.43000  8.05704459e+04
 2.43500  8.06534662e+04
 2.44000  8.07356385e+04
 2.44500  8.08169732e+04
 2.45000  8.08974804e+04
 2.45500  8.09771703e+04
 2.46000  8.10560528e+04
 2.46500  8.11341378e+04
 2.47000  8.12114348e+04
 2.47500  8.12879534e+04
 2.48000  8.13637029e+04
 2.48500  8.14386927e+04
 2.49000  8.15129318e+04
 2.49500  8.15864293e+04
 2.50000  8.16591941e+04
 2.50500  8.17312348e+04
 2.51000  8.18025601e+04
 2.51500  8.18731785e+04
 2.52000  8.19430984e+04
 2.52500  8.20123281e+04
 2.53000  8.20808758e+04
 2.53500  8.21487494e+04
 2.54000  8.22159569e+04
 2.54500  8.22825062e+04
 2.55000  8.23484050e+04
 2.55500  8.24136609e+04
 2.56000  8.24782813e+04
 2.56500  8.25422738e+04
 2.57000  8.26056456e+04
 2.57500  8.26684039e+04
 2.58000  8.27305559e+04
 2.58500  8.27921085e+04
 2.59000  8.28530687e+04
 2.59500  8.29134433e+04
 2.60000  8.29732391e+04
 2.60500  8.30324626e+04
 2.61000  8.30911206e+04
 2.61500  8.31492193e+04
 2.62000  8.32067652e+04
 2.62500  8.32637647e+04
 2.63000  8.33202239e+04
 2.63500  8.33761489e+04
 2.64000  8.34315459e+04
 2.64500  8.34864207e+04
 2.65000  8.35407793e+04
 2.65500  8.35946275e+04
 2.66000  8.36479710e+04
 2.66500  8.37008155e+04
 2.67000  8.37531667e+04
 2.67500  8.38050299e+04
 2.68000  8.38564107e+04
 2.68500  8.39073144e+04
 2.69000  8.39577463e+04
 2.69500  8.40077117e+04
 2.70000  8.40572158e+04
 2.70500  8.41062636e+04
 2.71000  8.41548602e+04
 2.71500  8.42030105e+04
 2.72000  8.42507195e+04
 2.72500  8.42979920e+04
 2.73000  8.43448328e+04
 2.73500  8.43912466e+04
 2.74000  8.44372381e+04
 2.74500  8.44828118e+04
 2.75000  8.45279724e+04
 2.75500  8.45727243e+04
 2.76000  8.46170719e+04
 2.76500  8.46610197e+04
 2.77000  8.47045718e+04
 2.77500  8.47477327e+04
 2.78000  8.47905065e+04
 2.78500  8.48328973e+04
 2.79000  8.48749094e+04
 2.79500  8.49165466e+04
 2.80000  8.49578131e+04
 2.80500  8.49987128e+04
 2.81000  8.50392495e+04
 2.81500  8.50794272e+04
 2.82000  8.51192497e+04
 2.82500  8.51587207e+04
 2.83000  8.51978440e+04
 2.83500  8.52366231e+04
 2.84000  8.52750618e+04
 2.84500  8.53131636e+04
 2.85000  8.53509320e+04
 2.85500  8.53883706e+04
 2.86000  8.54254828e+04
 2.86500  8.54622720e+04
 2.87000  8.54987416e+04
 2.87500  8.55348949e+04
 2.88000  8.55707352e+04
 2.88500  8.56062657e+04
 2.89000  8.56414896e+04
 2.89500  8.56764101e+04
 2.90000  8.57110304e+04
 2.90500  8.57453535e+04
 2.91000  8.57793825e+04
 2.91500  8.58131204e+04
 2.92000  8.58465702e+04
 2.92500  8.58797349e+04
 2.93000  8.59126172e+04
 2.93500  8.59452203e+04
 2.94000  8.59775467e+04
 2.94500  8.60095995e+04
 2.95000  8.60413813e+04
 2.95500  8.60728949e+04
 2.96000  8.61041430e+04
 2.96500  8.61351284e+04
 2.97000  8.61658535e+04
 2.97500  8.61963211e+04
 2.98000  8.62265338e+04
 2.98500  8.62564940e+04
 2.99000  8.62862044e+04
 2.99500  8.63156674e+04
 3.00000  8.63448855e+04
 3.00500  8.63738611e+04
 3.01000  8.64025967e+04
 3.01500  8.64310945e+04
 3.02000  8.64593571e+04
 3.02500  8.64873866e+04
 3.03000  8.65151855e+04
 3.03500  8.65427559e+04
 3.04000  8.65701002e+04
 3.04500  8.65972205e+04
 3.05000  8.66241191e+04
 3.05500  8.66507980e+04
 3.06000  8.66772596e+04
 3.06500  8.67035058e+04
 3.07000  8.67295389e+04
 3.07500  8.67553608e+04
 3.08000  8.67809736e+04
 3.08500  8.68063793e+04
 3.09000  8.68315801e+04
 3.09500  8.68565777e+04
 3.10000  8.68813742e+04
 3.10500  8.69059716e+04
 3.11000  8.69303717e+04
 3.11500  8.69545765e+04
 3.12000  8.69785878e+04
 3.12500  8.70024074e+04
 3.13000  8.70260373e+04
 3.13500  8.70494791e+04
 3.14000  8.70727348e+04
 3.14500  8.70958061e+04
 3.15000  8.71186946e+04
 3.15500  8.71414023e+04
 3.16000  8.71639307e+04
 3.16500  8.71862816e+04
 3.17000  8.72084566e+04
 3.17500  8.72304575e+04
 3.18000  8.72522858e+04
 3.18500  8.72739431e+04
 3.19000  8.72954312e+04
 3.19500  8.73167514e+04
 3.20000  8.73379056e+04
 3.20500  8.73588950e+04
 3.21000  8.73797214e+04
 3.21500  8.74003863e+04
 3.22000  8.74208910e+04
 3.22500  8.74412372e+04
 3.23000  8.74614263e+04
 3.23500  8.74814597e+04
 3.24000  8.75013389e+04
 3.24500  8.75210653e+04
 3.25000  8.75406403e+04
 3.25500  8.75600653e+04
 3.26000  8.75793416e+04
 3.26500  8.75984707e+04
 3.27000  8.76174539e+04
 3.27500  8.76362926e+04
 3.28000  8.76549879e+04
 3.28500  8.76735413e+04
 3.29000  8.76919541e+04
 3.29500  8.77102275e+04
 3.30000  8.77283627e+04
 3.30500  8.77463611e+04
 3.31000  8.77642238e+04
 3.31500  8.77819522e+04
 3.32000  8.77995473e+04
 3.32500  8.78170105e+04
 3.33000  8.78343428e+04
 3.33500  8.78515455e+04
 3.34000  8.78686197e+04
 3.34500  8.78855666e+04
 3.35000  8.79023873e+04
 3.35500  8.79190830e+04
 3.36000  8.79356547e+04
 3.36500  8.79521036e+04
 3.37000  8.79684307e+04
 3.37500  8.79846371e+04
 3.38000  8.80007239e+04
 3.38500  8.80166922e+04
 3.39000  8.80325430e+04
 3.39500  8.80482773e+04
 3.40000  8.80638962e+04
 3.40500  8.80794007e+04
 3.41000  8.80947917e+04
 3.41500  8.81100704e+04
 3.42000  8.81252375e+04
 3.42500  8.81402942e+04
 3.43000  8.81552415e+04
 3.43500  8.81700801e+04
 3.44000  8.81848112e+04
 3.44500  8.81994355e+04
 3.45000  8.82139542e+04
 3.45500  8.82283680e+04
 3.46000  8.82426779e+04
 3.46500  8.82568848e+04
 3.47000  8.82709895e+04
 3.47500  8.82849930e+04
 3.48000  8.82988961e+04
 3.48500  8.83126997e+04
 3.49000  8.83264046e+04
 3.49500  8.83400117e+04
 3.50000  8.83535218e+04
 3.50500  8.83669357e+04
 3.51000  8.83802543e+04
 3.51500  8.83934784e+04
 3.52000  8.84066088e+04
 3.52500  8.84196462e+04
 3.53000  8.84325915e+04
 3.53500  8.84454455e+04
 3.54000  8.84582088e+04
 3.54500  8.84708824e+04
 3.55000  8.84834668e+04
 3.55500  8.84959630e+04
 3.56000  8.85083716e+04
 3.56500  8.85206934e+04
 3.57000  8.85329290e+04
 3.57500  8.85450793e+04
 3.58000  8.85571449e+04
 3.58500  8.85691265e+04
 3.59000  8.85810249e+04
 3.59500  8.85928407e+04
 3.60000  8.86045747e+04
 3.60500  8.86162274e+04
 3.61000  8.86277996e+04
 3.61500  8.86392919e+04
 3.62000  8.86507050e+04
 3.62500  8.86620396e+04
 3.63000  8.86732963e+04
 3.63500  8.86844757e+04
 3.64000  8.86955785e+04
 3.64500  8.87066053e+04
 3.65000  8.87175567e+04
 3.65500  8.87284334e+04
 3.66000  8.87392359e+04
 3.66500  8.87499649e+04
 3.67000  8.87606210e+04
 3.67500  8.87712047e+04
 3.68000  8.87817166e+04
 3.68500  8.87921574e+04
 3.69000  8.88025276e+04
 3.69500  8.88128278e+04
 3.70000  8.88230585e+04
 3.70500  8.88332203e+04
 3.71000  8.88433138e+04
 3.71500  8.88533395e+04
 3.72000  8.88632980e+04
 3.72500  8.88731898e+04
 3.73000  8.88830154e+04
 3.73500  8.88927753e+04
 3.74000  8.89024702e+04
 3.74500  8.89121004e+04
 3.75000  8.89216666e+04
 3.75500  8.89311693e+04
 3.76000  8.89406088e+04
 3.76500  8.89499858e+04
 3.77000  8.89593008e+04
 3.77500  8.89685542e+04
 3.78000  8.89777465e+04
 3.78500  8.89868782e+04
 3.79000  8.89959498e+04
 3.79500  8.90049618e+04
 3.80000  8.90139146e+04
 3.80500  8.90228086e+04
 3.81000  8.90316445e+04
 3.81500  8.90404225e+04
 3.82000  8.90491432e+04
 3.82500  8.90578071e+04
 3.83000  8.90664144e+04
 3.83500  8.90749658e+04
 3.84000  8.90834616e+04
 3.84500  8.90919023e+04
 3.85000  8.91002883e+04
 3.85500  8.91086200e+04
 3.86000  8.91168979e+04
 3.86500  8.91251223e+04
 3.87000  8.91332937e+04
 3.87500  8.91414124e+04
 3.88000  8.91494790e+04
 3.88500  8.91574937e+04
 3.89000  8.91654571e+04
 3.89500  8.91733694e+04
 3.90000  8.91812311e+04
 3.90500  8.91890425e+04
 3.91000  8.91968042e+04
 3.91500  8.92045163e+04
 3.92000  8.92121794e+04
 3.92500  8.92197937e+04
 3.93000  8.92273597e+04
 3.93500  8.92348777e+04
 3.94000  8.92423481e+04
 3.94500  8.92497713e+04
 3.95000  8.92571475e+04
 3.95500  8.92644773e+04
 3.96000  8.92717608e+04
 3.96500  8.92789985e+04
 3.97000  8.92861907e+04
 3.97500  8.92933378e+04
 3.98000  8.93004400e+04
 3.98500  8.93074978e+04
 3.99000  8.93145115e+04
 3.99500  8.93214813e+04
 4.00000  8.93284076e+04
 4.00500  8.93352908e+04
 4.01000  8.93421312e+04
 4.01500  8.93489291e+04
 4.02000  8.93556847e+04
 4.02500  8.93623985e+04
 4.03000  8.93690707e+04
 4.03500  8.93757016e+04
 4.04000  8.93822916e+04
 4.04500  8.93888410e+04
 4.05000  8.93953499e+04
 4.05500  8.94018189e+04
 4.06000  8.94082480e+04
 4.06500  8.94146377e+04
 4.07000  8.94209882e+04
 4.07500  8.94272999e+04
 4.08000  8.94335729e+04
 4.08500  8.94398076e+04
 4.09000  8.94460043e+04
 4.09500  8.94521632e+04
 4.10000  8.94582846e+04
 4.10500  8.94643688e+04
 4.11000  8.94704161e+04
 4.11500  8.94764267e+04
 4.12000  8.94824008e+04
 4.12500  8.94883389e+04
 4.13000  8.94942411e+04
 4.13500  8.95001076e+04
 4.14000  8.95059388e+04
 4.14500  8.95117349e+04
 4.15000  8.95174961e+04
 4.15500  8.95232227e+04
 4.16000  8.95289150e+04
 4.16500  8.95345732e+04
 4.17000  8.95401975e+04
 4.17500  8.95457882e+04
 4.18000  8.95513455e+04
 4.18500  8.95568696e+04
 4.19000  8.95623609e+04
 4.19500  8.95678195e+04
 4.20000  8.95732457e+04
 4.20500  8.95786397e+04
 4.21000  8.95840017e+04
 4.21500  8.95893319e+04
 4.22000  8.95946306e+04
 4.22500  8.95998981e+04
 4.23000  8.96051344e+04
 4.23500  8.96103399e+04
 4.24000  8.96155148e+04
 4.24500  8.96206592e+04
 4.25000  8.96257734e+04
 4.25500  8.96308577e+04
 4.26000  8.96359121e+04
 4.26500  8.96409370e+04
 4.27000  8.96459325e+04
 4.27500  8.96508988e+04
 4.28000  8.96558362e+04
 4.28500  8.96607448e+04
 4.29000  8.96656249e+04
 4.29500  8.96704766e+04
 4.30000  8.96753002e+04
 4.30500  8.96800958e+04
 4.31000  8.96848636e+04
 4.31500  8.96896039e+04
 4.32000  8.96943167e+04
 4.32500  8.96990024e+04
 4.33000  8.97036611e+04
 4.33500  8.97082929e+04
 4.34000  8.97128981e+04
 4.34500  8.97174769e+04
 4.35000  8.97220294e+04
 4.35500  8.97265558e+04
 4.36000  8.97310563e+04
 4.36500  8.97355310e+04
 4.37000  8.97399802e+04
 4.37500  8.97444040e+04
 4.38000  8.97488027e+04
 4.38500  8.97531762e+04
 4.39000  8.97575250e+04
 4.39500  8.97618490e+04
 4.40000  8.97661485e+04
 4.40500  8.97704236e+04
 4.41000  8.97746746e+04
 4.41500  8.97789015e+04
 4.42000  8.97831045e+04
 4.42500  8.97872839e+04
 4.43000  8.97914397e+04
 4.43500  8.97955721e+04
 4.44000  8.97996812e+04
 4.44500  8.98037673e+04
 4.45000  8.98078305e+04
 4.45500  8.98118710e+04
 4.46000  8.98158888e+04
 4.46500  8.98198841e+04
 4.47000  8.98238572e+04
 4.47500  8.98278081e+04
 4.48000  8.98317370e+04
 4.48500  8.98356440e+04
 4.49000  8.98395293e+04
 4.49500  8.98433930e+04
 4.50000  8.98472353e+04
 4.50500  8.98510563e+04
 4.51000  8.98548562e+04
 4.51500  8.98586350e+04
 4.52000  8.98623930e+04
 4.52500  8.98661303e+04
 4.53000  8.98698470e+04
 4.53500  8.98735432e+04
 4.54000  8.98772191e+04
 4.54500  8.98808748e+04
 4.55000  8.98845105e+04
 4.55500  8.98881262e+04
 4.56000  8.98917222e+04
 4.56500  8.98952984e+04
 4.57000  8.98988552e+04
 4.57500  8.99023926e+04
 4.58000  8.99059106e+04
 4.58500  8.99094095e+04
 4.59000  8.99128894e+04
 4.59500  8.99163504e+04
 4.60000  8.99197927e+04
 4.60500  8.99232162e+04
 4.61000  8.99266212e+04
 4.61500  8.99300078e+04
 4.62000  8.99333762e+04
 4.62500  8.99367263e+04
 4.63000  8.99400584e+04
 4.63500  8.99433725e+04
 4.64000  8.99466688e+04
 4.64500  8.99499474e+04
 4.65000  8.99532084e+04
 4.65500  8.99564519e+04
 4.66000  8.99596780e+04
 4.66500  8.99628869e+04
 4.67000  8.99660786e+04
 4.67500  8.99692533e+04
 4.68000  8.99724111e+04
 4.68500  8.99755520e+04
 4.69000  8.99786762e+04
 4.69500  8.99817838e+04
 4.70000  8.99848749e+04
 4.70500  8.99879496e+04
 4.71000  8.99910080e+04
 4.71500  8.99940502e+04
 4.72000  8.99970764e+04
 4.72500  9.00000865e+04
 4.73000  9.00030807e+04
 4.73500  9.00060592e+04
 4.74000  9.00090220e+04
 4.74500  9.00119692e+04
 4.75000  9.00149009e+04
 4.75500  9.00178173e+04
 4.76000  9.00207183e+04
 4.76500  9.00236041e+04
 4.77000  9.00264749e+04
 4.77500  9.00293306e+04
 4.78000  9.00321714e+04
 4.78500  9.00349974e+04
 4.79000  9.00378087e+04
 4.79500  9.00406053e+04
 4.80000  9.00433874e+04
 4.80500  9.00461551e+04
 4.81000  9.00489083e+04
 4.81500  9.00516473e+04
 4.82000  9.00543722e+04
 4.82500  9.00570829e+04
 4.83000  9.00597796e+04
 4.83500  9.00624624e+04
 4.84000  9.00651314e+04
 4.84500  9.00677866e+04
 4.85000  9.00704281e+04
 4.85500  9.00730561e+04
 4.86000  9.00756705e+04
 4.86500  9.00782716e+04
 4.87000  9.00808593e+04
 4.87500  9.00834338e+04
 4.88000  9.00859951e+04
 4.88500  9.00885433e+04
 4.89000  9.00910785e+04
 4.89500  9.00936008e+04
 4.90000  9.00961102e+04
 4.90500  9.00986069e+04
 4.91000  9.01010908e+04
 4.91500  9.01035622e+04
 4.92000  9.01060210e+04
 4.92500  9.01084673e+04
 4.93000  9.01109013e+04
 4.93500  9.01133229e+04
 4.94000  9.01157323e+04
 4.94500  9.01181296e+04
 4.95000  9.01205148e+04
 4.95500  9.01228879e+04
 4.96000  9.01252491e+04
 4.96500  9.01275984e+04
 4.97000  9.01299360e+04
 4.97500  9.01322618e+04
 4.98000  9.01345759e+04
 4.98500  9.01368785e+04
 4.99000  9.01391695e+04
 4.99500  9.01414491e+04
 5.00000  9.01437173e+04
 5.00500  9.01459742e+04
 5.01000  9.01482198e+04
 5.01500  9.01504543e+04
 5.02000  9.01526777e+04
 5.02500  9.01548900e+04
 5.03000  9.01570913e+04
 5.03500  9.01592817e+04
 5.04000  9.01614613e+04
 5.04500  9.01636301e+04
 5.05000  9.01657882e+04
 5.05500  9.01679356e+04
 5.06000  9.01700724e+04
 5.06500  9.01721987e+04
 5.07000  9.01743145e+04
 5.07500  9.01764199e+04
 5.08000  9.01785150e+04
 5.08500  9.01805998e+04
 5.09000  9.01826743e+04
 5.09500  9.01847387e+04
 5.10000  9.01867930e+04
 5.10500  9.01888372e+04
 5.11000  9.01908715e+04
 5.11500  9.01928958e+04
 5.12000  9.01949103e+04
 5.12500  9.01969149e+04
 5.13000  9.01989098e+04
 5.13500  9.02008950e+04
 5.14000  9.02028705e+04
 5.14500  9.02048365e+04
 5.15000  9.02067929e+04
 5.15500  9.02087399e+04
 5.16000  9.02106774e+04
 5.16500  9.02126056e+04
 5.17000  9.02145245e+04
 5.17500  9.02164341e+04
 5.18000  9.02183345e+04
 5.18500  9.02202257e+04
 5.19000  9.02221079e+04
 5.19500  9.02239810e+04
 5.20000  9.02258451e+04
 5.20500  9.02277003e+04
 5.21000  9.02295466e+04
 5.21500  9.02313840e+04
 5.22000  9.02332127e+04
 5.22500  9.02350326e+04
 5.23000  9.02368439e+04
 5.23500  9.02386465e+04
 5.24000  9.02404405e+04
 5.24500  9.02422260e+04
 5.25000  9.02440030e+04
 5.25500  9.02457715e+04
 5.26000  9.02475317e+04
 5.26500  9.02492835e+04
 5.27000  9.02510270e+04
 5.27500  9.02527622e+04
 5.28000  9.02544893e+04
 5.28500  9.02562082e+04
 5.29000  9.02579190e+04
 5.29500  9.02596217e+04
 5.30000  9.02613164e+04
 5.30500  9.02630031e+04
 5.31000  9.02646819e+04
 5.31500  9.02663528e+04
 5.32000  9.02680159e+04
 5.32500  9.02696711e+04
 5.33000  9.02713186e+04
 5.33500  9.02729584e+04
 5.34000  9.02745906e+04
 5.34500  9.02762151e+04
 5.35000  9.02778320e+04
 5.35500  9.02794414e+04
 5.36000  9.02810433e+04
 5.36500  9.02826378e+04
 5.37000  9.02842248e+04
 5.37500  9.02858045e+04
 5.38000  9.02873768e+04
 5.38500  9.02889419e+04
 5.39000  9.02904997e+04
 5.39500  9.02920502e+04
 5.40000  9.02935937e+04
 5.40500  9.02951299e+04
 5.41000  9.02966591e+04
 5.41500  9.02981813e+04
 5.42000  9.02996964e+04
 5.42500  9.03012046e+04
 5.43000  9.03027058e+04
 5.43500  9.03042002e+04
 5.44000  9.03056876e+04
 5.44500  9.03071683e+04
 5.45000  9.03086422e+04
 5.45500  9.03101093e+04
 5.46000  9.03115697e+04
 5.46500  9.03130235e+04
 5.47000  9.03144706e+04
 5.47500  9.03159111e+04
 5.48000  9.03173450e+04
 5.48500  9.03187725e+04
 5.49000  9.03201934e+04
 5.49500  9.03216079e+04
 5.50000  9.03230159e+04
 5.50500  9.03244176e+04
 5.51000  9.03258129e+04
 5.51500  9.03272019e+04
 5.52000  9.03285847e+04
 5.52500  9.03299611e+04
 5.53000  9.03313314e+04
 5.53500  9.03326955e+04
 5.54000  9.03340534e+04
 5.54500  9.03354052e+04
 5.55000  9.03367510e+04
 5.55500  9.03380907e+04
 5.56000  9.03394243e+04
 5.56500  9.03407520e+04
 5.57000  9.03420738e+04
 5.57500  9.03433896e+04
 5.58000  9.03446995e+04
 5.58500  9.03460036e+04
 5.59000  9.03473018e+04
 5.59500  9.03485943e+04
 5.60000  9.03498810e+04
 5.60500  9.03511620e+04
 5.61000  9.03524372e+04
 5.61500  9.03537068e+04
 5.62000  9.03549708e+04
 5.62500  9.03562291e+04
 5.63000  9.03574819e+04
 5.63500  9.03587291e+04
 5.64000  9.03599708e+04
 5.64500  9.03612070e+04
 5.65000  9.03624377e+04
 5.65500  9.03636630e+04
 5.66000  9.03648829e+04
 5.66500  9.03660974e+04
 5.67000  9.03673066e+04
 5.67500  9.03685105e+04
 5.68000  9.03697090e+04
 5.68500  9.03709023e+04
 5.69000  9.03720904e+04
 5.69500  9.03732732e+04
 5.70000  9.03744509e+04
 5.70500  9.03756234e+04
 5.71000  9.03767908e+04
 5.71500  9.03779531e+04
 5.72000  9.03791103e+04
 5.72500  9.03802625e+04
 5.73000  9.03814097e+04
 5.73500  9.03825518e+04
 5.74000  9.03836890e+04
 5.74500  9.03848213e+04
 5.75000  9.03859486e+04
 5.75500  9.03870710e+04
 5.76000  9.03881886e+04
 5.76500  9.03893014e+04
 5.77000  9.03904093e+04
 5.77500  9.03915124e+04
 5.78000  9.03926108e+04
 5.78500  9.03937044e+04
 5.79000  9.03947933e+04
 5.79500  9.03958775e+04
 5.80000  9.03969571e+04
 5.80500  9.03980320e+04
 5.81000  9.03991023e+04
 5.81500  9.04001680e+04
 5.82000  9.04012291e+04
 5.82500  9.04022856e+04
 5.83000  9.04033377e+04
 5.83500  9.04043852e+04
 5.84000  9.04054283e+04
 5.84500  9.04064669e+04
 5.85000  9.04075011e+04
 5.85500  9.04085309e+04
 5.86000  9.04095562e+04
 5.86500  9.04105773e+04
 5.87000  9.04115939e+04
 5.87500  9.04126063e+04
 5.88000  9.04136143e+04
 5.88500  9.04146181e+04
 5.89000  9.04156176e+04
 5.89500  9.04166129e+04
 5.90000  9.04176040e+04
 5.90500  9.04185909e+04
 5.91000  9.04195736e+04
 5.91500  9.04205522e+04
 5.92000  9.04215266e+04
 5.92500  9.04224969e+04
 5.93000  9.04234632e+04
 5.93500  9.04244254e+04
 5.94000  9.04253835e+04
 5.94500  9.04263376e+04
 5.95000  9.04272877e+04
 5.95500  9.04282339e+04
 5.96000  9.04291760e+04
 5.96500  9.04301143e+04
 5.97000  9.04310485e+04
 5.97500  9.04319789e+04
 5.98000  9.04329054e+04
 5.98500  9.04338281e+04
 5.99000  9.04347469e+04
 5.99500  9.04356619e+04
 6.00000  9.04365730e+04
 6.00500  9.04374804e+04
 6.01000  9.04383840e+04
 6.01500  9.04392838e+04
 6.02000  9.04401800e+04
 6.02500  9.04410724e+04
 6.03000  9.04419611e+04
 6.03500  9.04428461e+04
 6.04000  9.04437275e+04
 6.04500  9.04446052e+04
 6.05000  9.04454793e+04
 6.05500  9.04463498e+04
 6.06000  9.04472168e+04
 6.06500  9.04480801e+04
 6.07000  9.04489399e+04
 6.07500  9.04497962e+04
 6.08000  9.04506489e+04
 6.08500  9.04514982e+04
 6.09000  9.04523439e+04
 6.09500  9.04531863e+04
 6.10000  9.04540251e+04
 6.10500  9.04548605e+04
 6.11000  9.04556925e+04
 6.11500  9.04565212e+04
 6.12000  9.04573464e+04
 6.12500  9.04581683e+04
 6.13000  9.04589868e+04
 6.13500  9.04598020e+04
 6.14000  9.04606138e+04
 6.14500  9.04614224e+04
 6.15000  9.04622277e+04
 6.15500  9.04630297e+04
 6.16000  9.04638285e+04
 6.16500  9.04646241e+04
 6.17000  9.04654164e+04
 6.17500  9.04662055e+04
 6.18000  9.04669914e+04
 6.18500  9.04677742e+04
 6.19000  9.04685538e+04
 6.19500  9.04693302e+04
 6.20000  9.04701036e+04
 6.20500  9.04708738e+04
 6.21000  9.04716409e+04
 6.21500  9.04724049e+04
 6.22000  9.04731659e+04
 6.22500  9.04739238e+04
 6.23000  9.04746787e+04
 6.23500  9.04754306e+04
 6.24000  9.04761794e+04
 6.24500  9.04769253e+04
 6.25000  9.04776681e+04
 6.25500  9.04784080e+04
 6.26000  9.04791450e+04
 6.26500  9.04798790e+04
 6.27000  9.04806101e+04
 6.27500  9.04813383e+04
 6.28000  9.04820636e+04
 6.28500  9.04827860e+04
 6.29000  9.04835055e+04
 6.29500  9.04842222e+04
 6.30000  9.04849361e+04
 6.30500  9.04856471e+04
 6.31000  9.04863553e+04
 6.31500  9.04870607e+04
 6.32000  9.04877633e+04
 6.32500  9.04884632e+04
 6.33000  9.04891603e+04
 6.33500  9.04898546e+04
 6.34000  9.04905462e+04
 6.34500  9.04912351e+04
 6.35000  9.04919213e+04
 6.35500  9.04926047e+04
 6.36000  9.04932855e+04
 6.36500  9.04939637e+04
 6.37000  9.04946391e+04
 6.37500  9.04953119e+04
 6.38000  9.04959821e+04
 6.38500  9.04966497e+04
 6.39000  9.04973146e+04
 6.39500  9.04979770e+04
 6.40000  9.04986368e+04
 6.40500  9.04992940e+04
 6.41000  9.04999486e+04
 6.41500  9.05006007e+04
 6.42000  9.05012503e+04
 6.42500  9.05018973e+04
 6.43000  9.05025418e+04
 6.43500  9.05031838e+04
 6.44000  9.05038234e+04
 6.44500  9.05044604e+04
 6.45000  9.05050950e+04
 6.45500  9.05057271e+04
 6.46000  9.05063568e+04
 6.46500  9.05069841e+04
 6.47000  9.05076089e+04
 6.47500  9.05082313e+04
 6.48000  9.05088513e+04
 6.48500  9.05094690e+04
 6.49000  9.05100842e+04
 6.49500  9.05106971e+04
 6.50000  9.05113077e+04
 6.50500  9.05119159e+04
 6.51000  9.05125217e+04
 6.51500  9.05131253e+04
 6.52000  9.05137265e+04
 6.52500  9.05143255e+04
 6.53000  9.05149221e+04
 6.53500  9.05155165e+04
 6.54000  9.05161085e+04
 6.54500  9.05166984e+04
 6.55000  9.05172860e+04
 6.55500  9.05178713e+04
 6.56000  9.05184544e+04
 6.56500  9.05190353e+04
 6.57000  9.05196140e+04
 6.57500  9.05201905e+04
 6.58000  9.05207648e+04
 6.58500  9.05213369e+04
 6.59000  9.05219069e+04
 6.59500  9.05224747e+04
 6.60000  9.05230403e+04
 6.60500  9.05236039e+04
 6.61000  9.05241652e+04
 6.61500  9.05247245e+04
 6.62000  9.05252817e+04
 6.62500  9.05258367e+04
 6.63000  9.05263897e+04
 6.63500  9.05269406e+04
 6.64000  9.05274894e+04
 6.64500  9.05280361e+04
 6.65000  9.05285808e+04
 6.65500  9.05291235e+04
 6.66000  9.05296641e+04
 6.66500  9.05302027e+04
 6.67000  9.05307393e+04
 6.67500  9.05312738e+04
 6.68000  9.05318064e+04
 6.68500  9.05323370e+04
 6.69000  9.05328656e+04
 6.69500  9.05333922e+04
 6.70000  9.05339169e+04
 6.70500  9.05344396e+04
 6.71000  9.05349604e+04
 6.71500  9.05354792e+04
 6.72000  9.05359961e+04
 6.72500  9.05365111e+04
 6.73000  9.05370241e+04
 6.73500  9.05375353e+04
 6.74000  9.05380446e+04
 6.74500  9.05385520e+04
 6.75000  9.05390575e+04
 6.75500  9.05395611e+04
 6.76000  9.05400629e+04
 6.76500  9.05405628e+04
 6.77000  9.05410609e+04
 6.77500  9.05415572e+04
 6.78000  9.05420516e+04
 6.78500  9.05425442e+04
 6.79000  9.05430350e+04
 6.79500  9.05435240e+04
 6.80000  9.05440112e+04
 6.80500  9.05444966e+04
 6.81000  9.05449802e+04
 6.81500  9.05454621e+04
 6.82000  9.05459422e+04
 6.82500  9.05464205e+04
 6.83000  9.05468971e+04
 6.83500  9.05473719e+04
 6.84000  9.05478450e+04
 6.84500  9.05483164e+04
 6.85000  9.05487861e+04
 6.85500  9.05492540e+04
 6.86000  9.05497203e+04
 6.86500  9.05501848e+04
 6.87000  9.05506477e+04
 6.87500  9.05511089e+04
 6.88000  9.05515684e+04
 6.88500  9.05520262e+04
 6.89000  9.05524824e+04
 6.89500  9.05529369e+04
 6.90000  9.05533898e+04
 6.90500  9.05538411e+04
 6.91000  9.05542907e+04
 6.91500  9.05547387e+04
 6.92000  9.05551850e+04
 6.92500  9.05556298e+04
 6.93000  9.05560730e+04
 6.93500  9.05565145e+04
 6.94000  9.05569545e+04
 6.94500  9.05573929e+04
 6.95000  9.05578297e+04
 6.95500  9.05582650e+04
 6.96000  9.05586987e+04
 6.96500  9.05591308e+04
 6.97000  9.05595614e+04
 6.97500  9.05599904e+04
 6.98000  9.05604180e+04
 6.98500  9.05608439e+04
 6.99000  9.05612684e+04
 6.99500  9.05616913e+04
 7.00000  9.05621128e+04
 7.00500  9.05625327e+04
 7.01000  9.05629512e+04
 7.01500  9.05633681e+04
 7.02000  9.05637836e+04
 7.02500  9.05641976e+04
 7.03000  9.05646101e+04
 7.03500  9.05650211e+04
 7.04000  9.05654307e+04
 7.04500  9.05658389e+04
 7.05000  9.05662456e+04
 7.05500  9.05666508e+04
 7.06000  9.05670546e+04
 7.06500  9.05674570e+04
 7.07000  9.05678580e+04
 7.07500  9.05682576e+04
 7.08000  9.05686557e+04
 7.08500  9.05690525e+04
 7.09000  9.05694478e+04
 7.09500  9.05698418e+04
 7.10000  9.05702343e+04
 7.10500  9.05706255e+04
 7.11000  9.05710154e+04
 7.11500  9.05714038e+04
 7.12000  9.05717909e+04
 7.12500  9.05721766e+04
 7.13000  9.05725610e+04
 7.13500  9.05729440e+04
 7.14000  9.05733257e+04
 7.14500  9.05737061e+04
 7.15000  9.05740851e+04
 7.15500  9.05744628e+04
 7.16000  9.05748392e+04
 7.16500  9.05752143e+04
 7.17000  9.05755881e+04
 7.17500  9.05759605e+04
 7.18000  9.05763317e+04
 7.18500  9.05767016e+04
 7.19000  9.05770702e+04
 7.19500  9.05774375e+04
 7.20000  9.05778036e+04
 7.20500  9.05781684e+04
 7.21000  9.05785319e+04
 7.21500  9.05788941e+04
 7.22000  9.05792551e+04
 7.22500  9.05796149e+04
 7.23000  9.05799734e+04
 7.23500  9.05803307e+04
 7.24000  9.05806867e+04
 7.24500  9.05810415e+04
 7.25000  9.05813951e+04
 7.25500  9.05817475e+04
 7.26000  9.05820987e+04
 7.26500  9.05824486e+04
 7.27000  9.05827974e+04
 7.27500  9.05831450e+04
 7.28000  9.05834913e+04
 7.28500  9.05838365e+04
 7.29000  9.05841805e+04
 7.29500  9.05845233e+04
 7.30000  9.05848650e+04
 7.30500  9.05852054e+04
 7.31000  9.05855448e+04
 7.31500  9.05858829e+04
 7.32000  9.05862199e+04
 7.32500  9.05865558e+04
 7.33000  9.05868905e+04
 7.33500  9.05872240e+04
 7.34000  9.05875565e+04
 7.34500  9.05878878e+04
 7.35000  9.05882180e+04
 7.35500  9.05885470e+04
 7.36000  9.05888750e+04
 7.36500  9.05892018e+04
 7.37000  9.05895275e+04
 7.37500  9.05898521e+04
 7.38000  9.05901756e+04
 7.38500  9.05904981e+04
 7.39000  9.05908194e+04
 7.39500  9.05911397e+04
 7.40000  9.05914588e+04
 7.40500  9.05917769e+04
 7.41000  9.05920939e+04
 7.41500  9.05924099e+04
 7.42000  9.05927248e+04
 7.42500  9.05930386e+04
 7.43000  9.05933514e+04
 7.43500  9.05936631e+04
 7.44000  9.05939738e+04
 7.44500  9.05942834e+04
 7.45000  9.05945920e+04
 7.45500  9.05948996e+04
 7.46000  9.05952061e+04
 7.46500  9.05955116e+04
 7.47000  9.05958161e+04
 7.47500  9.05961196e+04
 7.48000  9.05964221e+04
 7.48500  9.05967235e+04
 7.49000  9.05970239e+04
 7.49500  9.05973234e+04
 7.50000  9.05976218e+04
 7.50500  9.05979193e+04
 7.51000  9.05982157e+04
 7.51500  9.05985112e+04
 7.52000  9.05988057e+04
 7.52500  9.05990992e+04
 7.53000  9.05993918e+04
 7.53500  9.05996834e+04
 7.54000  9.05999740e+04
 7.54500  9.06002636e+04
 7.55000  9.06005523e+04
 7.55500  9.06008400e+04
 7.56000  9.06011268e+04
 7.56500  9.06014127e+04
 7.57000  9.06016976e+04
 7.57500  9.06019815e+04
 7.58000  9.06022645e+04
 7.58500  9.06025466e+04
 7.59000  9.06028278e+04
 7.59500  9.06031080e+04
 7.60000  9.06033873e+04
 7.60500  9.06036657e+04
 7.61000  9.06039432e+04
 7.61500  9.06042198e+04
 7.62000  9.06044954e+04
 7.62500  9.06047702e+04
 7.63000  9.06050441e+04
 7.63500  9.06053170e+04
 7.64000  9.06055891e+04
 7.64500  9.06058603e+04
 7.65000  9.06061306e+04
 7.65500  9.06064000e+04
 7.66000  9.06066686e+04
 7.66500  9.06069362e+04
 7.67000  9.06072030e+04
 7.67500  9.06074690e+04
 7.68000  9.06077340e+04
 7.68500  9.06079982e+04
 7.69000  9.06082616e+04
 7.69500  9.06085241e+04
 7.70000  9.06087857e+04
 7.70500  9.06090465e+04
 7.71000  9.06093064e+04
 7.71500  9.06095655e+04
 7.72000  9.06098238e+04
 7.72500  9.06100812e+04
 7.73000  9.06103378e+04
 7.73500  9.06105936e+04
 7.74000  9.06108485e+04
 7.74500  9.06111026e+04
 7.75000  9.06113559e+04
 7.75500  9.06116084e+04
 7.76000  9.06118601e+04
 7.76500  9.06121110e+04
 7.77000  9.06123610e+04
 7.77500  9.06126103e+04
 7.78000  9.06128587e+04
 7.78500  9.06131064e+04
 7.79000  9.06133533e+04
 7.79500  9.06135993e+04
 7.80000  9.06138446e+04
 7.80500  9.06140891e+04
 7.81000  9.06143328e+04
 7.81500  9.06145758e+04
 7.82000  9.06148179e+04
 7.82500  9.06150593e+04
 7.83000  9.06152999e+04
 7.83500  9.06155398e+04
 7.84000  9.06157789e+04
 7.84500  9.06160172e+04
 7.85000  9.06162548e+04
 7.85500  9.06164916e+04
 7.86000  9.06167277e+04
 7.86500  9.06169630e+04
 7.87000  9.06171975e+04
 7.87500  9.06174313e+04
 7.88000  9.06176644e+04
 7.88500  9.06178968e+04
 7.89000  9.06181284e+04
 7.89500  9.06183592e+04
 7.90000  9.06185894e+04
 7.90500  9.06188188e+04
 7.91000  9.06190475e+04
 7.91500  9.06192755e+04
 7.92000  9.06195027e+04
 7.92500  9.06197293e+04
 7.93000  9.06199551e+04
 7.93500  9.06201802e+04
 7.94000  9.06204046e+04
 7.94500  9.06206283e+04
 7.95000  9.06208513e+04
 7.95500  9.06210736e+04
 7.96000  9.06212952e+04
 7.96500  9.06215161e+04
 7.97000  9.06217363e+04
 7.97500  9.06219558e+04
 7.98000  9.06221746e+04
 7.98500  9.06223928e+04
 7.99000  9.06226102e+04
 7.99500  9.06228270e+04
 8.00000  9.06230431e+04
 8.00500  9.06232586e+04
 8.01000  9.06234733e+04
 8.01500  9.06236874e+04
 8.02000  9.06239009e+04
 8.02500  9.06241136e+04
 8.03000  9.06243257e+04
 8.03500  9.06245372e+04
 8.04000  9.06247480e+04
 8.04500  9.06249581e+04
 8.05000  9.06251676e+04
 8.05500  9.06253764e+04
 8.06000  9.06255846e+04
 8.06500  9.06257921e+04
 8.07000  9.06259990e+04
 8.07500  9.06262053e+04
 8.08000  9.06264109e+04
 8.08500  9.06266159e+04
 8.09000  9.06268202e+04
 8.09500  9.06270239e+04
 8.10000  9.06272270e+04
 8.10500  9.06274295e+04
 8.11000  9.06276313e+04
 8.11500  9.06278326e+04
 8.12000  9.06280332e+04
 8.12500  9.06282332e+04
 8.13000  9.06284325e+04
 8.13500  9.06286313e+04
 8.14000  9.06288294e+04
 8.14500  9.06290270e+04
 8.15000  9.06292239e+04
 8.15500  9.06294202e+04
 8.16000  9.06296160e+04
 8.16500  9.06298111e+04
 8.17000  9.06300056e+04
 8.17500  9.06301996e+04
 8.18000  9.06303929e+04
 8.18500  9.06305857e+04
 8.19000  9.06307779e+04
 8.19500  9.06309695e+04
 8.20000  9.06311605e+04
 8.20500  9.06313509e+04
 8.21000  9.06315407e+04
 8.21500  9.06317300e+04
 8.22000  9.06319187e+04
 8.22500  9.06321068e+04
 8.23000  9.06322943e+04
 8.23500  9.06324813e+04
 8.24000  9.06326677e+04
 8.24500  9.06328536e+04
 8.25000  9.06330388e+04
 8.25500  9.06332236e+04
 8.26000  9.06334077e+04
 8.26500  9.06335913e+04
 8.27000  9.06337744e+04
 8.27500  9.06339569e+04
 8.28000  9.06341388e+04
 8.28500  9.06343202e+04
 8.29000  9.06345011e+04
 8.29500  9.06346814e+04
 8.30000  9.06348612e+04
 8.30500  9.06350404e+04
 8.31000  9.06352191e+04
 8.31500  9.06353972e+04
 8.32000  9.06355749e+04
 8.32500  9.06357519e+04
 8.33000  9.06359285e+04
 8.33500  9.06361045e+04
 8.34000  9.06362800e+04
 8.34500  9.06364550e+04
 8.35000  9.06366294e+04
 8.35500  9.06368034e+04
 8.36000  9.06369768e+04
 8.36500  9.06371496e+04
 8.37000  9.06373220e+04
 8.37500  9.06374939e+04
 8.38000  9.06376652e+04
 8.38500  9.06378361e+04
 8.39000  9.06380064e+04
 8.39500  9.06381762e+04
 8.40000  9.06383455e+04
 8.40500  9.06385143e+04
 8.41000  9.06386826e+04
 8.41500  9.06388505e+04
 8.42000  9.06390178e+04
 8.42500  9.06391846e+04
 8.43000  9.06393509e+04
 8.43500  9.06395167e+04
 8.44000  9.06396821e+04
 8.44500  9.06398469e+04
 8.45000  9.06400113e+04
 8.45500  9.06401752e+04
 8.46000  9.06403386e+04
 8.46500  9.06405015e+04
 8.47000  9.06406639e+04
 8.47500  9.06408259e+04
 8.48000  9.06409873e+04
 8.48500  9.06411483e+04
 8.49000  9.06413089e+04
 8.49500  9.06414689e+04
 8.50000  9.06416285e+04
 8.50500  9.06417876e+04
 8.51000  9.06419463e+04
 8.51500  9.06421045e+04
 8.52000  9.06422622e+04
 8.52500  9.06424194e+04
 8.53000  9.06425762e+04
 8.53500  9.06427326e+04
 8.54000  9.06428884e+04
 8.54500  9.06430439e+04
 8.55000  9.06431988e+04
 8.55500  9.06433534e+04
 8.56000  9.06435074e+04
 8.56500  9.06436611e+04
 8.57000  9.06438142e+04
 8.57500  9.06439669e+04
 8.58000  9.06441192e+04
 8.58500  9.06442711e+04
 8.59000  9.06444225e+04
 8.59500  9.06445734e+04
 8.60000  9.06447239e+04
 8.60500  9.06448740e+04
 8.61000  9.06450237e+04
 8.61500  9.06451729e+04
 8.62000  9.06453216e+04
 8.62500  9.06454700e+04
 8.63000  9.06456179e+04
 8.63500  9.06457654e+04
 8.64000  9.06459125e+04
 8.64500  9.06460591e+04
 8.65000  9.06462053e+04
 8.65500  9.06463511e+04
 8.66000  9.06464965e+04
 8.66500  9.06466414e+04
 8.67000  9.06467860e+04
 8.67500  9.06469301e+04
 8.68000  9.06470738e+04
 8.68500  9.06472171e+04
 8.69000  9.06473600e+04
 8.69500  9.06475024e+04
 8.70000  9.06476445e+04
 8.70500  9.06477862e+04
 8.71000  9.06479274e+04
 8.71500  9.06480682e+04
 8.72000  9.06482087e+04
 8.72500  9.06483487e+04
 8.73000  9.06484884e+04
 8.73500  9.06486276e+04
 8.74000  9.06487664e+04
 8.74500  9.06489049e+04
 8.75000  9.06490429e+04
 8.75500  9.06491806e+04
 8.76000  9.06493178e+04
 8.76500  9.06494547e+04
 8.77000  9.06495912e+04
 8.77500  9.06497273e+04
 8.78000  9.06498630e+04
 8.78500  9.06499983e+04
 8.79000  9.06501332e+04
 8.79500  9.06502678e+04
 8.80000  9.06504019e+04
 8.80500  9.06505357e+04
 8.81000  9.06506691e+04
 8.81500  9.06508022e+04
 8.82000  9.06509348e+04
 8.82500  9.06510671e+04
 8.83000  9.06511990e+04
 8.83500  9.06513305e+04
 8.84000  9.06514617e+04
 8.84500  9.06515925e+04
 8.85000  9.06517229e+04
 8.85500  9.06518530e+04
 8.86000  9.06519826e+04
 8.86500  9.06521120e+04
 8.87000  9.06522409e+04
 8.87500  9.06523695e+04
 8.88000  9.06524977e+04
 8.88500  9.06526256e+04
 8.89000  9.06527531e+04
 8.89500  9.06528803e+04
 8.90000  9.06530071e+04
 8.90500  9.06531335e+04
 8.91000  9.06532596e+04
 8.91500  9.06533853e+04
 8.92000  9.06535107e+04
 8.92500  9.06536357e+04
 8.93000  9.06537604e+04
 8.93500  9.06538848e+04
 8.94000  9.06540087e+04
 8.94500  9.06541324e+04
 8.95000  9.06542557e+04
 8.95500  9.06543786e+04
 8.96000  9.06545012e+04
 8.96500  9.06546235e+04
 8.97000  9.06547454e+04
 8.97500  9.06548670e+04
 8.98000  9.06549882e+04
 8.98500  9.06551092e+04
 8.99000  9.06552297e+04
 8.99500  9.06553500e+04
 9.00000  9.06554699e+04
 9.00500  9.06555894e+04
 9.01000  9.06557087e+04
 9.01500  9.06558276e+04
 9.02000  9.06559462e+04
 9.02500  9.06560644e+04
 9.03000  9.06561824e+04
 9.03500  9.06563000e+04
 9.04000  9.06564172e+04
 9.04500  9.06565342e+04
 9.05000  9.06566508e+04
 9.05500  9.06567671e+04
 9.06000  9.06568831e+04
 9.06500  9.06569988e+04
 9.07000  9.06571141e+04
 9.07500  9.06572291e+04
 9.08000  9.06573439e+04
 9.08500  9.06574583e+04
 9.09000  9.06575723e+04
 9.09500  9.06576861e+04
 9.10000  9.06577996e+04
 9.10500  9.06579127e+04
 9.11000  9.06580256e+04
 9.11500  9.06581381e+04
 9.12000  9.06582503e+04
 9.12500  9.06583622e+04
 9.13000  9.06584738e+04
 9.13500  9.06585851e+04
 9.14000  9.06586961e+04
 9.14500  9.06588068e+04
 9.15000  9.06589172e+04
 9.15500  9.06590273e+04
 9.16000  9.06591371e+04
 9.16500  9.06592466e+04
 9.17000  9.06593558e+04
 9.17500  9.06594647e+04
 9.18000  9.06595733e+04
 9.18500  9.06596816e+04
 9.19000  9.06597896e+04
 9.19500  9.06598973e+04
 9.20000  9.06600047e+04
 9.20500  9.06601118e+04
 9.21000  9.06602187e+04
 9.21500  9.06603252e+04
 9.22000  9.06604315e+04
 9.22500  9.06605375e+04
 9.23000  9.06606432e+04
 9.23500  9.06607486e+04
 9.24000  9.06608537e+04
 9.24500  9.06609585e+04
 9.25000  9.06610631e+04
 9.25500  9.06611673e+04
 9.26000  9.06612713e+04
 9.26500  9.06613750e+04
 9.27000  9.06614785e+04
 9.27500  9.06615816e+04
 9.28000  9.06616845e+04
 9.28500  9.06617871e+04
 9.29000  9.06618894e+04
 9.29500  9.06619914e+04
 9.30000  9.06620932e+04
 9.30500  9.06621947e+04
 9.31000  9.06622959e+04
 9.31500  9.06623969e+04
 9.32000  9.06624975e+04
 9.32500  9.06625980e+04
 9.33000  9.06626981e+04
 9.33500  9.06627980e+04
 9.34000  9.06628976e+04
 9.34500  9.06629969e+04
 9.35000  9.06630960e+04
 9.35500  9.06631948e+04
 9.36000  9.06632934e+04
 9.36500  9.06633916e+04
 9.37000  9.06634897e+04
 9.37500  9.06635874e+04
 9.38000  9.06636849e+04
 9.38500  9.06637822e+04
 9.39000  9.06638792e+04
 9.39500  9.06639759e+04
 9.40000  9.06640724e+04
 9.40500  9.06641686e+04
 9.41000  9.06642645e+04
 9.41500  9.06643602e+04
 9.42000  9.06644557e+04
 9.42500  9.06645509e+04
 9.43000  9.06646458e+04
 9.43500  9.06647405e+04
 9.44000  9.06648349e+04
 9.44500  9.06649291e+04
 9.45000  9.06650231e+04
 9.45500  9.06651168e+04
 9.46000  9.06652102e+04
 9.46500  9.06653034e+04
 9.47000  9.06653964e+04
 9.47500  9.06654891e+04
 9.48000  9.06655815e+04
 9.48500  9.06656738e+04
 9.49000  9.06657657e+04
 9.49500  9.06658575e+04
 9.50000  9.06659490e+04
 9.50500  9.06660402e+04
 9.51000  9.06661312e+04
 9.51500  9.06662220e+04
 9.52000  9.06663126e+04
 9.52500  9.06664029e+04
 9.53000  9.06664929e+04
 9.53500  9.06665828e+04
 9.54000  9.06666723e+04
 9.54500  9.06667617e+04
 9.55000  9.06668508e+04
 9.55500  9.06669397e+04
 9.56000  9.06670284e+04
 9.56500  9.06671168e+04
 9.57000  9.06672050e+04
 9.57500  9.06672930e+04
 9.58000  9.06673807e+04
 9.58500  9.06674682e+04
 9.59000  9.06675555e+04
 9.59500  9.06676426e+04
 9.60000  9.06677294e+04
 9.60500  9.06678160e+04
 9.61000  9.06679024e+04
 9.61500  9.06679885e+04
 9.62000  9.06680744e+04
 9.62500  9.06681601e+04
 9.63000  9.06682456e+04
 9.63500  9.06683309e+04
 9.64000  9.06684159e+04
 9.64500  9.06685007e+04
 9.65000  9.06685853e+04
 9.65500  9.06686697e+04
 9.66000  9.06687539e+04
 9.66500  9.06688378e+04
 9.67000  9.06689216e+04
 9.67500  9.06690051e+04
 9.68000  9.06690884e+04
 9.68500  9.06691715e+04
 9.69000  9.06692543e+04
 9.69500  9.06693370e+04
 9.70000  9.06694194e+04
 9.70500  9.06695017e+04
 9.71000  9.06695837e+04
 9.71500  9.06696655e+04
 9.72000  9.06697471e+04
 9.72500  9.06698285e+04
 9.73000  9.06699096e+04
 9.73500  9.06699906e+04
 9.74000  9.06700714e+04
 9.74500  9.06701519e+04
 9.75000  9.06702323e+04
 9.75500  9.06703124e+04
 9.76000  9.06703924e+04
 9.76500  9.06704721e+04
 9.77000  9.06705516e+04
 9.77500  9.06706310e+04
 9.78000  9.06707101e+04
 9.78500  9.06707890e+04
 9.79000  9.06708677e+04
 9.79500  9.06709462e+04
 9.80000  9.06710246e+04
 9.80500  9.06711027e+04
 9.81000  9.06711806e+04
 9.81500  9.06712583e+04
 9.82000  9.06713358e+04
 9.82500  9.06714132e+04
 9.83000  9.06714903e+04
 9.83500  9.06715672e+04
 9.84000  9.06716440e+04
 9.84500  9.06717205e+04
 9.85000  9.06717969e+04
 9.85500  9.06718730e+04
 9.86000  9.06719490e+04
 9.86500  9.06720248e+04
 9.87000  9.06721004e+04
 9.87500  9.06721757e+04
 9.88000  9.06722509e+04
 9.88500  9.06723259e+04
 9.89000  9.06724008e+04
 9.89500  9.06724754e+04
 9.90000  9.06725498e+04
 9.90500  9.06726241e+04
 9.91000  9.06726982e+04
 9.91500  9.06727720e+04
 9.92000  9.06728457e+04
 9.92500  9.06729192e+04
 9.93000  9.06729926e+04
 9.93500  9.06730657e+04
 9.94000  9.06731387e+04
 9.94500  9.06732114e+04
 9.95000  9.06732840e+04
 9.95500  9.06733564e+04
 9.96000  9.06734287e+04
 9.96500  9.06735007e+04
 9.97000  9.06735726e+04
 9.97500  9.06736443e+04
 9.98000  9.06737158e+04
 9.98500  9.06737871e+04
 9.99000  9.06738582e+04
 9.99500  9.06739292e+04
10.00000  9.06740000e+04
